0 0.31402439024390244 0.6062291434927697 0.3407012195121951 0.6062291434927697 0.3407012195121951 0.6440489432703004 0.31402439024390244 0.6440489432703004
1 0.32164634146341464 0.7185761957730812 0.33384146341463417 0.7185761957730812 0.33384146341463417 0.7363737486095662 0.32164634146341464 0.7363737486095662
1 0.38033536585365857 0.10789766407119021 0.39176829268292684 0.10789766407119021 0.39176829268292684 0.12569521690767518 0.38033536585365857 0.12569521690767518
1 0.8399390243902439 0.6195773081201335 0.8536585365853658 0.6195773081201335 0.8536585365853658 0.6384872080088988 0.8399390243902439 0.6384872080088988
1 0.32088414634146345 0.19021134593993325 0.3330792682926829 0.19021134593993325 0.3330792682926829 0.20800889877641823 0.32088414634146345 0.20800889877641823
1 0.125 0.2447163515016685 0.13719512195121952 0.2447163515016685 0.13719512195121952 0.26140155728587317 0.125 0.26140155728587317
1 0.4794207317073171 0.3982202447163515 0.4916158536585366 0.3982202447163515 0.4916158536585366 0.41601779755283647 0.4794207317073171 0.41601779755283647
1 0.38033536585365857 0.2625139043381535 0.39176829268292684 0.2625139043381535 0.39176829268292684 0.27919911012235815 0.38033536585365857 0.27919911012235815
1 0.8391768292682927 0.4582869855394883 0.8521341463414634 0.4582869855394883 0.8521341463414634 0.4783092324805339 0.8391768292682927 0.4783092324805339
1 0.4794207317073171 0.6240266963292547 0.49314024390243905 0.6240266963292547 0.49314024390243905 0.6418242491657397 0.4794207317073171 0.6418242491657397
1 0.32088414634146345 0.3459399332591769 0.3330792682926829 0.3459399332591769 0.3330792682926829 0.3626251390433815 0.32088414634146345 0.3626251390433815
2 0.5182926829268293 0.40044493882091214 0.5274390243902439 0.40044493882091214 0.5274390243902439 0.41379310344827586 0.5182926829268293 0.41379310344827586
2 0.8795731707317074 0.46162402669632924 0.888719512195122 0.46162402669632924 0.888719512195122 0.4760845383759733 0.8795731707317074 0.4760845383759733
