0 0.1810436634717785 0.12244897959183675 0.19808306709265178 0.12244897959183675 0.19808306709265178 0.14599686028257458 0.1810436634717785 0.14599686028257458
0 0.5058572949946752 0.31711145996860285 0.5239616613418531 0.31711145996860285 0.5239616613418531 0.3437990580847724 0.5058572949946752 0.3437990580847724
0 0.623003194888179 0.315541601255887 0.6443024494142705 0.315541601255887 0.6443024494142705 0.3437990580847724 0.623003194888179 0.3437990580847724
0 0.6240681576144835 0.12087912087912088 0.643237486687966 0.12087912087912088 0.643237486687966 0.14756671899529042 0.6240681576144835 0.14756671899529042
0 0.17997870074547392 0.31711145996860285 0.19914802981895635 0.31711145996860285 0.19914802981895635 0.3437990580847724 0.17997870074547392 0.3437990580847724
0 0.5058572949946752 0.22919937205651492 0.5250266240681577 0.22919937205651492 0.5250266240681577 0.25745682888540034 0.5058572949946752 0.25745682888540034
0 0.32800851970181044 0.12087912087912088 0.3461128860489883 0.12087912087912088 0.3461128860489883 0.14756671899529042 0.32800851970181044 0.14756671899529042
0 0.7870074547390842 0.12087912087912088 0.8061767838125666 0.12087912087912088 0.8061767838125666 0.14756671899529042 0.7870074547390842 0.14756671899529042
0 0.17997870074547392 0.8618524332810048 0.19808306709265178 0.8618524332810048 0.19808306709265178 0.8869701726844584 0.17997870074547392 0.8869701726844584
0 0.4451544195953142 0.22762951334379908 0.4664536741214058 0.22762951334379908 0.4664536741214058 0.25745682888540034 0.4451544195953142 0.25745682888540034
0 0.5058572949946752 0.6656200941915228 0.5239616613418531 0.6656200941915228 0.5239616613418531 0.6923076923076924 0.5058572949946752 0.6923076923076924
0 0.623003194888179 0.22762951334379908 0.6443024494142705 0.22762951334379908 0.6443024494142705 0.25745682888540034 0.623003194888179 0.25745682888540034
1 0.1810436634717785 0.5384615384615385 0.19914802981895635 0.5384615384615385 0.19914802981895635 0.5667189952904239 0.1810436634717785 0.5667189952904239
0 0.44728434504792336 0.7551020408163266 0.46325878594249204 0.7551020408163266 0.46325878594249204 0.7786499215070644 0.44728434504792336 0.7786499215070644
0 0.623003194888179 0.8602825745682889 0.643237486687966 0.8602825745682889 0.643237486687966 0.8901098901098902 0.623003194888179 0.8901098901098902
0 0.5058572949946752 0.7566718995290425 0.5228966986155485 0.7566718995290425 0.5228966986155485 0.7786499215070644 0.5058572949946752 0.7786499215070644
0 0.32694355697550587 0.22919937205651492 0.3471778487752929 0.22919937205651492 0.3471778487752929 0.25745682888540034 0.32694355697550587 0.25745682888540034
0 0.4451544195953142 0.315541601255887 0.46538871139510124 0.315541601255887 0.46538871139510124 0.3437990580847724 0.4451544195953142 0.3437990580847724
0 0.32694355697550587 0.315541601255887 0.3471778487752929 0.315541601255887 0.3471778487752929 0.34536891679748827 0.32694355697550587 0.34536891679748827
0 0.4451544195953142 0.6640502354788069 0.46538871139510124 0.6640502354788069 0.46538871139510124 0.6923076923076924 0.4451544195953142 0.6923076923076924
0 0.32800851970181044 0.8602825745682889 0.3461128860489883 0.8602825745682889 0.3461128860489883 0.8885400313971743 0.32800851970181044 0.8885400313971743
0 0.7859424920127797 0.8602825745682889 0.8061767838125666 0.8602825745682889 0.8061767838125666 0.8885400313971743 0.7859424920127797 0.8885400313971743
0 0.32800851970181044 0.6640502354788069 0.3461128860489883 0.6640502354788069 0.3461128860489883 0.6923076923076924 0.32800851970181044 0.6923076923076924
0 0.6240681576144835 0.6656200941915228 0.6421725239616614 0.6656200941915228 0.6421725239616614 0.6923076923076924 0.6240681576144835 0.6923076923076924
0 0.7859424920127797 0.6640502354788069 0.8061767838125666 0.6640502354788069 0.8061767838125666 0.6923076923076924 0.7859424920127797 0.6923076923076924
1 0.7870074547390842 0.4960753532182104 0.8061767838125666 0.4960753532182104 0.8061767838125666 0.5227629513343799 0.7870074547390842 0.5227629513343799
2 0.790202342917998 0.9372056514913658 0.8019169329073483 0.9372056514913658 0.8019169329073483 0.9529042386185244 0.790202342917998 0.9529042386185244
2 0.7891373801916933 0.06436420722135008 0.8019169329073483 0.06436420722135008 0.8019169329073483 0.08320251177394035 0.7891373801916933 0.08320251177394035
2 0.7294994675186369 0.3249607535321821 0.7422790202342918 0.3249607535321821 0.7422790202342918 0.3437990580847724 0.7294994675186369 0.3437990580847724
2 0.06389776357827477 0.5196232339089483 0.07880724174653887 0.5196232339089483 0.07880724174653887 0.5416012558869702 0.06389776357827477 0.5416012558869702
2 0.3322683706070288 0.9372056514913658 0.3429179978700746 0.9372056514913658 0.3429179978700746 0.9529042386185244 0.3322683706070288 0.9529042386185244
2 0.3312034078807242 0.06593406593406594 0.3429179978700746 0.06593406593406594 0.3429179978700746 0.08320251177394035 0.3312034078807242 0.08320251177394035
0 0.47284345047923326 0.46781789638932497 0.49414270500532487 0.46781789638932497 0.49414270500532487 0.49764521193092626 0.47284345047923326 0.49764521193092626
2 0.33013844515441965 0.631083202511774 0.3429179978700746 0.631083202511774 0.3429179978700746 0.6499215070643642 0.33013844515441965 0.6499215070643642
2 0.18423855165069225 0.9372056514913658 0.19488817891373802 0.9372056514913658 0.19488817891373802 0.9529042386185244 0.18423855165069225 0.9529042386185244
2 0.3908413205537807 0.13029827315541603 0.4014909478168264 0.13029827315541603 0.4014909478168264 0.14599686028257458 0.3908413205537807 0.14599686028257458
2 0.4494142705005325 0.9372056514913658 0.4611288604898829 0.9372056514913658 0.4611288604898829 0.9529042386185244 0.4494142705005325 0.9529042386185244
2 0.6272630457933973 0.6295133437990581 0.6411075612353568 0.6295133437990581 0.6411075612353568 0.6499215070643642 0.6272630457933973 0.6499215070643642
2 0.6283280085197018 0.06593406593406594 0.6400425985090522 0.06593406593406594 0.6400425985090522 0.08320251177394035 0.6283280085197018 0.08320251177394035
2 0.18317358892438768 0.06593406593406594 0.19488817891373802 0.06593406593406594 0.19488817891373802 0.0816326530612245 0.18317358892438768 0.0816326530612245
2 0.6283280085197018 0.9372056514913658 0.6400425985090522 0.9372056514913658 0.6400425985090522 0.9529042386185244 0.6283280085197018 0.9529042386185244
2 0.4494142705005325 0.06436420722135008 0.4611288604898829 0.06436420722135008 0.4611288604898829 0.08320251177394035 0.4494142705005325 0.08320251177394035
2 0.5079872204472844 0.8037676609105181 0.5207667731629394 0.8037676609105181 0.5207667731629394 0.8226059654631084 0.5079872204472844 0.8226059654631084
2 0.4494142705005325 0.1946624803767661 0.46219382321618746 0.1946624803767661 0.46219382321618746 0.21350078492935637 0.4494142705005325 0.21350078492935637
2 0.44834930777422793 0.8037676609105181 0.46219382321618746 0.8037676609105181 0.46219382321618746 0.8241758241758242 0.44834930777422793 0.8241758241758242
2 0.5101171458998935 0.9372056514913658 0.5207667731629394 0.9372056514913658 0.5207667731629394 0.9529042386185244 0.5101171458998935 0.9529042386185244
2 0.8935037273695422 0.5211930926216641 0.9062832800851971 0.5211930926216641 0.9062832800851971 0.5400313971742543 0.8935037273695422 0.5400313971742543
2 0.3908413205537807 0.5667189952904239 0.402555910543131 0.5667189952904239 0.402555910543131 0.5824175824175825 0.3908413205537807 0.5824175824175825
2 0.509052183173589 0.06593406593406594 0.5207667731629394 0.06593406593406594 0.5207667731629394 0.08320251177394035 0.509052183173589 0.08320251177394035
2 0.509052183173589 0.19623233908948196 0.5228966986155485 0.19623233908948196 0.5228966986155485 0.21507064364207223 0.509052183173589 0.21507064364207223
2 0.18210862619808307 0.6734693877551021 0.19595314164004263 0.6734693877551021 0.19595314164004263 0.6923076923076924 0.18210862619808307 0.6923076923076924
2 0.24387646432374868 0.6718995290423863 0.25772097976570824 0.6718995290423863 0.25772097976570824 0.6923076923076924 0.24387646432374868 0.6923076923076924
2 0.7880724174653888 0.37048665620094196 0.8029818956336529 0.37048665620094196 0.8029818956336529 0.39089481946624804 0.7880724174653888 0.39089481946624804
2 0.38977635782747605 0.869701726844584 0.40362087326943563 0.869701726844584 0.40362087326943563 0.8885400313971743 0.38977635782747605 0.8885400313971743
2 0.5676251331203408 0.5667189952904239 0.5782747603833867 0.5667189952904239 0.5782747603833867 0.5824175824175825 0.5676251331203408 0.5824175824175825
2 0.5686900958466454 0.13029827315541603 0.5793397231096912 0.13029827315541603 0.5793397231096912 0.14599686028257458 0.5686900958466454 0.14599686028257458
2 0.5676251331203408 0.8712715855572999 0.5793397231096912 0.8712715855572999 0.5793397231096912 0.8885400313971743 0.5676251331203408 0.8885400313971743
2 0.18423855165069225 0.7802197802197802 0.19488817891373802 0.7802197802197802 0.19488817891373802 0.794348508634223 0.18423855165069225 0.794348508634223
