0 0.41992882562277584 0.38596491228070173 0.44721233689205225 0.38596491228070173 0.44721233689205225 0.4327485380116959 0.41992882562277584 0.4327485380116959
0 0.2526690391459075 0.38791423001949316 0.2799525504151839 0.38791423001949316 0.2799525504151839 0.4327485380116959 0.2526690391459075 0.4327485380116959
0 0.604982206405694 0.3840155945419103 0.6334519572953737 0.3840155945419103 0.6334519572953737 0.4327485380116959 0.604982206405694 0.4327485380116959
1 0.6073546856465006 0.6432748538011696 0.6298932384341638 0.6432748538011696 0.6298932384341638 0.682261208576998 0.6073546856465006 0.682261208576998
2 0.7935943060498222 0.5224171539961013 0.8137603795966786 0.5224171539961013 0.8137603795966786 0.5555555555555556 0.7935943060498222 0.5555555555555556
2 0.25741399762752076 0.10136452241715399 0.2752075919335706 0.10136452241715399 0.2752075919335706 0.1286549707602339 0.25741399762752076 0.1286549707602339
2 0.4258600237247924 0.10136452241715399 0.4424673784104389 0.10136452241715399 0.4424673784104389 0.1286549707602339 0.4258600237247924 0.1286549707602339
2 0.6097271648873073 0.10136452241715399 0.6275207591933571 0.10136452241715399 0.6275207591933571 0.1286549707602339 0.6097271648873073 0.1286549707602339
2 0.870699881376038 0.5282651072124755 0.8861209964412812 0.5282651072124755 0.8861209964412812 0.5536062378167641 0.870699881376038 0.5536062378167641
2 0.33214709371293005 0.40545808966861596 0.34875444839857656 0.40545808966861596 0.34875444839857656 0.43079922027290446 0.33214709371293005 0.43079922027290446
2 0.5172004744958482 0.2202729044834308 0.534994068801898 0.2202729044834308 0.534994068801898 0.25146198830409355 0.5172004744958482 0.25146198830409355
2 0.6109134045077106 0.8908382066276803 0.6263345195729538 0.8908382066276803 0.6263345195729538 0.9181286549707601 0.6109134045077106 0.9181286549707601
2 0.4246737841043891 0.6471734892787524 0.44483985765124556 0.6471734892787524 0.44483985765124556 0.6783625730994152 0.4246737841043891 0.6783625730994152
2 0.5172004744958482 0.7660818713450293 0.534994068801898 0.7660818713450293 0.534994068801898 0.7953216374269005 0.5172004744958482 0.7953216374269005
2 0.4258600237247924 0.8908382066276803 0.4424673784104389 0.8908382066276803 0.4424673784104389 0.9181286549707601 0.4258600237247924 0.9181286549707601
2 0.4246737841043891 0.34307992202729043 0.4412811387900356 0.34307992202729043 0.4412811387900356 0.37037037037037035 0.4246737841043891 0.37037037037037035
