0 0.5429122468659595 0.7644859813084112 0.5631629701060752 0.7644859813084112 0.5631629701060752 0.8018691588785046 0.5429122468659595 0.8018691588785046
0 0.36162005785920925 0.7607476635514019 0.3828351012536162 0.7607476635514019 0.3828351012536162 0.8018691588785046 0.36162005785920925 0.8018691588785046
0 0.3018322082931533 0.2635514018691589 0.32208293153326906 0.2635514018691589 0.32208293153326906 0.29906542056074764 0.3018322082931533 0.29906542056074764
2 0.12439729990356799 0.19439252336448598 0.13789778206364514 0.19439252336448598 0.13789778206364514 0.2205607476635514 0.12439729990356799 0.2205607476635514
2 0.0626808100289296 0.30654205607476637 0.08003857280617165 0.30654205607476637 0.08003857280617165 0.3401869158878505 0.0626808100289296 0.3401869158878505
0 0.24108003857280613 0.7626168224299066 0.26229508196721313 0.7626168224299066 0.26229508196721313 0.8018691588785046 0.24108003857280613 0.8018691588785046
2 0.7550626808100289 0.5383177570093458 0.772420443587271 0.5383177570093458 0.772420443587271 0.5738317757009346 0.7550626808100289 0.5738317757009346
2 0.42526518804243013 0.5420560747663551 0.44069431051108976 0.5420560747663551 0.44069431051108976 0.5700934579439252 0.42526518804243013 0.5700934579439252
2 0.6788813886210222 0.07476635514018691 0.6943105110896818 0.07476635514018691 0.6943105110896818 0.10467289719626169 0.6788813886210222 0.10467289719626169
2 0.8466730954676953 0.5420560747663551 0.8621022179363549 0.5420560747663551 0.8621022179363549 0.5719626168224299 0.8466730954676953 0.5719626168224299
2 0.9209257473481196 0.5420560747663551 0.9373191899710704 0.5420560747663551 0.9373191899710704 0.5719626168224299 0.9209257473481196 0.5719626168224299
2 0.5448408871745419 0.5401869158878505 0.5612343297974928 0.5401869158878505 0.5612343297974928 0.5719626168224299 0.5448408871745419 0.5719626168224299
0 0.6759884281581485 0.2953271028037383 0.6972034715525555 0.2953271028037383 0.6972034715525555 0.33457943925233646 0.6759884281581485 0.33457943925233646
2 0.6364513018322083 0.07476635514018691 0.6518804243008679 0.07476635514018691 0.6518804243008679 0.102803738317757 0.6364513018322083 0.102803738317757
2 0.24397299903567984 0.5420560747663551 0.25843780135004824 0.5420560747663551 0.25843780135004824 0.5700934579439252 0.24397299903567984 0.5700934579439252
2 0.3056894889103182 0.6598130841121496 0.3191899710703954 0.6598130841121496 0.3191899710703954 0.685981308411215 0.3056894889103182 0.685981308411215
2 0.304725168756027 0.07476635514018691 0.3201542912246866 0.07476635514018691 0.3201542912246866 0.10467289719626169 0.304725168756027 0.10467289719626169
2 0.5458052073288332 0.891588785046729 0.5612343297974928 0.891588785046729 0.5612343297974928 0.9177570093457944 0.5458052073288332 0.9177570093457944
2 0.5458052073288332 0.07476635514018691 0.5612343297974928 0.07476635514018691 0.5612343297974928 0.10467289719626169 0.5458052073288332 0.10467289719626169
2 0.6364513018322083 0.308411214953271 0.6518804243008679 0.308411214953271 0.6518804243008679 0.3383177570093458 0.6364513018322083 0.3383177570093458
2 0.36547733847637415 0.891588785046729 0.3789778206364513 0.891588785046729 0.3789778206364513 0.9177570093457944 0.36547733847637415 0.9177570093457944
2 0.0626808100289296 0.657943925233645 0.07907425265188042 0.657943925233645 0.07907425265188042 0.6878504672897198 0.0626808100289296 0.6878504672897198
2 0.12439729990356799 0.7757009345794392 0.13789778206364514 0.7757009345794392 0.13789778206364514 0.8018691588785046 0.12439729990356799 0.8018691588785046
2 0.24397299903567984 0.891588785046729 0.25843780135004824 0.891588785046729 0.25843780135004824 0.9196261682242991 0.24397299903567984 0.9196261682242991
2 0.6364513018322083 0.891588785046729 0.6509161041465766 0.891588785046729 0.6509161041465766 0.9177570093457944 0.6364513018322083 0.9177570093457944
2 0.36547733847637415 0.5420560747663551 0.3799421407907425 0.5420560747663551 0.3799421407907425 0.5700934579439252 0.36547733847637415 0.5700934579439252
0 0.6325940212150434 0.7607476635514019 0.6547733847637416 0.7607476635514019 0.6547733847637416 0.8018691588785046 0.6325940212150434 0.8018691588785046
2 0.5448408871745419 0.42429906542056073 0.5612343297974928 0.42429906542056073 0.5612343297974928 0.4542056074766355 0.5448408871745419 0.4542056074766355
2 0.30568948891031833 0.3102803738317756 0.32028792119943184 0.3102803738317756 0.32028792119943184 0.33977971072244667 0.30568948891031833 0.33977971072244667
