0 0.5039727582292849 0.6539792387543253 0.5312145289443814 0.6539792387543253 0.5312145289443814 0.6955017301038062 0.5039727582292849 0.6955017301038062
0 0.5811577752553916 0.2698961937716263 0.6083995459704881 0.2698961937716263 0.6083995459704881 0.3079584775086505 0.5811577752553916 0.3079584775086505
0 0.4279228149829739 0.35813148788927335 0.4517593643586833 0.35813148788927335 0.4517593643586833 0.39273356401384085 0.4279228149829739 0.39273356401384085
2 0.5096481271282634 0.5519031141868512 0.5266742338251986 0.5519031141868512 0.5266742338251986 0.5761245674740485 0.5096481271282634 0.5761245674740485
0 0.42905788876276957 0.2750865051903114 0.4517593643586833 0.2750865051903114 0.4517593643586833 0.31314878892733566 0.42905788876276957 0.31314878892733566
2 0.8989784335981839 0.5501730103806228 0.9148694665153234 0.5501730103806228 0.9148694665153234 0.5761245674740485 0.8989784335981839 0.5761245674740485
2 0.23609534619750283 0.6678200692041523 0.2542565266742338 0.6678200692041523 0.2542565266742338 0.6955017301038062 0.23609534619750283 0.6955017301038062
2 0.5879682179341656 0.01730103806228374 0.6027241770715096 0.01730103806228374 0.6027241770715096 0.039792387543252594 0.5879682179341656 0.039792387543252594
2 0.23496027241770714 0.01730103806228374 0.25198637911464244 0.01730103806228374 0.25198637911464244 0.04152249134948097 0.23496027241770714 0.04152249134948097
2 0.7434733257661748 0.01730103806228374 0.7593643586833144 0.01730103806228374 0.7593643586833144 0.04152249134948097 0.7434733257661748 0.04152249134948097
2 0.43246311010215666 0.01730103806228374 0.44721906923950056 0.01730103806228374 0.44721906923950056 0.039792387543252594 0.43246311010215666 0.039792387543252594
2 0.8217934165720772 0.7854671280276817 0.8365493757094211 0.7854671280276817 0.8365493757094211 0.8079584775086506 0.8217934165720772 0.8079584775086506
2 0.5073779795686719 0.01730103806228374 0.5232690124858116 0.01730103806228374 0.5232690124858116 0.039792387543252594 0.5073779795686719 0.039792387543252594
2 0.08172531214528944 0.5519031141868512 0.09875141884222474 0.5519031141868512 0.09875141884222474 0.5761245674740485 0.08172531214528944 0.5761245674740485
2 0.2395005675368899 0.967128027681661 0.25198637911464244 0.967128027681661 0.25198637911464244 0.986159169550173 0.2395005675368899 0.986159169550173
2 0.23496027241770714 0.2820069204152249 0.2531214528944381 0.2820069204152249 0.2531214528944381 0.3079584775086505 0.23496027241770714 0.3079584775086505
2 0.7412031782065834 0.6678200692041523 0.7593643586833144 0.6678200692041523 0.7593643586833144 0.6937716262975778 0.7412031782065834 0.6937716262975778
2 0.7434733257661748 0.3719723183391004 0.7593643586833144 0.3719723183391004 0.7593643586833144 0.3961937716262976 0.7434733257661748 0.3961937716262976
2 0.16004540295119182 0.7854671280276817 0.17593643586833144 0.7854671280276817 0.17593643586833144 0.8096885813148789 0.16004540295119182 0.8096885813148789
2 0.5119182746878547 0.967128027681661 0.5244040862656072 0.967128027681661 0.5244040862656072 0.986159169550173 0.5119182746878547 0.986159169550173
2 0.7446083995459705 0.9653979238754326 0.7582292849035187 0.9653979238754326 0.7582292849035187 0.9878892733564014 0.7446083995459705 0.9878892733564014
2 0.5073779795686719 0.19550173010380623 0.5209988649262202 0.19550173010380623 0.5209988649262202 0.21626297577854672 0.5073779795686719 0.21626297577854672
0 0.5856980703745743 0.36678200692041524 0.604994324631101 0.36678200692041524 0.604994324631101 0.3944636678200692 0.5856980703745743 0.3944636678200692
2 0.4335981838819523 0.967128027681661 0.4449489216799092 0.967128027681661 0.4449489216799092 0.986159169550173 0.4335981838819523 0.986159169550173
