0 0.7931547619047619 0.3273885350318471 0.837797619047619 0.3273885350318471 0.837797619047619 0.3630573248407643 0.7931547619047619 0.3630573248407643
1 0.18303571428571427 0.9044585987261146 0.20833333333333331 0.9044585987261146 0.20833333333333331 0.927388535031847 0.18303571428571427 0.927388535031847
1 0.18303571428571427 0.34267515923566877 0.20833333333333331 0.34267515923566877 0.20833333333333331 0.3643312101910828 0.18303571428571427 0.3643312101910828
1 0.18154761904761904 0.5286624203821656 0.20833333333333331 0.5286624203821656 0.20833333333333331 0.5503184713375796 0.18154761904761904 0.5503184713375796
1 0.8020833333333333 0.2127388535031847 0.8288690476190476 0.2127388535031847 0.8288690476190476 0.23566878980891717 0.8020833333333333 0.23566878980891717
1 0.32440476190476186 0.6496815286624203 0.34970238095238093 0.6496815286624203 0.34970238095238093 0.6713375796178344 0.32440476190476186 0.6713375796178344
1 0.5297619047619048 0.5286624203821656 0.5565476190476191 0.5286624203821656 0.5565476190476191 0.5503184713375796 0.5297619047619048 0.5503184713375796
1 0.5892857142857143 0.3414012738853503 0.6145833333333333 0.3414012738853503 0.6145833333333333 0.3630573248407643 0.5892857142857143 0.3630573248407643
1 0.5297619047619048 0.9031847133757961 0.5565476190476191 0.9031847133757961 0.5565476190476191 0.927388535031847 0.5297619047619048 0.927388535031847
1 0.5297619047619048 0.3414012738853503 0.5565476190476191 0.3414012738853503 0.5565476190476191 0.3643312101910828 0.5297619047619048 0.3643312101910828
1 0.6666666666666666 0.9044585987261146 0.6919642857142857 0.9044585987261146 0.6919642857142857 0.927388535031847 0.6666666666666666 0.927388535031847
1 0.8020833333333333 0.07643312101910828 0.8288690476190476 0.07643312101910828 0.8288690476190476 0.09936305732484076 0.8020833333333333 0.09936305732484076
1 0.5907738095238095 0.07770700636942675 0.6145833333333333 0.07770700636942675 0.6145833333333333 0.09936305732484076 0.5907738095238095 0.09936305732484076
1 0.8020833333333333 0.9031847133757961 0.8288690476190476 0.9031847133757961 0.8288690476190476 0.927388535031847 0.8020833333333333 0.927388535031847
