0 0.6043956043956045 0.3079646017699115 0.6304945054945056 0.3079646017699115 0.6304945054945056 0.3415929203539823 0.6043956043956045 0.3415929203539823
0 0.5302197802197802 0.6194690265486725 0.5563186813186813 0.6194690265486725 0.5563186813186813 0.6513274336283186 0.5302197802197802 0.6513274336283186
0 0.23489010989010992 0.26017699115044246 0.260989010989011 0.26017699115044246 0.260989010989011 0.2920353982300885 0.23489010989010992 0.2920353982300885
1 0.7527472527472528 0.6230088495575221 0.7815934065934067 0.6230088495575221 0.7815934065934067 0.6601769911504425 0.7527472527472528 0.6601769911504425
1 0.5302197802197802 0.6707964601769911 0.5576923076923077 0.6707964601769911 0.5576923076923077 0.7079646017699115 0.5302197802197802 0.7079646017699115
2 0.23901098901098902 0.3185840707964602 0.2568681318681319 0.3185840707964602 0.2568681318681319 0.3398230088495575 0.23901098901098902 0.3398230088495575
2 0.6456043956043956 0.3185840707964602 0.6634615384615385 0.3185840707964602 0.6634615384615385 0.3398230088495575 0.6456043956043956 0.3398230088495575
2 0.5370879120879122 0.0831858407079646 0.5508241758241759 0.0831858407079646 0.5508241758241759 0.10088495575221239 0.5370879120879122 0.10088495575221239
2 0.646978021978022 0.536283185840708 0.6620879120879122 0.536283185840708 0.6620879120879122 0.5557522123893806 0.646978021978022 0.5557522123893806
2 0.6085164835164836 0.17522123893805308 0.6277472527472528 0.17522123893805308 0.6277472527472528 0.2 0.6085164835164836 0.2
2 0.6456043956043956 0.8176991150442477 0.6634615384615385 0.8176991150442477 0.6634615384615385 0.8389380530973451 0.6456043956043956 0.8389380530973451
2 0.7554945054945056 0.41238938053097346 0.7760989010989011 0.41238938053097346 0.7760989010989011 0.4389380530973451 0.7554945054945056 0.4389380530973451
2 0.8667582417582418 0.41415929203539825 0.8873626373626374 0.41415929203539825 0.8873626373626374 0.43716814159292033 0.8667582417582418 0.43716814159292033
2 0.5357142857142858 0.415929203539823 0.5508241758241759 0.415929203539823 0.5508241758241759 0.43539823008849554 0.5357142857142858 0.43539823008849554
2 0.5357142857142858 0.9150442477876106 0.5521978021978022 0.9150442477876106 0.5521978021978022 0.9362831858407079 0.5357142857142858 0.9362831858407079
2 0.04395604395604396 0.3858407079646018 0.05906593406593407 0.3858407079646018 0.05906593406593407 0.40530973451327434 0.04395604395604396 0.40530973451327434
