0 0.2305593451568895 0.7269565217391305 0.2551159618008186 0.7269565217391305 0.2551159618008186 0.7582608695652174 0.2305593451568895 0.7582608695652174
0 0.5334242837653479 0.36347826086956525 0.5593451568894953 0.36347826086956525 0.5593451568894953 0.3947826086956522 0.5334242837653479 0.3947826086956522
1 0.757162346521146 0.5826086956521739 0.7885402455661664 0.5826086956521739 0.7885402455661664 0.6226086956521739 0.757162346521146 0.6226086956521739
1 0.5320600272851296 0.31826086956521743 0.5620736698499318 0.31826086956521743 0.5620736698499318 0.3565217391304348 0.5320600272851296 0.3565217391304348
1 0.5347885402455662 0.9252173913043479 0.5593451568894953 0.9252173913043479 0.5593451568894953 0.9565217391304348 0.5347885402455662 0.9565217391304348
1 0.5306957708049114 0.5843478260869566 0.5607094133697135 0.5843478260869566 0.5607094133697135 0.6226086956521739 0.5306957708049114 0.6226086956521739
0 0.6098226466575716 0.6782608695652174 0.6343792633015007 0.6782608695652174 0.6343792633015007 0.7078260869565217 0.6098226466575716 0.7078260869565217
1 0.7598908594815825 0.3652173913043478 0.7899045020463847 0.3652173913043478 0.7899045020463847 0.40347826086956523 0.7598908594815825 0.40347826086956523
1 0.5306957708049114 0.7547826086956522 0.5607094133697135 0.7547826086956522 0.5607094133697135 0.7930434782608696 0.5306957708049114 0.7930434782608696
2 0.8772169167803547 0.591304347826087 0.8963165075034106 0.591304347826087 0.8963165075034106 0.6139130434782609 0.8772169167803547 0.6139130434782609
2 0.6493860845839018 0.20695652173913046 0.6657571623465212 0.20695652173913046 0.6657571623465212 0.22608695652173913 0.6493860845839018 0.22608695652173913
2 0.6712141882673943 0.6904347826086957 0.684856753069577 0.6904347826086957 0.684856753069577 0.7078260869565217 0.6712141882673943 0.7078260869565217
2 0.6139154160982264 0.8330434782608696 0.6302864938608459 0.8330434782608696 0.6302864938608459 0.8539130434782609 0.6139154160982264 0.8539130434782609
2 0.6521145975443383 0.4956521739130435 0.6671214188267395 0.4956521739130435 0.6671214188267395 0.5147826086956522 0.6521145975443383 0.5147826086956522
2 0.23465211459754434 0.688695652173913 0.252387448840382 0.688695652173913 0.252387448840382 0.711304347826087 0.23465211459754434 0.711304347826087
2 0.7653478854024557 0.40521739130434786 0.7830832196452934 0.40521739130434786 0.7830832196452934 0.42782608695652175 0.7653478854024557 0.42782608695652175
1 0.7585266030013642 0.7547826086956522 0.7899045020463847 0.7547826086956522 0.7899045020463847 0.7947826086956522 0.7585266030013642 0.7947826086956522
2 0.5402455661664393 0.40869565217391307 0.5552523874488404 0.40869565217391307 0.5552523874488404 0.4295652173913044 0.5402455661664393 0.4295652173913044
