1 0.6589648798521257 0.6277173913043478 0.6746765249537893 0.6277173913043478 0.6746765249537893 0.6535326086956521 0.6589648798521257 0.6535326086956521
1 0.455637707948244 0.813858695652174 0.47412199630314233 0.813858695652174 0.47412199630314233 0.8396739130434783 0.455637707948244 0.8396739130434783
1 0.6598890942698706 0.2907608695652174 0.6746765249537893 0.2907608695652174 0.6746765249537893 0.3125 0.6598890942698706 0.3125
1 0.25508317929759705 0.6277173913043478 0.27171903881700554 0.6277173913043478 0.27171903881700554 0.6521739130434782 0.25508317929759705 0.6521739130434782
1 0.6589648798521257 0.813858695652174 0.6756007393715342 0.813858695652174 0.6756007393715342 0.8383152173913043 0.6589648798521257 0.8383152173913043
1 0.256007393715342 0.8152173913043478 0.27171903881700554 0.8152173913043478 0.27171903881700554 0.8383152173913043 0.256007393715342 0.8383152173913043
1 0.256007393715342 0.30842391304347827 0.27171903881700554 0.30842391304347827 0.27171903881700554 0.33016304347826086 0.256007393715342 0.33016304347826086
1 0.25693160813308685 0.14266304347826086 0.27171903881700554 0.14266304347826086 0.27171903881700554 0.16304347826086957 0.25693160813308685 0.16304347826086957
1 0.49630314232902045 0.14266304347826086 0.5101663585951942 0.14266304347826086 0.5101663585951942 0.16304347826086957 0.49630314232902045 0.16304347826086957
1 0.7495378927911276 0.8152173913043478 0.7643253234750462 0.8152173913043478 0.7643253234750462 0.8383152173913043 0.7495378927911276 0.8383152173913043
1 0.6598890942698706 0.3695652173913043 0.6746765249537893 0.3695652173913043 0.6746765249537893 0.3967391304347826 0.6598890942698706 0.3967391304347826
1 0.6598890942698706 0.14266304347826086 0.6746765249537893 0.14266304347826086 0.6746765249537893 0.16304347826086957 0.6598890942698706 0.16304347826086957
1 0.37707948243992606 0.813858695652174 0.39371534195933455 0.813858695652174 0.39371534195933455 0.8383152173913043 0.37707948243992606 0.8383152173913043
1 0.32809611829944546 0.14130434782608695 0.3419593345656192 0.14130434782608695 0.3419593345656192 0.16304347826086954 0.32809611829944546 0.16304347826086954
