0 0.4149746192893401 0.37037037037037035 0.4441624365482233 0.37037037037037035 0.4441624365482233 0.4152046783625731 0.4149746192893401 0.4152046783625731
0 0.6142131979695431 0.19103313840155944 0.6408629441624365 0.19103313840155944 0.6408629441624365 0.23196881091617932 0.6142131979695431 0.23196881091617932
0 0.6142131979695431 0.49317738791423 0.6395939086294415 0.49317738791423 0.6395939086294415 0.530214424951267 0.6142131979695431 0.530214424951267
1 0.8540609137055837 0.49902534113060426 0.8781725888324873 0.49902534113060426 0.8781725888324873 0.5360623781676412 0.8540609137055837 0.5360623781676412
2 0.6167512690355329 0.07992202729044834 0.6370558375634517 0.07992202729044834 0.6370558375634517 0.1111111111111111 0.6167512690355329 0.1111111111111111
2 0.3032994923857868 0.6296296296296295 0.3223350253807106 0.6296296296296295 0.3223350253807106 0.6569200779727096 0.3032994923857868 0.6569200779727096
2 0.30203045685279184 0.2046783625730994 0.31979695431472077 0.2046783625730994 0.31979695431472077 0.2300194931773879 0.30203045685279184 0.2300194931773879
2 0.8565989847715736 0.38596491228070173 0.8769035532994923 0.38596491228070173 0.8769035532994923 0.4152046783625731 0.8565989847715736 0.4152046783625731
2 0.3045685279187817 0.871345029239766 0.3236040609137056 0.871345029239766 0.3236040609137056 0.9025341130604287 0.3045685279187817 0.9025341130604287
2 0.18274111675126903 0.38596491228070173 0.2017766497461929 0.38596491228070173 0.2017766497461929 0.4152046783625731 0.18274111675126903 0.4152046783625731
2 0.6180203045685279 0.871345029239766 0.6383248730964467 0.871345029239766 0.6383248730964467 0.9025341130604287 0.6180203045685279 0.9025341130604287
2 0.41878172588832485 0.07992202729044834 0.43908629441624364 0.07992202729044834 0.43908629441624364 0.1111111111111111 0.41878172588832485 0.1111111111111111
2 0.5393401015228426 0.38596491228070173 0.5571065989847716 0.38596491228070173 0.5571065989847716 0.41325536062378165 0.5393401015228426 0.41325536062378165
2 0.4213197969543147 0.32748538011695905 0.4378172588832487 0.32748538011695905 0.4378172588832487 0.35282651072124754 0.4213197969543147 0.35282651072124754
