0 0.35019455252918286 0.6951827242524917 0.3842412451361868 0.6951827242524917 0.3842412451361868 0.7242524916943521 0.35019455252918286 0.7242524916943521
0 0.34922178988326846 0.7940199335548173 0.3842412451361868 0.7940199335548173 0.3842412451361868 0.823920265780731 0.34922178988326846 0.823920265780731
1 0.33073929961089493 0.03903654485049834 0.3463035019455253 0.03903654485049834 0.3463035019455253 0.05232558139534884 0.33073929961089493 0.05232558139534884
1 0.6235408560311284 0.5116279069767442 0.6381322957198443 0.5116279069767442 0.6381322957198443 0.5240863787375415 0.6235408560311284 0.5240863787375415
1 0.32976653696498054 0.13787375415282394 0.3463035019455253 0.13787375415282394 0.3463035019455253 0.15199335548172757 0.32976653696498054 0.15199335548172757
1 0.664396887159533 0.3712624584717608 0.6799610894941635 0.3712624584717608 0.6799610894941635 0.3853820598006645 0.664396887159533 0.3853820598006645
1 0.7733463035019456 0.1686046511627907 0.7898832684824902 0.1686046511627907 0.7898832684824902 0.1818936877076412 0.7733463035019456 0.1818936877076412
1 0.8394941634241245 0.5116279069767442 0.8550583657587548 0.5116279069767442 0.8550583657587548 0.5240863787375415 0.8394941634241245 0.5240863787375415
1 0.35894941634241245 0.6802325581395349 0.3754863813229572 0.6802325581395349 0.3754863813229572 0.6943521594684385 0.35894941634241245 0.6943521594684385
1 0.2791828793774319 0.6461794019933556 0.29669260700389105 0.6461794019933556 0.29669260700389105 0.6611295681063123 0.2791828793774319 0.6611295681063123
1 0.8394941634241245 0.9086378737541528 0.8560311284046693 0.9086378737541528 0.8560311284046693 0.9210963455149502 0.8394941634241245 0.9210963455149502
1 0.13813229571984437 0.7084717607973422 0.1546692607003891 0.7084717607973422 0.1546692607003891 0.7217607973421927 0.13813229571984437 0.7217607973421927
1 0.35700389105058367 0.6038205980066446 0.3735408560311284 0.6038205980066446 0.3735408560311284 0.6179401993355482 0.35700389105058367 0.6179401993355482
1 0.693579766536965 0.5614617940199336 0.7091439688715954 0.5614617940199336 0.7091439688715954 0.573920265780731 0.693579766536965 0.573920265780731
1 0.6614785992217899 0.2666112956810631 0.6799610894941635 0.2666112956810631 0.6799610894941635 0.2807308970099668 0.6614785992217899 0.2807308970099668
1 0.622568093385214 0.6104651162790697 0.6391050583657588 0.6104651162790697 0.6391050583657588 0.6245847176079734 0.622568093385214 0.6245847176079734
1 0.11284046692607004 0.03903654485049834 0.12840466926070038 0.03903654485049834 0.12840466926070038 0.05232558139534884 0.11284046692607004 0.05232558139534884
1 0.35894941634241245 0.5116279069767442 0.3735408560311284 0.5116279069767442 0.3735408560311284 0.5240863787375415 0.35894941634241245 0.5240863787375415
1 0.8375486381322957 0.8081395348837209 0.8550583657587548 0.8081395348837209 0.8550583657587548 0.8222591362126246 0.8375486381322957 0.8222591362126246
1 0.8394941634241245 0.7084717607973422 0.8550583657587548 0.7084717607973422 0.8550583657587548 0.7217607973421927 0.8394941634241245 0.7217607973421927
1 0.1857976653696498 0.08637873754152824 0.20233463035019456 0.08637873754152824 0.20233463035019456 0.09883720930232559 0.1857976653696498 0.09883720930232559
1 0.7392996108949417 0.3222591362126246 0.7558365758754864 0.3222591362126246 0.7558365758754864 0.3372093023255814 0.7392996108949417 0.3372093023255814
1 0.21595330739299612 0.8098006644518273 0.23151750972762647 0.8098006644518273 0.23151750972762647 0.8222591362126246 0.21595330739299612 0.8222591362126246
1 0.21595330739299612 0.7093023255813954 0.23151750972762647 0.7093023255813954 0.23151750972762647 0.7217607973421927 0.21595330739299612 0.7217607973421927
1 0.693579766536965 0.6602990033222591 0.7101167315175098 0.6602990033222591 0.7101167315175098 0.6735880398671097 0.693579766536965 0.6735880398671097
1 0.13910505836575876 0.9086378737541528 0.1546692607003891 0.9086378737541528 0.1546692607003891 0.9210963455149502 0.13910505836575876 0.9210963455149502
1 0.21498054474708173 0.7583056478405316 0.23249027237354086 0.7583056478405316 0.23249027237354086 0.7724252491694352 0.21498054474708173 0.7724252491694352
1 0.21595330739299612 0.8588039867109635 0.23151750972762647 0.8588039867109635 0.23151750972762647 0.8712624584717609 0.21595330739299612 0.8712624584717609
1 0.622568093385214 0.9086378737541528 0.6381322957198443 0.9086378737541528 0.6381322957198443 0.9210963455149502 0.622568093385214 0.9210963455149502
1 0.35894941634241245 0.9086378737541528 0.3735408560311284 0.9086378737541528 0.3735408560311284 0.9210963455149502 0.35894941634241245 0.9210963455149502
1 0.8813229571984436 0.37209302325581395 0.8978599221789884 0.37209302325581395 0.8978599221789884 0.3853820598006645 0.8813229571984436 0.3853820598006645
1 0.11186770428015565 0.13787375415282394 0.12840466926070038 0.13787375415282394 0.12840466926070038 0.15282392026578073 0.11186770428015565 0.15282392026578073
1 0.14007782101167315 0.5124584717607974 0.1546692607003891 0.5124584717607974 0.1546692607003891 0.5249169435215947 0.14007782101167315 0.5249169435215947
1 0.622568093385214 0.7084717607973422 0.6381322957198443 0.7084717607973422 0.6381322957198443 0.7217607973421927 0.622568093385214 0.7217607973421927
1 0.22081712062256809 0.24418604651162792 0.23638132295719844 0.24418604651162792 0.23638132295719844 0.2574750830564784 0.22081712062256809 0.2574750830564784
1 0.7665369649805448 0.7591362126245847 0.7830739299610895 0.7591362126245847 0.7830739299610895 0.7740863787375415 0.7665369649805448 0.7740863787375415
1 0.14007782101167315 0.8089700996677741 0.1556420233463035 0.8089700996677741 0.1556420233463035 0.8214285714285714 0.14007782101167315 0.8214285714285714
2 0.7733463035019456 0.03903654485049834 0.7898832684824902 0.03903654485049834 0.7898832684824902 0.053156146179401995 0.7733463035019456 0.053156146179401995
2 0.6303501945525292 0.08222591362126246 0.6459143968871596 0.08222591362126246 0.6459143968871596 0.09551495016611296 0.6303501945525292 0.09551495016611296
