0 0.7893890675241158 0.5639730639730639 0.8143086816720257 0.5639730639730639 0.8143086816720257 0.6161616161616161 0.7893890675241158 0.6161616161616161
0 0.40353697749196143 0.3131313131313131 0.42765273311897106 0.3131313131313131 0.42765273311897106 0.3619528619528619 0.40353697749196143 0.3619528619528619
1 0.5723472668810289 0.9107744107744107 0.5852090032154341 0.9107744107744107 0.5852090032154341 0.9377104377104377 0.5723472668810289 0.9377104377104377
1 0.2982315112540193 0.9124579124579124 0.3102893890675241 0.9124579124579124 0.3102893890675241 0.9377104377104377 0.2982315112540193 0.9377104377104377
1 0.7966237942122186 0.9107744107744107 0.8086816720257235 0.9107744107744107 0.8086816720257235 0.9393939393939393 0.7966237942122186 0.9393939393939393
1 0.8963022508038585 0.6632996632996633 0.9091639871382636 0.6632996632996633 0.9091639871382636 0.6902356902356902 0.8963022508038585 0.6902356902356902
1 0.5707395498392283 0.6616161616161615 0.5860128617363344 0.6616161616161615 0.5860128617363344 0.6919191919191919 0.5707395498392283 0.6919191919191919
1 0.7958199356913184 0.6632996632996633 0.8094855305466238 0.6632996632996633 0.8094855305466238 0.6919191919191919 0.7958199356913184 0.6919191919191919
1 0.8963022508038585 0.46969696969696967 0.9091639871382636 0.46969696969696967 0.9091639871382636 0.4966329966329966 0.8963022508038585 0.4966329966329966
1 0.2966237942122186 0.6599326599326599 0.31109324758842444 0.6599326599326599 0.31109324758842444 0.6868686868686869 0.2966237942122186 0.6868686868686869
1 0.6704180064308681 0.6632996632996633 0.6832797427652733 0.6632996632996633 0.6832797427652733 0.6919191919191919 0.6704180064308681 0.6919191919191919
1 0.4083601286173633 0.3855218855218855 0.4220257234726688 0.3855218855218855 0.4220257234726688 0.41414141414141414 0.4083601286173633 0.41414141414141414
1 0.18569131832797428 0.3333333333333333 0.19935691318327975 0.3333333333333333 0.19935691318327975 0.3619528619528619 0.18569131832797428 0.3619528619528619
1 0.1864951768488746 0.0606060606060606 0.19935691318327975 0.0606060606060606 0.19935691318327975 0.08922558922558922 0.1864951768488746 0.08922558922558922
1 0.4091639871382637 0.0606060606060606 0.4228295819935691 0.0606060606060606 0.4228295819935691 0.08922558922558922 0.4091639871382637 0.08922558922558922
2 0.9533762057877814 0.4074074074074074 0.9678456591639871 0.4074074074074074 0.9678456591639871 0.4377104377104377 0.9533762057877814 0.4377104377104377
