2 0.7727639000805802 0.8933092224231465 0.7880741337630943 0.8933092224231465 0.7880741337630943 0.9294755877034359 0.7727639000805802 0.9294755877034359
2 0.33763094278807415 0.8969258589511753 0.34971796937953264 0.8969258589511753 0.34971796937953264 0.9276672694394211 0.33763094278807415 0.9276672694394211
2 0.7735697018533441 0.39059674502712477 0.7872683319903304 0.39059674502712477 0.7872683319903304 0.4213381555153707 0.7735697018533441 0.4213381555153707
1 0.8855761482675262 0.3924050632911392 0.8984689766317486 0.3924050632911392 0.8984689766317486 0.4231464737793852 0.8855761482675262 0.4231464737793852
2 0.33763094278807415 0.3924050632911392 0.34971796937953264 0.3924050632911392 0.34971796937953264 0.4213381555153707 0.33763094278807415 0.4213381555153707
1 0.22562449637389204 0.39421338155515373 0.23771152296535053 0.39421338155515373 0.23771152296535053 0.4213381555153707 0.22562449637389204 0.4213381555153707
1 0.7389202256244964 0.3924050632911392 0.751007252215955 0.3924050632911392 0.751007252215955 0.41952983725135623 0.7389202256244964 0.41952983725135623
1 0.7389202256244964 0.8987341772151899 0.751007252215955 0.8987341772151899 0.751007252215955 0.9258589511754068 0.7389202256244964 0.9258589511754068
1 0.37630942788074134 0.3924050632911392 0.38759065269943593 0.3924050632911392 0.38759065269943593 0.41952983725135623 0.37630942788074134 0.41952983725135623
1 0.37630942788074134 0.8987341772151899 0.38759065269943593 0.8987341772151899 0.38759065269943593 0.9258589511754068 0.37630942788074134 0.9258589511754068
1 0.14101531023368252 0.39059674502712477 0.15471394037066882 0.39059674502712477 0.15471394037066882 0.41952983725135623 0.14101531023368252 0.41952983725135623
1 0.7389202256244964 0.6582278481012658 0.7518130539887189 0.6582278481012658 0.7518130539887189 0.6853526220614828 0.7389202256244964 0.6853526220614828
2 0.7735697018533441 0.6564195298372514 0.7872683319903304 0.6564195298372514 0.7872683319903304 0.6871609403254972 0.7735697018533441 0.6871609403254972
1 0.3755036261079774 0.6582278481012658 0.3883964544721998 0.6582278481012658 0.3883964544721998 0.6853526220614828 0.3755036261079774 0.6853526220614828
2 0.27961321514907334 0.39059674502712477 0.29572925060435135 0.39059674502712477 0.29572925060435135 0.4231464737793852 0.27961321514907334 0.4231464737793852
1 0.7381144238517323 0.1518987341772152 0.7518130539887186 0.1518987341772152 0.7518130539887186 0.18083182640144665 0.7381144238517323 0.18083182640144665
2 0.8291700241740532 0.3924050632911392 0.8420628525382756 0.3924050632911392 0.8420628525382756 0.4213381555153707 0.8291700241740532 0.4213381555153707
1 0.14101531023368252 0.1518987341772152 0.15390813859790492 0.1518987341772152 0.15390813859790492 0.18083182640144665 0.14101531023368252 0.18083182640144665
2 0.33763094278807415 0.6582278481012658 0.34971796937953264 0.6582278481012658 0.34971796937953264 0.6853526220614828 0.33763094278807415 0.6853526220614828
1 0.3755036261079774 0.1518987341772152 0.3883964544721998 0.1518987341772152 0.3883964544721998 0.18083182640144665 0.3755036261079774 0.18083182640144665
1 0.8291700241740532 0.1518987341772152 0.8428686543110395 0.1518987341772152 0.8428686543110395 0.18083182640144665 0.8291700241740532 0.18083182640144665
2 0.7735697018533441 0.1518987341772152 0.7864625302175665 0.1518987341772152 0.7864625302175665 0.18083182640144665 0.7735697018533441 0.18083182640144665
1 0.28122481869460114 0.15009041591320071 0.29492344883158744 0.15009041591320071 0.29492344883158744 0.18083182640144665 0.28122481869460114 0.18083182640144665
2 0.33763094278807415 0.15370705244122965 0.34971796937953264 0.15370705244122965 0.34971796937953264 0.18083182640144665 0.33763094278807415 0.18083182640144665
