0 0.5049928673323824 0.30064308681672025 0.536376604850214 0.30064308681672025 0.536376604850214 0.3360128617363344 0.5049928673323824 0.3360128617363344
1 0.8644793152639088 0.5353697749196141 0.891583452211127 0.5353697749196141 0.891583452211127 0.5659163987138264 0.8644793152639088 0.5659163987138264
2 0.5106990014265336 0.815112540192926 0.5306704707560628 0.815112540192926 0.5306704707560628 0.837620578778135 0.5106990014265336 0.837620578778135
2 0.5106990014265336 0.3633440514469453 0.5320970042796006 0.3633440514469453 0.5320970042796006 0.3858520900321543 0.5106990014265336 0.3858520900321543
2 0.5991440798858774 0.9147909967845659 0.6205420827389444 0.9147909967845659 0.6205420827389444 0.9389067524115755 0.5991440798858774 0.9389067524115755
2 0.24251069900142655 0.16237942122186494 0.2624821683309558 0.16237942122186494 0.2624821683309558 0.18488745980707394 0.24251069900142655 0.18488745980707394
2 0.15263908701854495 0.26366559485530544 0.17403708987161198 0.26366559485530544 0.17403708987161198 0.28617363344051444 0.15263908701854495 0.28617363344051444
2 0.4222539229671897 0.9163987138263665 0.4407988587731812 0.9163987138263665 0.4407988587731812 0.9389067524115755 0.4222539229671897 0.9389067524115755
2 0.5991440798858774 0.7154340836012861 0.6191155492154066 0.7154340836012861 0.6191155492154066 0.7395498392282958 0.5991440798858774 0.7395498392282958
2 0.42082738944365194 0.7154340836012861 0.4407988587731812 0.7154340836012861 0.4407988587731812 0.7395498392282958 0.42082738944365194 0.7395498392282958
2 0.5991440798858774 0.5385852090032154 0.6191155492154066 0.5385852090032154 0.6191155492154066 0.5610932475884244 0.5991440798858774 0.5610932475884244
2 0.5106990014265336 0.06270096463022508 0.5292439372325249 0.06270096463022508 0.5292439372325249 0.08360128617363344 0.5106990014265336 0.08360128617363344
