0 0.603448275862069 0.2425925925925926 0.6343012704174228 0.2425925925925926 0.6343012704174228 0.2740740740740741 0.603448275862069 0.2740740740740741
0 0.8321234119782214 0.6240740740740741 0.8629764065335753 0.6240740740740741 0.8629764065335753 0.6555555555555556 0.8321234119782214 0.6555555555555556
0 0.24047186932849363 0.6240740740740741 0.2713248638838475 0.6240740740740741 0.2713248638838475 0.6546296296296297 0.24047186932849363 0.6546296296296297
0 0.5408348457350272 0.24351851851851852 0.5716878402903811 0.24351851851851852 0.5716878402903811 0.27314814814814814 0.5408348457350272 0.27314814814814814
0 0.6969147005444646 0.6240740740740741 0.7277676950998185 0.6240740740740741 0.7277676950998185 0.6555555555555556 0.6969147005444646 0.6555555555555556
0 0.1161524500907441 0.6888888888888889 0.14609800362976405 0.6888888888888889 0.14609800362976405 0.7175925925925927 0.1161524500907441 0.7175925925925927
0 0.18874773139745915 0.6888888888888889 0.21869328493647913 0.6888888888888889 0.21869328493647913 0.7185185185185186 0.18874773139745915 0.7185185185185186
0 0.6969147005444646 0.7296296296296296 0.7286751361161524 0.7296296296296296 0.7286751361161524 0.7611111111111112 0.6969147005444646 0.7611111111111112
0 0.7486388384754991 0.7314814814814815 0.779491833030853 0.7314814814814815 0.779491833030853 0.7601851851851852 0.7486388384754991 0.7601851851851852
1 0.24591651542649726 0.9425925925925926 0.26497277676951 0.9425925925925926 0.26497277676951 0.962037037037037 0.24591651542649726 0.962037037037037
0 0.24137931034482757 0.6888888888888889 0.2713248638838475 0.6888888888888889 0.2713248638838475 0.7175925925925927 0.24137931034482757 0.7175925925925927
1 0.12159709618874773 0.9425925925925926 0.14065335753176042 0.9425925925925926 0.14065335753176042 0.962037037037037 0.12159709618874773 0.962037037037037
1 0.4954627949183303 0.9425925925925926 0.514519056261343 0.9425925925925926 0.514519056261343 0.962037037037037 0.4954627949183303 0.962037037037037
1 0.7540834845735027 0.9425925925925926 0.7740471869328494 0.9425925925925926 0.7740471869328494 0.962037037037037 0.7540834845735027 0.962037037037037
1 0.3393829401088929 0.04351851851851852 0.35934664246823955 0.04351851851851852 0.35934664246823955 0.062037037037037036 0.3393829401088929 0.062037037037037036
1 0.837568058076225 0.9425925925925926 0.8575317604355717 0.9425925925925926 0.8575317604355717 0.962962962962963 0.837568058076225 0.962962962962963
0 0.8312159709618875 0.5185185185185185 0.8629764065335753 0.5185185185185185 0.8629764065335753 0.5481481481481482 0.8312159709618875 0.5481481481481482
1 0.24591651542649726 0.04259259259259259 0.26497277676951 0.04259259259259259 0.26497277676951 0.062037037037037036 0.24591651542649726 0.062037037037037036
1 0.837568058076225 0.04259259259259259 0.8575317604355717 0.04259259259259259 0.8575317604355717 0.062037037037037036 0.837568058076225 0.062037037037037036
1 0.5471869328493648 0.04351851851851852 0.5662431941923775 0.04351851851851852 0.5662431941923775 0.062037037037037036 0.5471869328493648 0.062037037037037036
0 0.4909255898366606 0.6277777777777778 0.5199637023593466 0.6277777777777778 0.5199637023593466 0.6546296296296297 0.4909255898366606 0.6546296296296297
1 0.837568058076225 0.6777777777777778 0.8584392014519056 0.6777777777777778 0.8584392014519056 0.6990740740740741 0.837568058076225 0.6990740740740741
1 0.7032667876588021 0.9425925925925926 0.7223230490018149 0.9425925925925926 0.7223230490018149 0.962037037037037 0.7032667876588021 0.962037037037037
1 0.19509981851179672 0.9435185185185185 0.2132486388384755 0.9435185185185185 0.2132486388384755 0.962037037037037 0.19509981851179672 0.962037037037037
1 0.7032667876588021 0.04259259259259259 0.7223230490018149 0.04259259259259259 0.7223230490018149 0.062037037037037036 0.7032667876588021 0.062037037037037036
1 0.24591651542649726 0.47685185185185186 0.26497277676951 0.47685185185185186 0.26497277676951 0.4962962962962963 0.24591651542649726 0.4962962962962963
1 0.12068965517241378 0.5296296296296297 0.1397459165154265 0.5296296296296297 0.1397459165154265 0.549074074074074 0.12068965517241378 0.549074074074074
1 0.5480943738656987 0.6157407407407408 0.5653357531760436 0.6157407407407408 0.5653357531760436 0.6324074074074074 0.5480943738656987 0.6324074074074074
1 0.4954627949183303 0.7000000000000001 0.514519056261343 0.7000000000000001 0.514519056261343 0.7185185185185186 0.4954627949183303 0.7185185185185186
1 0.6098003629764065 0.04351851851851852 0.6279491833030852 0.04351851851851852 0.6279491833030852 0.062037037037037036 0.6098003629764065 0.062037037037037036
1 0.7032667876588021 0.47685185185185186 0.7232304900181488 0.47685185185185186 0.7232304900181488 0.4962962962962963 0.7032667876588021 0.4962962962962963
1 0.4437386569872958 0.04259259259259259 0.4627949183303085 0.04259259259259259 0.4627949183303085 0.062037037037037036 0.4437386569872958 0.062037037037037036
1 0.039927404718693285 0.044444444444444446 0.05626134301270417 0.044444444444444446 0.05626134301270417 0.061111111111111116 0.039927404718693285 0.061111111111111116
1 0.4954627949183303 0.6148148148148148 0.514519056261343 0.6148148148148148 0.514519056261343 0.6342592592592593 0.4954627949183303 0.6342592592592593
1 0.19509981851179672 0.5305555555555556 0.2132486388384755 0.5305555555555556 0.2132486388384755 0.549074074074074 0.19509981851179672 0.549074074074074
1 0.4437386569872958 0.6148148148148148 0.4627949183303085 0.6148148148148148 0.4627949183303085 0.6333333333333333 0.4437386569872958 0.6333333333333333
1 0.7558983666061706 0.5305555555555556 0.7731397459165154 0.5305555555555556 0.7731397459165154 0.5481481481481482 0.7558983666061706 0.5481481481481482
1 0.038112522686025406 0.6990740740740741 0.05716878402903811 0.6990740740740741 0.05716878402903811 0.7175925925925927 0.038112522686025406 0.7175925925925927
2 0.735934664246824 0.6370370370370371 0.7522686025408348 0.6370370370370371 0.7522686025408348 0.6546296296296297 0.735934664246824 0.6546296296296297
1 0.7758620689655172 0.7407407407407408 0.7949183303085299 0.7407407407407408 0.7949183303085299 0.7611111111111112 0.7758620689655172 0.7611111111111112
1 0.4437386569872958 0.16944444444444445 0.46188747731397456 0.16944444444444445 0.46188747731397456 0.18888888888888888 0.4437386569872958 0.18888888888888888
