0 0.7043363994743759 0.4146919431279621 0.735873850197109 0.4146919431279621 0.735873850197109 0.4668246445497631 0.7043363994743759 0.4668246445497631
1 0.5361366622864652 0.41943127962085314 0.568988173455979 0.41943127962085314 0.568988173455979 0.4786729857819906 0.5361366622864652 0.4786729857819906
1 0.3718791064388962 0.41943127962085314 0.40473061760841 0.41943127962085314 0.40473061760841 0.4786729857819906 0.3718791064388962 0.4786729857819906
2 0.7122207621550591 0.14218009478672988 0.7293035479632063 0.14218009478672988 0.7293035479632063 0.17061611374407584 0.7122207621550591 0.17061611374407584
2 0.46254927726675427 0.14218009478672988 0.4783180026281209 0.14218009478672988 0.4783180026281209 0.16824644549763035 0.46254927726675427 0.16824644549763035
2 0.04862023653088042 0.4336492890995261 0.06964520367936926 0.4336492890995261 0.06964520367936926 0.46919431279620855 0.04862023653088042 0.46919431279620855
2 0.7109067017082786 0.8767772511848342 0.7306176084099869 0.8767772511848342 0.7306176084099869 0.9123222748815166 0.7109067017082786 0.9123222748815166
2 0.37976346911957953 0.13981042654028436 0.39816031537450725 0.13981042654028436 0.39816031537450725 0.17061611374407584 0.37976346911957953 0.17061611374407584
2 0.37844940867279897 0.8744075829383887 0.3994743758212878 0.8744075829383887 0.3994743758212878 0.9123222748815166 0.37844940867279897 0.9123222748815166
2 0.37582128777923784 0.5758293838862559 0.4007884362680683 0.5758293838862559 0.4007884362680683 0.6208530805687205 0.37582128777923784 0.6208530805687205
2 0.5440210249671485 0.13981042654028436 0.5624178712220762 0.13981042654028436 0.5624178712220762 0.17298578199052134 0.5440210249671485 0.17298578199052134
2 0.5427069645203679 0.8744075829383887 0.5637319316688568 0.8744075829383887 0.5637319316688568 0.9123222748815166 0.5427069645203679 0.9123222748815166
2 0.13272010512483576 0.28672985781990523 0.15243101182654403 0.28672985781990523 0.15243101182654403 0.3222748815165877 0.13272010512483576 0.3222748815165877
2 0.871222076215506 0.580568720379147 0.8922470433639947 0.580568720379147 0.8922470433639947 0.6184834123222749 0.871222076215506 0.6184834123222749
2 0.7923784494086729 0.7298578199052134 0.8120893561103811 0.7298578199052134 0.8120893561103811 0.7630331753554503 0.7923784494086729 0.7630331753554503
2 0.7109067017082786 0.5829383886255924 0.7293035479632063 0.5829383886255924 0.7293035479632063 0.6161137440758294 0.7109067017082786 0.6161137440758294
2 0.4599211563731932 0.8744075829383887 0.48226018396846254 0.8744075829383887 0.48226018396846254 0.9146919431279622 0.4599211563731932 0.9146919431279622
2 0.4599211563731932 0.7251184834123223 0.48226018396846254 0.7251184834123223 0.48226018396846254 0.7654028436018958 0.4599211563731932 0.7654028436018958
