1 0.13618290258449303 0.3179551122194514 0.1540755467196819 0.3179551122194514 0.1540755467196819 0.3403990024937656 0.13618290258449303 0.3403990024937656
1 0.5089463220675944 0.6758104738154613 0.5268389662027833 0.6758104738154613 0.5268389662027833 0.6970074812967582 0.5089463220675944 0.6970074812967582
1 0.13618290258449303 0.4027431421446384 0.1540755467196819 0.4027431421446384 0.1540755467196819 0.4239401496259352 0.13618290258449303 0.4239401496259352
1 0.8210735586481114 0.5673316708229427 0.8389662027833003 0.5673316708229427 0.8389662027833003 0.5897755610972568 0.8210735586481114 0.5897755610972568
1 0.8220675944333996 0.06234413965087282 0.8379721669980119 0.06234413965087282 0.8379721669980119 0.08354114713216958 0.8220675944333996 0.08354114713216958
1 0.5089463220675944 0.06234413965087282 0.5268389662027833 0.06234413965087282 0.5268389662027833 0.08478802992518704 0.5089463220675944 0.08478802992518704
1 0.8658051689860835 0.06359102244389027 0.882703777335984 0.06359102244389027 0.882703777335984 0.08354114713216958 0.8658051689860835 0.08354114713216958
1 0.13717693836978131 0.7206982543640897 0.15308151093439365 0.7206982543640897 0.15308151093439365 0.7406483790523691 0.13717693836978131 0.7406483790523691
1 0.09343936381709743 0.06359102244389027 0.10934393638170975 0.06359102244389027 0.10934393638170975 0.08354114713216958 0.09343936381709743 0.08354114713216958
1 0.23061630218687873 0.8403990024937655 0.24652087475149106 0.8403990024937655 0.24652087475149106 0.8603491271820449 0.23061630218687873 0.8603491271820449
1 0.23061630218687873 0.17581047381546136 0.24751491053677932 0.17581047381546136 0.24751491053677932 0.19825436408977556 0.23061630218687873 0.19825436408977556
2 0.5079522862823062 0.17456359102244393 0.5278330019880716 0.17456359102244393 0.5278330019880716 0.1982543640897756 0.5079522862823062 0.1982543640897756
1 0.13717693836978131 0.06359102244389027 0.15308151093439365 0.06359102244389027 0.15308151093439365 0.08354114713216958 0.13717693836978131 0.08354114713216958
1 0.13618290258449303 0.6246882793017456 0.1550695825049702 0.6246882793017456 0.1550695825049702 0.6483790523690773 0.13618290258449303 0.6483790523690773
