0 0.49401709401709404 0.7561643835616438 0.5196581196581197 0.7561643835616438 0.5196581196581197 0.7972602739726028 0.49401709401709404 0.7972602739726028
0 0.5743589743589743 0.3972602739726027 0.6017094017094017 0.3972602739726027 0.6017094017094017 0.4383561643835616 0.5743589743589743 0.4383561643835616
1 0.49572649572649574 0.8931506849315068 0.5196581196581197 0.8931506849315068 0.5196581196581197 0.9342465753424658 0.49572649572649574 0.9342465753424658
2 0.6598290598290598 0.410958904109589 0.6786324786324787 0.410958904109589 0.6786324786324787 0.4383561643835616 0.6598290598290598 0.4383561643835616
2 0.6205128205128205 0.9013698630136986 0.6376068376068376 0.9013698630136986 0.6376068376068376 0.9287671232876712 0.6205128205128205 0.9287671232876712
2 0.37606837606837606 0.8986301369863013 0.39487179487179486 0.8986301369863013 0.39487179487179486 0.9287671232876712 0.37606837606837606 0.9287671232876712
2 0.6188034188034188 0.6383561643835617 0.6376068376068376 0.6383561643835617 0.6376068376068376 0.6684931506849315 0.6188034188034188 0.6684931506849315
2 0.3333333333333333 0.3452054794520548 0.35213675213675216 0.3452054794520548 0.35213675213675216 0.37534246575342467 0.3333333333333333 0.37534246575342467
2 0.5008547008547009 0.2493150684931507 0.5162393162393163 0.2493150684931507 0.5162393162393163 0.273972602739726 0.5008547008547009 0.273972602739726
2 0.2547008547008547 0.3452054794520548 0.27350427350427353 0.3452054794520548 0.27350427350427353 0.3726027397260274 0.2547008547008547 0.3726027397260274
2 0.37435897435897436 0.6383561643835617 0.39316239316239315 0.6383561643835617 0.39316239316239315 0.6684931506849315 0.37435897435897436 0.6684931506849315
2 0.8222222222222222 0.6383561643835617 0.8427350427350427 0.6383561643835617 0.8427350427350427 0.6684931506849315 0.8222222222222222 0.6684931506849315
2 0.17264957264957265 0.6383561643835617 0.19145299145299144 0.6383561643835617 0.19145299145299144 0.6684931506849315 0.17264957264957265 0.6684931506849315
2 0.49743589743589745 0.5095890410958904 0.5162393162393163 0.5095890410958904 0.5162393162393163 0.5397260273972603 0.49743589743589745 0.5397260273972603
2 0.7418803418803419 0.410958904109589 0.7589743589743589 0.410958904109589 0.7589743589743589 0.4383561643835616 0.7418803418803419 0.4383561643835616
2 0.49914529914529915 0.11506849315068493 0.517948717948718 0.11506849315068493 0.517948717948718 0.1452054794520548 0.49914529914529915 0.1452054794520548
