0 0.39274611398963727 0.27590361445783135 0.43316062176165804 0.27590361445783135 0.43316062176165804 0.3204819277108434 0.39274611398963727 0.3204819277108434
0 0.6974093264248704 0.27469879518072293 0.7357512953367875 0.27469879518072293 0.7357512953367875 0.31927710843373497 0.6974093264248704 0.31927710843373497
0 0.39481865284974094 0.5216867469879518 0.43316062176165804 0.5216867469879518 0.43316062176165804 0.5638554216867471 0.39481865284974094 0.5638554216867471
0 0.6974093264248704 0.5674698795180724 0.7378238341968911 0.5674698795180724 0.7378238341968911 0.6120481927710844 0.6974093264248704 0.6120481927710844
1 0.6051813471502591 0.29638554216867474 0.6227979274611398 0.29638554216867474 0.6227979274611398 0.3168674698795181 0.6051813471502591 0.3168674698795181
1 0.19792746113989637 0.5409638554216868 0.21450777202072538 0.5409638554216868 0.21450777202072538 0.5602409638554218 0.19792746113989637 0.5602409638554218
1 0.19792746113989637 0.1746987951807229 0.21450777202072538 0.1746987951807229 0.21450777202072538 0.19397590361445785 0.19792746113989637 0.19397590361445785
1 0.19792746113989637 0.29638554216867474 0.21450777202072538 0.29638554216867474 0.21450777202072538 0.3168674698795181 0.19792746113989637 0.3168674698795181
1 0.40518134715025905 0.9301204819277109 0.42176165803108806 0.9301204819277109 0.42176165803108806 0.9493975903614459 0.40518134715025905 0.9493975903614459
1 0.5046632124352332 0.5891566265060242 0.5212435233160622 0.5891566265060242 0.5212435233160622 0.6096385542168675 0.5046632124352332 0.6096385542168675
1 0.40414507772020725 0.5891566265060242 0.42176165803108806 0.5891566265060242 0.42176165803108806 0.6096385542168675 0.40414507772020725 0.6096385542168675
1 0.09740932642487046 0.5397590361445783 0.11709844559585492 0.5397590361445783 0.11709844559585492 0.5614457831325301 0.09740932642487046 0.5614457831325301
1 0.09740932642487046 0.29638554216867474 0.11709844559585492 0.29638554216867474 0.11709844559585492 0.31807228915662655 0.09740932642487046 0.31807228915662655
1 0.09948186528497409 0.9301204819277109 0.11606217616580311 0.9301204819277109 0.11606217616580311 0.9493975903614459 0.09948186528497409 0.9493975903614459
1 0.5036269430051813 0.6614457831325302 0.5222797927461139 0.6614457831325302 0.5222797927461139 0.683132530120482 0.5036269430051813 0.683132530120482
1 0.7067357512953367 0.7361445783132531 0.7253886010362693 0.7361445783132531 0.7253886010362693 0.7566265060240964 0.7067357512953367 0.7566265060240964
1 0.19792746113989637 0.4204819277108434 0.21554404145077719 0.4204819277108434 0.21554404145077719 0.4409638554216868 0.19792746113989637 0.4409638554216868
1 0.7098445595854922 0.9289156626506024 0.7264248704663212 0.9289156626506024 0.7264248704663212 0.9506024096385542 0.7098445595854922 0.9506024096385542
1 0.40414507772020725 0.04939759036144579 0.42072538860103625 0.04939759036144579 0.42072538860103625 0.06867469879518073 0.40414507772020725 0.06867469879518073
1 0.7077720207253886 0.04939759036144579 0.7243523316062176 0.04939759036144579 0.7243523316062176 0.06867469879518073 0.7077720207253886 0.06867469879518073
1 0.8072538860103626 0.7385542168674699 0.8227979274611399 0.7385542168674699 0.8227979274611399 0.7554216867469881 0.8072538860103626 0.7554216867469881
1 0.09948186528497409 0.050602409638554224 0.11606217616580311 0.050602409638554224 0.11606217616580311 0.06867469879518073 0.09948186528497409 0.06867469879518073
