0 0.22448979591836735 0.6750841750841751 0.24812030075187969 0.6750841750841751 0.24812030075187969 0.7087542087542087 0.22448979591836735 0.7087542087542087
1 0.79484425349087 0.4966329966329966 0.8163265306122449 0.4966329966329966 0.8163265306122449 0.531986531986532 0.79484425349087 0.531986531986532
0 0.6283566058002148 0.611111111111111 0.6498388829215896 0.611111111111111 0.6498388829215896 0.6447811447811448 0.6283566058002148 0.6447811447811448
0 0.45864661654135336 0.7929292929292929 0.48120300751879697 0.7929292929292929 0.48120300751879697 0.8299663299663299 0.45864661654135336 0.8299663299663299
0 0.6283566058002148 0.7154882154882155 0.6487647690655209 0.7154882154882155 0.6487647690655209 0.7491582491582491 0.6283566058002148 0.7491582491582491
2 0.22663802363050484 0.6447811447811448 0.24489795918367346 0.6447811447811448 0.24489795918367346 0.6734006734006733 0.22663802363050484 0.6734006734006733
0 0.6272824919441461 0.1616161616161616 0.6498388829215896 0.1616161616161616 0.6498388829215896 0.19696969696969696 0.6272824919441461 0.19696969696969696
0 0.4607948442534909 0.16498316498316498 0.48120300751879697 0.16498316498316498 0.48120300751879697 0.19528619528619529 0.4607948442534909 0.19528619528619529
0 0.32545649838882923 0.31986531986531985 0.3469387755102041 0.31986531986531985 0.3469387755102041 0.35353535353535354 0.32545649838882923 0.35353535353535354
2 0.6294307196562835 0.9074074074074073 0.6476906552094522 0.9074074074074073 0.6476906552094522 0.9343434343434343 0.6294307196562835 0.9343434343434343
2 0.22771213748657357 0.9074074074074073 0.24274973147153597 0.9074074074074073 0.24274973147153597 0.9343434343434343 0.22771213748657357 0.9343434343434343
2 0.46294307196562834 0.9074074074074073 0.4790547798066595 0.9074074074074073 0.4790547798066595 0.9343434343434343 0.46294307196562834 0.9343434343434343
2 0.6283566058002148 0.06397306397306397 0.6476906552094522 0.06397306397306397 0.6476906552094522 0.09427609427609428 0.6283566058002148 0.09427609427609428
2 0.8882921589688507 0.5033670033670034 0.9022556390977443 0.5033670033670034 0.9022556390977443 0.5252525252525252 0.8882921589688507 0.5252525252525252
2 0.12567132116004295 0.436026936026936 0.1439312567132116 0.436026936026936 0.1439312567132116 0.46127946127946123 0.12567132116004295 0.46127946127946123
2 0.3276047261009667 0.2777777777777778 0.34371643394199786 0.2777777777777778 0.34371643394199786 0.30303030303030304 0.3276047261009667 0.30303030303030304
2 0.4597207303974221 0.4074074074074074 0.4790547798066595 0.4074074074074074 0.4790547798066595 0.436026936026936 0.4597207303974221 0.436026936026936
2 0.6970998925886144 0.3552188552188552 0.7142857142857143 0.3552188552188552 0.7142857142857143 0.38215488215488214 0.6970998925886144 0.38215488215488214
2 0.19334049409237378 0.32996632996632996 0.21052631578947367 0.32996632996632996 0.21052631578947367 0.3552188552188552 0.19334049409237378 0.3552188552188552
2 0.3952738990332975 0.1717171717171717 0.4124597207303974 0.1717171717171717 0.4124597207303974 0.19865319865319864 0.3952738990332975 0.19865319865319864
2 0.32653061224489793 0.06565656565656565 0.34479054779806656 0.06565656565656565 0.34479054779806656 0.09259259259259259 0.32653061224489793 0.09259259259259259
2 0.5306122448979592 0.6212121212121212 0.5445757250268528 0.6212121212121212 0.5445757250268528 0.6414141414141414 0.5306122448979592 0.6414141414141414
2 0.6283566058002148 0.5656565656565656 0.6466165413533834 0.5656565656565656 0.6466165413533834 0.5942760942760943 0.6283566058002148 0.5942760942760943
2 0.4618689581095596 0.06565656565656565 0.4790547798066595 0.06565656565656565 0.4790547798066595 0.09259259259259259 0.4618689581095596 0.09259259259259259
2 0.6305048335123523 0.40909090909090906 0.6476906552094522 0.40909090909090906 0.6476906552094522 0.4343434343434343 0.6305048335123523 0.4343434343434343
2 0.46294307196562834 0.5723905723905723 0.48012889366272826 0.5723905723905723 0.48012889366272826 0.5976430976430976 0.46294307196562834 0.5976430976430976
