0 0.31282495667244364 0.6460674157303371 0.3327556325823223 0.6460674157303371 0.3327556325823223 0.6853932584269663 0.31282495667244364 0.6853932584269663
0 0.3674176776429809 0.32209737827715357 0.38734835355285957 0.32209737827715357 0.38734835355285957 0.3651685393258427 0.3674176776429809 0.3651685393258427
0 0.6897746967071057 0.5842696629213483 0.7123050259965338 0.5842696629213483 0.7123050259965338 0.6310861423220974 0.6897746967071057 0.6310861423220974
0 0.584055459272097 0.7640449438202247 0.6031195840554593 0.7640449438202247 0.6031195840554593 0.8052434456928839 0.584055459272097 0.8052434456928839
0 0.475736568457539 0.7621722846441947 0.49566724436741766 0.7621722846441947 0.49566724436741766 0.8052434456928839 0.475736568457539 0.8052434456928839
2 0.7487001733102253 0.599250936329588 0.7634315424610052 0.599250936329588 0.7634315424610052 0.6310861423220974 0.7487001733102253 0.6310861423220974
2 0.5875216637781628 0.8932584269662921 0.5996533795493934 0.8932584269662921 0.5996533795493934 0.9213483146067416 0.5875216637781628 0.9213483146067416
2 0.695840554592721 0.07677902621722847 0.7079722703639514 0.07677902621722847 0.7079722703639514 0.10299625468164794 0.695840554592721 0.10299625468164794
2 0.9038128249566724 0.48314606741573035 0.9185441941074522 0.48314606741573035 0.9185441941074522 0.5131086142322098 0.9038128249566724 0.5131086142322098
2 0.6949740034662044 0.8932584269662921 0.7079722703639514 0.8932584269662921 0.7079722703639514 0.9213483146067416 0.6949740034662044 0.9213483146067416
2 0.8552859618717504 0.4794007490636704 0.8726169844020797 0.4794007490636704 0.8726169844020797 0.5131086142322098 0.8552859618717504 0.5131086142322098
2 0.3708838821490468 0.07677902621722847 0.3821490467937608 0.07677902621722847 0.3821490467937608 0.10112359550561797 0.3708838821490468 0.10112359550561797
2 0.26256499133448874 0.07677902621722847 0.27383015597920274 0.07677902621722847 0.27383015597920274 0.10112359550561797 0.26256499133448874 0.10112359550561797
2 0.31629116117850953 0.8932584269662921 0.3292894280762565 0.8932584269662921 0.3292894280762565 0.9213483146067416 0.31629116117850953 0.9213483146067416
2 0.09878682842287695 0.3089887640449438 0.11265164644714037 0.3089887640449438 0.11265164644714037 0.33707865168539325 0.09878682842287695 0.33707865168539325
1 0.4774696707105719 0.8876404494382023 0.49393414211438474 0.8876404494382023 0.49393414211438474 0.9269662921348315 0.4774696707105719 0.9269662921348315
2 0.09878682842287695 0.6554307116104869 0.11351819757365685 0.6554307116104869 0.11351819757365685 0.6872659176029963 0.09878682842287695 0.6872659176029963
2 0.31629116117850953 0.601123595505618 0.3292894280762565 0.601123595505618 0.3292894280762565 0.6273408239700374 0.31629116117850953 0.6273408239700374
2 0.5857885615251299 0.5973782771535581 0.6005199306759098 0.5973782771535581 0.6005199306759098 0.6310861423220974 0.5857885615251299 0.6310861423220974
2 0.4774696707105719 0.5692883895131087 0.49306759098786823 0.5692883895131087 0.49306759098786823 0.601123595505618 0.4774696707105719 0.601123595505618
2 0.1533795493934142 0.1891385767790262 0.1681109185441941 0.1891385767790262 0.1681109185441941 0.2209737827715356 0.1533795493934142 0.2209737827715356
2 0.26083188908145577 0.3352059925093633 0.2755632582322357 0.3352059925093633 0.2755632582322357 0.36704119850187267 0.26083188908145577 0.36704119850187267
2 0.15424610051993068 0.7771535580524345 0.1655112651646447 0.7771535580524345 0.1655112651646447 0.8014981273408239 0.15424610051993068 0.8014981273408239
2 0.3682842287694974 0.2752808988764045 0.38388214904679374 0.2752808988764045 0.38388214904679374 0.3089887640449438 0.3682842287694974 0.3089887640449438
2 0.7608318890814557 0.19101123595505617 0.7746967071057191 0.19101123595505617 0.7746967071057191 0.2209737827715356 0.7608318890814557 0.2209737827715356
2 0.6949740034662044 0.5430711610486891 0.708838821490468 0.5430711610486891 0.708838821490468 0.5711610486891385 0.6949740034662044 0.5711610486891385
2 0.7816291161178509 0.08052434456928839 0.7902946273830156 0.08052434456928839 0.7902946273830156 0.09925093632958802 0.7816291161178509 0.09925093632958802
2 0.5329289428076256 0.6891385767790262 0.5459272097053726 0.6891385767790262 0.5459272097053726 0.7153558052434457 0.5329289428076256 0.7153558052434457
2 0.8570190641247833 0.599250936329588 0.8717504332755632 0.599250936329588 0.8717504332755632 0.6310861423220974 0.8570190641247833 0.6310861423220974
2 0.6403812824956672 0.4550561797752809 0.6542461005199306 0.4550561797752809 0.6542461005199306 0.48314606741573035 0.6403812824956672 0.48314606741573035
2 0.7824956672443674 0.10299625468164794 0.7894280762564991 0.10299625468164794 0.7894280762564991 0.1198501872659176 0.7824956672443674 0.1198501872659176
