0 0.5053648068669528 0.41747572815533984 0.5386266094420601 0.41747572815533984 0.5386266094420601 0.46601941747572817 0.5053648068669528 0.46601941747572817
1 0.09656652360515021 0.06472491909385114 0.11373390557939914 0.06472491909385114 0.11373390557939914 0.09061488673139159 0.09656652360515021 0.09061488673139159
1 0.6158798283261803 0.06310679611650485 0.6341201716738197 0.06310679611650485 0.6341201716738197 0.09061488673139159 0.6158798283261803 0.09061488673139159
1 0.5118025751072961 0.06310679611650485 0.5300429184549357 0.06310679611650485 0.5300429184549357 0.09061488673139159 0.5118025751072961 0.09061488673139159
1 0.8744635193133047 0.06310679611650485 0.8927038626609443 0.06310679611650485 0.8927038626609443 0.09061488673139159 0.8744635193133047 0.09061488673139159
1 0.19957081545064378 0.06472491909385114 0.21781115879828325 0.06472491909385114 0.21781115879828325 0.09061488673139159 0.19957081545064378 0.09061488673139159
1 0.30472103004291845 0.3414239482200647 0.3229613733905579 0.3414239482200647 0.3229613733905579 0.3673139158576052 0.30472103004291845 0.3673139158576052
1 0.5118025751072961 0.33980582524271846 0.5311158798283262 0.33980582524271846 0.5311158798283262 0.3673139158576052 0.5118025751072961 0.3673139158576052
1 0.3562231759656652 0.6828478964401294 0.37446351931330474 0.6828478964401294 0.37446351931330474 0.7103559870550162 0.3562231759656652 0.7103559870550162
1 0.8755364806866953 0.5792880258899676 0.8937768240343348 0.5792880258899676 0.8937768240343348 0.6084142394822006 0.8755364806866953 0.6084142394822006
1 0.19957081545064378 0.3414239482200647 0.21781115879828325 0.3414239482200647 0.21781115879828325 0.3673139158576052 0.19957081545064378 0.3673139158576052
2 0.3583690987124464 0.9142394822006473 0.37446351931330474 0.9142394822006473 0.37446351931330474 0.941747572815534 0.3583690987124464 0.941747572815534
