0 0.13644214162348878 0.4931506849315068 0.17271157167530224 0.4931506849315068 0.17271157167530224 0.5322896281800391 0.13644214162348878 0.5322896281800391
0 0.45768566493955093 0.7671232876712328 0.4956822107081174 0.7671232876712328 0.4956822107081174 0.8082191780821917 0.45768566493955093 0.8082191780821917
1 0.7841105354058722 0.5009784735812133 0.8169257340241796 0.5009784735812133 0.8169257340241796 0.538160469667319 0.7841105354058722 0.538160469667319
2 0.13989637305699482 0.6575342465753424 0.16580310880829013 0.6575342465753424 0.16580310880829013 0.6888454011741683 0.13989637305699482 0.6888454011741683
2 0.24870466321243523 0.20156555772994128 0.27288428324697755 0.20156555772994128 0.27288428324697755 0.22700587084148727 0.24870466321243523 0.22700587084148727
2 0.3557858376511226 0.07827788649706457 0.3799654576856649 0.07827788649706457 0.3799654576856649 0.10763209393346379 0.3557858376511226 0.10763209393346379
2 0.5716753022452504 0.32093933463796476 0.5975820379965457 0.32093933463796476 0.5975820379965457 0.350293542074364 0.5716753022452504 0.350293542074364
2 0.6787564766839378 0.19960861056751467 0.7063903281519861 0.19960861056751467 0.7063903281519861 0.22896281800391388 0.6787564766839378 0.22896281800391388
2 0.46286701208981 0.5968688845401173 0.4905008635578584 0.5968688845401173 0.4905008635578584 0.6281800391389432 0.46286701208981 0.6281800391389432
2 0.24870466321243523 0.7808219178082192 0.27288428324697755 0.7808219178082192 0.27288428324697755 0.8062622309197651 0.24870466321243523 0.8062622309197651
2 0.464594127806563 0.9041095890410958 0.48877374784110533 0.9041095890410958 0.48877374784110533 0.9315068493150684 0.464594127806563 0.9315068493150684
2 0.35924006908462863 0.32289628180039137 0.3799654576856649 0.32289628180039137 0.3799654576856649 0.34833659491193736 0.35924006908462863 0.34833659491193736
2 0.5699481865284974 0.07632093933463796 0.5975820379965457 0.07632093933463796 0.5975820379965457 0.10763209393346379 0.5699481865284974 0.10763209393346379
0 0.459412780656304 0.34833659491193736 0.5008635578583764 0.34833659491193736 0.5008635578583764 0.38551859099804303 0.459412780656304 0.38551859099804303
2 0.8583765112262521 0.5088062622309197 0.8842832469775475 0.5088062622309197 0.8842832469775475 0.5322896281800391 0.8583765112262521 0.5322896281800391
