0 0.6101851851851852 0.763157894736842 0.6444444444444445 0.763157894736842 0.6444444444444445 0.8082706766917293 0.6101851851851852 0.8082706766917293
0 0.7546296296296297 0.5614035087719298 0.7898148148148149 0.5614035087719298 0.7898148148148149 0.6077694235588972 0.7546296296296297 0.6077694235588972
0 0.7546296296296297 0.10526315789473684 0.7898148148148149 0.10526315789473684 0.7898148148148149 0.15037593984962405 0.7546296296296297 0.15037593984962405
0 0.46574074074074073 0.16416040100250626 0.5 0.16416040100250626 0.5 0.21052631578947367 0.46574074074074073 0.21052631578947367
0 0.46574074074074073 0.20426065162907267 0.4981481481481482 0.20426065162907267 0.4981481481481482 0.24561403508771928 0.46574074074074073 0.24561403508771928
1 0.5388888888888889 0.8508771929824561 0.5546296296296297 0.8508771929824561 0.5546296296296297 0.8721804511278195 0.5388888888888889 0.8721804511278195
1 0.763888888888889 0.05137844611528822 0.7787037037037038 0.05137844611528822 0.7787037037037038 0.07142857142857142 0.763888888888889 0.07142857142857142
1 0.4740740740740741 0.05137844611528822 0.4898148148148148 0.05137844611528822 0.4898148148148148 0.07142857142857142 0.4740740740740741 0.07142857142857142
1 0.9064814814814816 0.9360902255639098 0.9212962962962963 0.9360902255639098 0.9212962962962963 0.9573934837092731 0.9064814814814816 0.9573934837092731
1 0.763888888888889 0.9360902255639098 0.7787037037037038 0.9360902255639098 0.7787037037037038 0.9573934837092731 0.763888888888889 0.9573934837092731
1 0.3277777777777778 0.5852130325814536 0.34444444444444444 0.5852130325814536 0.34444444444444444 0.606516290726817 0.3277777777777778 0.606516290726817
1 0.3277777777777778 0.7832080200501252 0.34444444444444444 0.7832080200501252 0.34444444444444444 0.8057644110275689 0.3277777777777778 0.8057644110275689
1 0.6907407407407408 0.5827067669172932 0.7055555555555556 0.5827067669172932 0.7055555555555556 0.6027568922305764 0.6907407407407408 0.6027568922305764
1 0.040740740740740744 0.19548872180451127 0.05555555555555556 0.19548872180451127 0.05555555555555556 0.21553884711779447 0.040740740740740744 0.21553884711779447
1 0.7620370370370371 0.7819548872180451 0.7796296296296297 0.7819548872180451 0.7796296296296297 0.8045112781954886 0.7620370370370371 0.8045112781954886
1 0.4740740740740741 0.25689223057644106 0.48888888888888893 0.25689223057644106 0.48888888888888893 0.2781954887218045 0.4740740740740741 0.2781954887218045
1 0.04166666666666667 0.05137844611528822 0.05648148148148149 0.05137844611528822 0.05648148148148149 0.07268170426065163 0.04166666666666667 0.07268170426065163
1 0.47314814814814815 0.45739348370927313 0.4898148148148148 0.45739348370927313 0.4898148148148148 0.47869674185463656 0.47314814814814815 0.47869674185463656
1 0.3287037037037037 0.9373433583959899 0.34351851851851856 0.9373433583959899 0.34351851851851856 0.9573934837092731 0.3287037037037037 0.9573934837092731
1 0.6185185185185186 0.5827067669172932 0.6342592592592593 0.5827067669172932 0.6342592592592593 0.6040100250626566 0.6185185185185186 0.6040100250626566
1 0.6194444444444445 0.9373433583959899 0.6342592592592593 0.9373433583959899 0.6342592592592593 0.9573934837092731 0.6194444444444445 0.9573934837092731
1 0.4740740740740741 0.39473684210526316 0.4898148148148148 0.39473684210526316 0.4898148148148148 0.41604010025062654 0.4740740740740741 0.41604010025062654
1 0.11388888888888889 0.12781954887218044 0.12962962962962962 0.12781954887218044 0.12962962962962962 0.14661654135338345 0.11388888888888889 0.14661654135338345
1 0.9055555555555556 0.581453634085213 0.9222222222222223 0.581453634085213 0.9222222222222223 0.6052631578947368 0.9055555555555556 0.6052631578947368
1 0.40185185185185185 0.8508771929824561 0.4166666666666667 0.8508771929824561 0.4166666666666667 0.8709273182957393 0.40185185185185185 0.8709273182957393
1 0.04166666666666667 0.9360902255639098 0.05740740740740741 0.9360902255639098 0.05740740740740741 0.9573934837092731 0.04166666666666667 0.9573934837092731
1 0.40092592592592596 0.6528822055137844 0.41574074074074074 0.6528822055137844 0.41574074074074074 0.6741854636591478 0.40092592592592596 0.6741854636591478
1 0.37777777777777777 0.12781954887218044 0.39166666666666666 0.12781954887218044 0.39166666666666666 0.14661654135338345 0.37777777777777777 0.14661654135338345
