0 0.6861252115059221 0.5150976909413855 0.7148900169204737 0.5150976909413855 0.7148900169204737 0.5452930728241563 0.6861252115059221 0.5452930728241563
0 0.6861252115059221 0.2380106571936057 0.7140439932318104 0.2380106571936057 0.7140439932318104 0.2673179396092362 0.6861252115059221 0.2673179396092362
0 0.21912013536379019 0.6225577264653641 0.24788494077834178 0.6225577264653641 0.24788494077834178 0.6518650088809947 0.21912013536379019 0.6518650088809947
0 0.3299492385786802 0.6216696269982238 0.3587140439932318 0.6216696269982238 0.3587140439932318 0.652753108348135 0.3299492385786802 0.652753108348135
0 0.766497461928934 0.738898756660746 0.7969543147208121 0.738898756660746 0.7969543147208121 0.7682060390763766 0.766497461928934 0.7682060390763766
0 0.8468697123519459 0.738898756660746 0.877326565143824 0.738898756660746 0.877326565143824 0.7690941385435169 0.8468697123519459 0.7690941385435169
0 0.6852791878172588 0.738898756660746 0.7140439932318104 0.738898756660746 0.7140439932318104 0.7682060390763766 0.6852791878172588 0.7682060390763766
0 0.8062605752961083 0.3019538188277087 0.8367174280879864 0.3019538188277087 0.8367174280879864 0.33126110124333924 0.8062605752961083 0.33126110124333924
0 0.10575296108291032 0.6207815275310835 0.13705583756345177 0.6207815275310835 0.13705583756345177 0.652753108348135 0.10575296108291032 0.652753108348135
1 0.8138747884940778 0.5284191829484902 0.8299492385786802 0.5284191829484902 0.8299492385786802 0.544404973357016 0.8138747884940778 0.544404973357016
1 0.4289340101522843 0.6349911190053287 0.44416243654822335 0.6349911190053287 0.44416243654822335 0.6509769094138543 0.4289340101522843 0.6509769094138543
1 0.17005076142131978 0.2522202486678508 0.1844331641285956 0.2522202486678508 0.1844331641285956 0.2664298401420959 0.17005076142131978 0.2664298401420959
1 0.4289340101522843 0.5293072824156305 0.44331641285956 0.5293072824156305 0.44331641285956 0.544404973357016 0.4289340101522843 0.544404973357016
1 0.8147208121827411 0.6349911190053287 0.8291032148900169 0.6349911190053287 0.8291032148900169 0.6509769094138543 0.8147208121827411 0.6509769094138543
1 0.33671742808798644 0.5284191829484902 0.3519458544839255 0.5284191829484902 0.3519458544839255 0.5452930728241563 0.33671742808798644 0.5452930728241563
1 0.2817258883248731 0.741563055062167 0.29610829103214886 0.741563055062167 0.29610829103214886 0.7566607460035524 0.2817258883248731 0.7566607460035524
1 0.33671742808798644 0.591474245115453 0.3519458544839255 0.591474245115453 0.3519458544839255 0.6083481349911191 0.33671742808798644 0.6083481349911191
1 0.22419627749576987 0.6785079928952042 0.23942470389170897 0.6785079928952042 0.23942470389170897 0.6936056838365897 0.22419627749576987 0.6936056838365897
1 0.33756345177664976 0.03818827708703375 0.3519458544839255 0.03818827708703375 0.3519458544839255 0.0541740674955595 0.33756345177664976 0.0541740674955595
1 0.8553299492385786 0.9449378330373002 0.8697123519458545 0.9449378330373002 0.8697123519458545 0.9591474245115453 0.8553299492385786 0.9591474245115453
1 0.7741116751269035 0.9449378330373002 0.7884940778341794 0.9449378330373002 0.7884940778341794 0.9591474245115453 0.7741116751269035 0.9591474245115453
1 0.8147208121827411 0.03818827708703375 0.8291032148900169 0.03818827708703375 0.8291032148900169 0.05328596802841919 0.8147208121827411 0.05328596802841919
1 0.560067681895093 0.6349911190053287 0.5761421319796954 0.6349911190053287 0.5761421319796954 0.6518650088809947 0.560067681895093 0.6518650088809947
1 0.11421319796954314 0.03907637655417407 0.12859560067681894 0.03907637655417407 0.12859560067681894 0.05328596802841919 0.11421319796954314 0.05328596802841919
1 0.33756345177664976 0.9440497335701599 0.3519458544839255 0.9440497335701599 0.3519458544839255 0.9591474245115453 0.33756345177664976 0.9591474245115453
1 0.4289340101522843 0.9449378330373002 0.44331641285956 0.9449378330373002 0.44331641285956 0.9591474245115453 0.4289340101522843 0.9591474245115453
1 0.11252115059221658 0.3152753108348135 0.12944162436548223 0.3152753108348135 0.12944162436548223 0.33126110124333924 0.11252115059221658 0.33126110124333924
1 0.11421319796954314 0.9440497335701599 0.12859560067681894 0.9440497335701599 0.12859560067681894 0.9591474245115453 0.11421319796954314 0.9591474245115453
1 0.22504230118443316 0.9440497335701599 0.24027072758037224 0.9440497335701599 0.24027072758037224 0.9591474245115453 0.22504230118443316 0.9591474245115453
1 0.5617597292724196 0.9449378330373002 0.5752961082910322 0.9449378330373002 0.5752961082910322 0.9591474245115453 0.5617597292724196 0.9591474245115453
1 0.22504230118443316 0.03907637655417407 0.23942470389170897 0.03907637655417407 0.23942470389170897 0.05328596802841919 0.22504230118443316 0.05328596802841919
1 0.6920473773265651 0.03907637655417407 0.7064297800338409 0.03907637655417407 0.7064297800338409 0.0541740674955595 0.6920473773265651 0.0541740674955595
1 0.6920473773265651 0.9449378330373002 0.7064297800338409 0.9449378330373002 0.7064297800338409 0.9591474245115453 0.6920473773265651 0.9591474245115453
1 0.6920473773265651 0.6349911190053287 0.7081218274111675 0.6349911190053287 0.7081218274111675 0.6518650088809947 0.6920473773265651 0.6518650088809947
1 0.3680203045685279 0.9440497335701599 0.3824027072758037 0.9440497335701599 0.3824027072758037 0.9591474245115453 0.3680203045685279 0.9591474245115453
2 0.6099830795262268 0.5275310834813499 0.6269035532994923 0.5275310834813499 0.6269035532994923 0.5452930728241563 0.6099830795262268 0.5452930728241563
