0 0.6844547563805105 0.8033794162826421 0.7111368909512761 0.8033794162826421 0.7111368909512761 0.8387096774193549 0.6844547563805105 0.8387096774193549
0 0.18213457076566125 0.7081413210445469 0.21113689095127608 0.7081413210445469 0.21113689095127608 0.7450076804915514 0.18213457076566125 0.7450076804915514
0 0.6832946635730858 0.7081413210445469 0.7111368909512761 0.7081413210445469 0.7111368909512761 0.7450076804915514 0.6832946635730858 0.7450076804915514
0 0.18329466357308583 0.2350230414746544 0.21113689095127608 0.2350230414746544 0.21113689095127608 0.271889400921659 0.18329466357308583 0.271889400921659
0 0.43271461716937354 0.8033794162826421 0.4605568445475638 0.8033794162826421 0.4605568445475638 0.8387096774193549 0.43271461716937354 0.8387096774193549
0 0.2900232018561485 0.7081413210445469 0.31786542923433875 0.7081413210445469 0.31786542923433875 0.7450076804915514 0.2900232018561485 0.7450076804915514
0 0.6844547563805105 0.13978494623655913 0.7111368909512761 0.13978494623655913 0.7111368909512761 0.17511520737327188 0.6844547563805105 0.17511520737327188
0 0.43271461716937354 0.141321044546851 0.4605568445475638 0.141321044546851 0.4605568445475638 0.17511520737327188 0.43271461716937354 0.17511520737327188
0 0.2900232018561485 0.804915514592934 0.31786542923433875 0.804915514592934 0.31786542923433875 0.8387096774193549 0.2900232018561485 0.8387096774193549
0 0.7911832946635731 0.8033794162826421 0.8190255220417633 0.8033794162826421 0.8190255220417633 0.8387096774193549 0.7911832946635731 0.8387096774193549
0 0.5406032482598607 0.23809523809523808 0.5672853828306265 0.23809523809523808 0.5672853828306265 0.271889400921659 0.5406032482598607 0.271889400921659
0 0.7900232018561485 0.6129032258064516 0.8190255220417633 0.6129032258064516 0.8190255220417633 0.6497695852534562 0.7900232018561485 0.6497695852534562
0 0.7911832946635731 0.141321044546851 0.820185614849188 0.141321044546851 0.820185614849188 0.17511520737327188 0.7911832946635731 0.17511520737327188
0 0.18213457076566125 0.6144393241167435 0.2099767981438515 0.6144393241167435 0.2099767981438515 0.6497695852534562 0.18213457076566125 0.6497695852534562
0 0.5406032482598607 0.7081413210445469 0.568445475638051 0.7081413210445469 0.568445475638051 0.7450076804915514 0.5406032482598607 0.7450076804915514
2 0.5452436194895591 0.9109062980030722 0.5638051044083526 0.9109062980030722 0.5638051044083526 0.9339477726574501 0.5452436194895591 0.9339477726574501
2 0.7958236658932715 0.059907834101382486 0.814385150812065 0.059907834101382486 0.814385150812065 0.08294930875576037 0.7958236658932715 0.08294930875576037
2 0.29466357308584684 0.9109062980030722 0.31322505800464034 0.9109062980030722 0.31322505800464034 0.9339477726574501 0.29466357308584684 0.9339477726574501
2 0.4385150812064965 0.059907834101382486 0.4559164733178654 0.059907834101382486 0.4559164733178654 0.08141321044546851 0.4385150812064965 0.08141321044546851
2 0.18793503480278423 0.059907834101382486 0.20533642691415313 0.059907834101382486 0.20533642691415313 0.08294930875576037 0.18793503480278423 0.08294930875576037
2 0.7958236658932715 0.9093701996927803 0.814385150812065 0.9093701996927803 0.814385150812065 0.9339477726574501 0.7958236658932715 0.9339477726574501
2 0.6890951276102087 0.059907834101382486 0.7064965197215777 0.059907834101382486 0.7064965197215777 0.08294930875576037 0.6890951276102087 0.08294930875576037
2 0.4385150812064965 0.9109062980030722 0.4559164733178654 0.9109062980030722 0.4559164733178654 0.9339477726574501 0.4385150812064965 0.9339477726574501
2 0.6890951276102087 0.9109062980030722 0.7064965197215777 0.9109062980030722 0.7064965197215777 0.9339477726574501 0.6890951276102087 0.9339477726574501
2 0.5452436194895591 0.05837173579109063 0.5649651972157772 0.05837173579109063 0.5649651972157772 0.08294930875576037 0.5452436194895591 0.08294930875576037
2 0.18793503480278423 0.9109062980030722 0.20533642691415313 0.9109062980030722 0.20533642691415313 0.9339477726574501 0.18793503480278423 0.9339477726574501
2 0.29466357308584684 0.05837173579109063 0.31322505800464034 0.05837173579109063 0.31322505800464034 0.08294930875576037 0.29466357308584684 0.08294930875576037
2 0.3677494199535963 0.7235023041474654 0.3839907192575406 0.7235023041474654 0.3839907192575406 0.7450076804915514 0.3677494199535963 0.7450076804915514
2 0.18793503480278423 0.41321044546851 0.20649651972157773 0.41321044546851 0.20649651972157773 0.4377880184331797 0.18793503480278423 0.4377880184331797
2 0.29466357308584684 0.5560675883256528 0.31322505800464034 0.5560675883256528 0.31322505800464034 0.5806451612903226 0.29466357308584684 0.5806451612903226
2 0.29350348027842227 0.24731182795698925 0.31322505800464034 0.24731182795698925 0.31322505800464034 0.271889400921659 0.29350348027842227 0.271889400921659
2 0.7946635730858468 0.4116743471582181 0.814385150812065 0.4116743471582181 0.814385150812065 0.4377880184331797 0.7946635730858468 0.4377880184331797
2 0.6879350348027842 0.5560675883256528 0.7064965197215777 0.5560675883256528 0.7064965197215777 0.5791090629800307 0.6879350348027842 0.5791090629800307
2 0.6183294663573086 0.15514592933947774 0.6334106728538282 0.15514592933947774 0.6334106728538282 0.17511520737327188 0.6183294663573086 0.17511520737327188
2 0.6183294663573086 0.8172043010752689 0.6334106728538282 0.8172043010752689 0.6334106728538282 0.837173579109063 0.6183294663573086 0.837173579109063
2 0.36658932714617165 0.24731182795698925 0.38515081206496515 0.24731182795698925 0.38515081206496515 0.271889400921659 0.36658932714617165 0.271889400921659
2 0.08004640371229699 0.4838709677419355 0.09860788863109049 0.4838709677419355 0.09860788863109049 0.5084485407066052 0.08004640371229699 0.5084485407066052
2 0.9025522041763341 0.48540706605222733 0.919953596287703 0.48540706605222733 0.919953596287703 0.5084485407066052 0.9025522041763341 0.5084485407066052
2 0.4385150812064965 0.3195084485407066 0.4559164733178654 0.3195084485407066 0.4559164733178654 0.34101382488479265 0.4385150812064965 0.34101382488479265
2 0.22505800464037123 0.6282642089093702 0.24013921113689093 0.6282642089093702 0.24013921113689093 0.6482334869431644 0.22505800464037123 0.6482334869431644
2 0.4396751740139211 0.6543778801843319 0.4547563805104408 0.6543778801843319 0.4547563805104408 0.6728110599078341 0.4396751740139211 0.6728110599078341
2 0.759860788863109 0.6282642089093702 0.777262180974478 0.6282642089093702 0.777262180974478 0.6497695852534562 0.759860788863109 0.6497695852534562
2 0.5452436194895591 0.22427035330261136 0.5638051044083526 0.22427035330261136 0.5638051044083526 0.2457757296466974 0.5452436194895591 0.2457757296466974
