0 0.3946768060836502 0.2325886990801577 0.4190114068441064 0.2325886990801577 0.4190114068441064 0.2720105124835743 0.3946768060836502 0.2720105124835743
0 0.7741444866920152 0.23127463863337713 0.7999999999999999 0.23127463863337713 0.7999999999999999 0.27463863337713534 0.7741444866920152 0.27463863337713534
1 0.488212927756654 0.16688567674113008 0.49961977186311785 0.16688567674113008 0.49961977186311785 0.18791064388961892 0.488212927756654 0.18791064388961892
1 0.3209125475285171 0.7555847568988173 0.33307984790874523 0.7555847568988173 0.33307984790874523 0.7779237844940867 0.3209125475285171 0.7779237844940867
1 0.7809885931558935 0.7542706964520368 0.7939163498098859 0.7542706964520368 0.7939163498098859 0.7766097240473062 0.7809885931558935 0.7766097240473062
1 0.3209125475285171 0.48226018396846254 0.33307984790874523 0.48226018396846254 0.33307984790874523 0.5045992115637319 0.3209125475285171 0.5045992115637319
1 0.7802281368821292 0.5781865965834428 0.7946768060836501 0.5781865965834428 0.7946768060836501 0.6031537450722734 0.7802281368821292 0.6031537450722734
1 0.9216730038022813 0.11957950065703023 0.9338403041825094 0.11957950065703023 0.9338403041825094 0.14191852825229961 0.9216730038022813 0.14191852825229961
1 0.3992395437262357 0.3180026281208936 0.4129277566539924 0.3180026281208936 0.4129277566539924 0.3390275952693824 0.3992395437262357 0.3390275952693824
1 0.5543726235741444 0.3180026281208936 0.5673003802281369 0.3180026281208936 0.5673003802281369 0.3403416557161629 0.5543726235741444 0.3403416557161629
1 0.08745247148288973 0.3180026281208936 0.10038022813688212 0.3180026281208936 0.10038022813688212 0.3403416557161629 0.08745247148288973 0.3403416557161629
1 0.7809885931558935 0.05913272010512484 0.7939163498098859 0.05913272010512484 0.7939163498098859 0.07884362680683311 0.7809885931558935 0.07884362680683311
1 0.8699619771863117 0.16688567674113008 0.8821292775665399 0.16688567674113008 0.8821292775665399 0.18791064388961892 0.8699619771863117 0.18791064388961892
1 0.24106463878326995 0.3180026281208936 0.2547528517110266 0.3180026281208936 0.2547528517110266 0.3403416557161629 0.24106463878326995 0.3403416557161629
1 0.24106463878326995 0.9342969776609724 0.2539923954372623 0.9342969776609724 0.2539923954372623 0.9553219448094613 0.24106463878326995 0.9553219448094613
1 0.2418250950570342 0.05913272010512484 0.25323193916349807 0.05913272010512484 0.25323193916349807 0.07884362680683311 0.2418250950570342 0.07884362680683311
1 0.3992395437262357 0.9342969776609724 0.4121673003802281 0.9342969776609724 0.4121673003802281 0.9553219448094613 0.3992395437262357 0.9553219448094613
0 0.5482889733840304 0.6662286465177398 0.5688212927756654 0.6662286465177398 0.5688212927756654 0.7069645203679369 0.5482889733840304 0.7069645203679369
1 0.39999999999999997 0.05913272010512484 0.4121673003802281 0.05913272010512484 0.4121673003802281 0.07752956636005257 0.39999999999999997 0.07752956636005257
1 0.7011406844106464 0.6767411300919842 0.7133079847908744 0.6767411300919842 0.7133079847908744 0.6977660972404731 0.7011406844106464 0.6977660972404731
1 0.8600760456273764 0.9342969776609724 0.8730038022813688 0.9342969776609724 0.8730038022813688 0.9553219448094613 0.8600760456273764 0.9553219448094613
1 0.7011406844106464 0.9356110381077529 0.7133079847908744 0.9356110381077529 0.7133079847908744 0.9553219448094613 0.7011406844106464 0.9553219448094613
