0 0.22958579881656804 0.6741154562383612 0.25207100591715975 0.6741154562383612 0.25207100591715975 0.707635009310987 0.22958579881656804 0.707635009310987
2 0.2319526627218935 0.6480446927374302 0.24733727810650888 0.6480446927374302 0.24733727810650888 0.6722532588454376 0.2319526627218935 0.6722532588454376
0 0.655621301775148 0.6126629422718808 0.6757396449704142 0.6126629422718808 0.6757396449704142 0.6443202979515829 0.655621301775148 0.6443202979515829
0 0.327810650887574 0.32774674115456237 0.3479289940828402 0.32774674115456237 0.3479289940828402 0.35940409683426444 0.327810650887574 0.35940409683426444
0 0.5254437869822485 0.1750465549348231 0.5443786982248521 0.1750465549348231 0.5443786982248521 0.2048417132216015 0.5254437869822485 0.2048417132216015
1 0.7869822485207101 0.49906890130353815 0.808284023668639 0.49906890130353815 0.808284023668639 0.5325884543761639 0.7869822485207101 0.5325884543761639
2 0.33136094674556216 0.08007448789571694 0.34437869822485206 0.08007448789571694 0.34437869822485206 0.1005586592178771 0.33136094674556216 0.1005586592178771
2 0.3301775147928994 0.2849162011173184 0.3455621301775148 0.2849162011173184 0.3455621301775148 0.3091247672253259 0.3301775147928994 0.3091247672253259
2 0.8769230769230769 0.5046554934823091 0.893491124260355 0.5046554934823091 0.893491124260355 0.5307262569832403 0.8769230769230769 0.5307262569832403
2 0.2319526627218935 0.9068901303538175 0.24615384615384617 0.9068901303538175 0.24615384615384617 0.9273743016759777 0.2319526627218935 0.9273743016759777
2 0.527810650887574 0.08007448789571694 0.5420118343195266 0.08007448789571694 0.5420118343195266 0.1005586592178771 0.527810650887574 0.1005586592178771
2 0.13254437869822486 0.43947858472998136 0.14911242603550295 0.43947858472998136 0.14911242603550295 0.4655493482309125 0.13254437869822486 0.4655493482309125
2 0.3952662721893491 0.18063314711359404 0.4106508875739645 0.18063314711359404 0.4106508875739645 0.2048417132216015 0.3952662721893491 0.2048417132216015
2 0.527810650887574 0.9068901303538175 0.5420118343195266 0.9068901303538175 0.5420118343195266 0.9292364990689013 0.527810650887574 0.9292364990689013
2 0.5266272189349113 0.49162011173184356 0.5420118343195266 0.49162011173184356 0.5420118343195266 0.515828677839851 0.5266272189349113 0.515828677839851
2 0.6591715976331362 0.770949720670391 0.6733727810650888 0.770949720670391 0.6733727810650888 0.7951582867783985 0.6591715976331362 0.7951582867783985
2 0.19881656804733727 0.3370577281191806 0.21420118343195266 0.3370577281191806 0.21420118343195266 0.35940409683426444 0.19881656804733727 0.35940409683426444
