0 0.39863945578231286 0.2688679245283018 0.42004807362382796 0.2688679245283018 0.42004807362382796 0.30697379575210776 0.39863945578231286 0.30697379575210776
1 0.5904761904761905 0.2783018867924528 0.6108843537414966 0.2783018867924528 0.6108843537414966 0.3136792452830189 0.5904761904761905 0.3136792452830189
1 0.07755102040816327 0.5 0.09931972789115646 0.5 0.09931972789115646 0.535377358490566 0.07755102040816327 0.535377358490566
2 0.7210884353741497 0.08726415094339622 0.7374149659863946 0.08726415094339622 0.7374149659863946 0.11556603773584906 0.7210884353741497 0.11556603773584906
2 0.272108843537415 0.08726415094339622 0.2884353741496599 0.08726415094339622 0.2884353741496599 0.11556603773584906 0.272108843537415 0.11556603773584906
0 0.2693877551020408 0.3632075471698113 0.2938775510204082 0.3632075471698113 0.2938775510204082 0.4056603773584906 0.2693877551020408 0.4056603773584906
2 0.4 0.08726415094339622 0.4163265306122449 0.08726415094339622 0.4163265306122449 0.11556603773584906 0.4 0.11556603773584906
0 0.7170068027210884 0.49056603773584906 0.7414965986394558 0.49056603773584906 0.7414965986394558 0.5306603773584906 0.7170068027210884 0.5306603773584906
1 0.9129251700680272 0.5 0.9319727891156463 0.5 0.9319727891156463 0.535377358490566 0.9129251700680272 0.535377358490566
1 0.4 0.37735849056603776 0.41768707482993195 0.37735849056603776 0.41768707482993195 0.4080188679245283 0.4 0.4080188679245283
0 0.7183673469387755 0.2688679245283019 0.7401360544217687 0.2688679245283019 0.7401360544217687 0.30424528301886794 0.7183673469387755 0.30424528301886794
2 0.5931972789115646 0.08726415094339622 0.6095238095238096 0.08726415094339622 0.6095238095238096 0.11556603773584906 0.5931972789115646 0.11556603773584906
2 0.2707482993197279 0.6933962264150944 0.2897959183673469 0.6933962264150944 0.2897959183673469 0.7287735849056604 0.2707482993197279 0.7287735849056604
2 0.4965986394557823 0.6981132075471698 0.5129251700680272 0.6981132075471698 0.5129251700680272 0.7287735849056604 0.4965986394557823 0.7287735849056604
2 0.39863945578231286 0.5 0.4176870748299319 0.5 0.4176870748299319 0.5330188679245284 0.39863945578231286 0.5330188679245284
0 0.2680272108843537 0.4882075471698113 0.29387755102040813 0.4882075471698113 0.29387755102040813 0.5330188679245284 0.2680272108843537 0.5330188679245284
2 0.7197278911564626 0.6933962264150944 0.7401360544217687 0.6933962264150944 0.7401360544217687 0.7287735849056604 0.7197278911564626 0.7287735849056604
2 0.8163265306122449 0.8066037735849056 0.8353741496598639 0.8066037735849056 0.8353741496598639 0.839622641509434 0.8163265306122449 0.839622641509434
0 0.5891156462585034 0.3632075471698113 0.6136054421768707 0.3632075471698113 0.6136054421768707 0.4080188679245283 0.5891156462585034 0.4080188679245283
2 0.17551020408163265 0.8089622641509435 0.19319727891156463 0.8089622641509435 0.19319727891156463 0.8396226415094341 0.17551020408163265 0.8396226415094341
2 0.4965986394557823 0.9198113207547169 0.5129251700680272 0.9198113207547169 0.5129251700680272 0.9481132075471698 0.4965986394557823 0.9481132075471698
2 0.7224489795918367 0.9221698113207547 0.7387755102040816 0.9221698113207547 0.7387755102040816 0.9481132075471698 0.7224489795918367 0.9481132075471698
2 0.27346938775510204 0.9221698113207547 0.2897959183673469 0.9221698113207547 0.2897959183673469 0.9481132075471698 0.27346938775510204 0.9481132075471698
2 0.5931972789115646 0.5070754716981132 0.6095238095238096 0.5070754716981132 0.6095238095238096 0.5330188679245284 0.5931972789115646 0.5330188679245284
