0 0.3976705490848586 0.5862708719851577 0.43094841930116473 0.5862708719851577 0.43094841930116473 0.6233766233766234 0.3976705490848586 0.6233766233766234
2 0.31114808652246256 0.5992578849721707 0.33277870216306155 0.5992578849721707 0.33277870216306155 0.6233766233766234 0.31114808652246256 0.6233766233766234
2 0.7737104825291181 0.49907235621521334 0.7936772046589019 0.49907235621521334 0.7936772046589019 0.5213358070500927 0.7737104825291181 0.5213358070500927
2 0.40599001663893514 0.08719851576994435 0.4226289517470882 0.08719851576994435 0.4226289517470882 0.10575139146567718 0.40599001663893514 0.10575139146567718
2 0.40432612312811983 0.49907235621521334 0.4226289517470882 0.49907235621521334 0.4226289517470882 0.5194805194805195 0.40432612312811983 0.5194805194805195
2 0.49750415973377704 0.39517625231910947 0.5174708818635607 0.39517625231910947 0.5174708818635607 0.4174397031539889 0.49750415973377704 0.4174397031539889
2 0.49750415973377704 0.19109461966604824 0.5174708818635607 0.19109461966604824 0.5174708818635607 0.21335807050092764 0.49750415973377704 0.21335807050092764
2 0.40432612312811983 0.2912801484230056 0.4242928452579035 0.2912801484230056 0.4242928452579035 0.313543599257885 0.40432612312811983 0.313543599257885
2 0.21963394342762063 0.7068645640074211 0.23793677204658903 0.7068645640074211 0.23793677204658903 0.725417439703154 0.21963394342762063 0.725417439703154
2 0.21963394342762063 0.49907235621521334 0.23960066555740434 0.49907235621521334 0.23960066555740434 0.5213358070500927 0.21963394342762063 0.5213358070500927
2 0.49750415973377704 0.9109461966604824 0.5174708818635607 0.9109461966604824 0.5174708818635607 0.9313543599257885 0.49750415973377704 0.9313543599257885
2 0.40599001663893514 0.9090909090909091 0.4242928452579035 0.9090909090909091 0.4242928452579035 0.9294990723562152 0.40599001663893514 0.9294990723562152
2 0.5008319467554077 0.08719851576994435 0.5158069883527454 0.08719851576994435 0.5158069883527454 0.10575139146567718 0.5008319467554077 0.10575139146567718
2 0.8835274542429284 0.5009276437847866 0.9051580698835274 0.5009276437847866 0.9051580698835274 0.5250463821892394 0.8835274542429284 0.5250463821892394
