0 0.1886645962732919 0.275177304964539 0.21894409937888198 0.275177304964539 0.21894409937888198 0.32765957446808514 0.1886645962732919 0.32765957446808514
0 0.13975155279503104 0.5432624113475177 0.17003105590062112 0.5432624113475177 0.17003105590062112 0.598581560283688 0.13975155279503104 0.598581560283688
1 0.5900621118012422 0.056737588652482275 0.6024844720496894 0.056737588652482275 0.6024844720496894 0.07943262411347518 0.5900621118012422 0.07943262411347518
1 0.1482919254658385 0.8595744680851064 0.16149068322981366 0.8595744680851064 0.16149068322981366 0.8851063829787235 0.1482919254658385 0.8851063829787235
1 0.47049689440993786 0.8595744680851064 0.483695652173913 0.8595744680851064 0.483695652173913 0.8851063829787235 0.47049689440993786 0.8851063829787235
1 0.19798136645962733 0.055319148936170216 0.21118012422360247 0.055319148936170216 0.21118012422360247 0.07943262411347518 0.19798136645962733 0.07943262411347518
1 0.09860248447204968 0.056737588652482275 0.11180124223602483 0.056737588652482275 0.11180124223602483 0.08085106382978724 0.09860248447204968 0.08085106382978724
1 0.47049689440993786 0.5687943262411348 0.483695652173913 0.5687943262411348 0.483695652173913 0.5943262411347519 0.47049689440993786 0.5943262411347519
1 0.1482919254658385 0.5092198581560284 0.1607142857142857 0.5092198581560284 0.1607142857142857 0.5319148936170213 0.1482919254658385 0.5319148936170213
1 0.5885093167701863 0.3971631205673759 0.6024844720496894 0.3971631205673759 0.6024844720496894 0.4212765957446809 0.5885093167701863 0.4212765957446809
1 0.09704968944099378 0.3007092198581561 0.11102484472049688 0.3007092198581561 0.11102484472049688 0.324822695035461 0.09704968944099378 0.324822695035461
1 0.19642857142857142 0.24539007092198584 0.21118012422360247 0.24539007092198584 0.21118012422360247 0.2695035460992908 0.19642857142857142 0.2695035460992908
1 0.5892857142857142 0.5673758865248227 0.6032608695652174 0.5673758865248227 0.6032608695652174 0.5929078014184398 0.5892857142857142 0.5929078014184398
1 0.39829192546583847 0.6978723404255319 0.41149068322981364 0.6978723404255319 0.41149068322981364 0.7205673758865249 0.39829192546583847 0.7205673758865249
1 0.7538819875776397 0.31063829787234043 0.7663043478260869 0.31063829787234043 0.7663043478260869 0.33475177304964543 0.7538819875776397 0.33475177304964543
1 0.3268633540372671 0.8595744680851064 0.3408385093167702 0.8595744680851064 0.3408385093167702 0.8851063829787235 0.3268633540372671 0.8851063829787235
1 0.32531055900621114 0.5687943262411348 0.33928571428571425 0.5687943262411348 0.33928571428571425 0.5943262411347519 0.32531055900621114 0.5943262411347519
1 0.9254658385093167 0.5007092198581561 0.9394409937888198 0.5007092198581561 0.9394409937888198 0.524822695035461 0.9254658385093167 0.524822695035461
1 0.5023291925465838 0.5702127659574469 0.514751552795031 0.5702127659574469 0.514751552795031 0.5943262411347519 0.5023291925465838 0.5943262411347519
2 0.9270186335403726 0.723404255319149 0.9378881987577639 0.723404255319149 0.9378881987577639 0.7432624113475178 0.9270186335403726 0.7432624113475178
2 0.9262422360248447 0.1574468085106383 0.936335403726708 0.1574468085106383 0.936335403726708 0.17588652482269504 0.9262422360248447 0.17588652482269504
