0 0.46868475991649267 0.6845878136200717 0.49060542797494777 0.6845878136200717 0.49060542797494777 0.7132616487455197 0.46868475991649267 0.7132616487455197
1 0.8778705636743214 0.3996415770609319 0.9008350730688934 0.3996415770609319 0.9008350730688934 0.44086021505376344 0.8778705636743214 0.44086021505376344
1 0.6471816283924843 0.25985663082437277 0.6711899791231732 0.25985663082437277 0.6711899791231732 0.3010752688172043 0.6471816283924843 0.3010752688172043
2 0.4728601252609603 0.9139784946236559 0.4843423799582463 0.9139784946236559 0.4843423799582463 0.9336917562724014 0.4728601252609603 0.9336917562724014
1 0.19102296450939454 0.25985663082437277 0.21398747390396658 0.25985663082437277 0.21398747390396658 0.3010752688172043 0.19102296450939454 0.3010752688172043
2 0.9279749478079331 0.4068100358422939 0.9457202505219205 0.4068100358422939 0.9457202505219205 0.43548387096774194 0.9279749478079331 0.43548387096774194
2 0.46972860125260957 0.6308243727598566 0.487473903966597 0.6308243727598566 0.487473903966597 0.6594982078853047 0.46972860125260957 0.6594982078853047
2 0.47181628392484337 0.1881720430107527 0.4864300626304801 0.1881720430107527 0.4864300626304801 0.2114695340501792 0.47181628392484337 0.2114695340501792
2 0.47077244258872647 0.26881720430107525 0.487473903966597 0.26881720430107525 0.487473903966597 0.2956989247311828 0.47077244258872647 0.2956989247311828
2 0.3903966597077244 0.07347670250896057 0.4039665970772442 0.07347670250896057 0.4039665970772442 0.0967741935483871 0.3903966597077244 0.0967741935483871
2 0.38726513569937365 0.26344086021505375 0.40709812108559496 0.26344086021505375 0.40709812108559496 0.2956989247311828 0.38726513569937365 0.2956989247311828
2 0.06263048016701461 0.7186379928315412 0.07724425887265135 0.7186379928315412 0.07724425887265135 0.7437275985663082 0.06263048016701461 0.7437275985663082
2 0.1951983298538622 0.9139784946236559 0.2077244258872651 0.9139784946236559 0.2077244258872651 0.9354838709677419 0.1951983298538622 0.9354838709677419
2 0.19206680584551147 0.6845878136200717 0.21085594989561585 0.6845878136200717 0.21085594989561585 0.7168458781362007 0.19206680584551147 0.7168458781362007
2 0.19206680584551147 0.4265232974910394 0.21085594989561585 0.4265232974910394 0.21085594989561585 0.45698924731182794 0.19206680584551147 0.45698924731182794
2 0.5532359081419623 0.07347670250896057 0.5678496868475991 0.07347670250896057 0.5678496868475991 0.0967741935483871 0.5532359081419623 0.0967741935483871
2 0.5511482254697285 0.2670250896057348 0.568893528183716 0.2670250896057348 0.568893528183716 0.2956989247311828 0.5511482254697285 0.2956989247311828
2 0.12943632567849686 0.8010752688172043 0.1440501043841336 0.8010752688172043 0.1440501043841336 0.8243727598566308 0.12943632567849686 0.8243727598566308
