0 0.46701570680628274 0.7109756097560975 0.4973821989528796 0.7109756097560975 0.4973821989528796 0.7463414634146341 0.46701570680628274 0.7463414634146341
1 0.4732984293193717 0.5146341463414634 0.49109947643979057 0.5146341463414634 0.49109947643979057 0.5353658536585366 0.4732984293193717 0.5353658536585366
0 0.23874345549738224 0.8121951219512196 0.26910994764397905 0.8121951219512196 0.26910994764397905 0.8463414634146341 0.23874345549738224 0.8463414634146341
1 0.09005235602094241 0.9304878048780488 0.1068062827225131 0.9304878048780488 0.1068062827225131 0.9512195121951219 0.09005235602094241 0.9512195121951219
1 0.8575916230366493 0.4304878048780488 0.875392670157068 0.4304878048780488 0.875392670157068 0.45121951219512196 0.8575916230366493 0.45121951219512196
1 0.8586387434554975 0.052439024390243914 0.8753926701570682 0.052439024390243914 0.8753926701570682 0.07195121951219513 0.8586387434554975 0.07195121951219513
1 0.24397905759162303 0.9304878048780488 0.2617801047120419 0.9304878048780488 0.2617801047120419 0.9512195121951219 0.24397905759162303 0.9512195121951219
1 0.08900523560209424 0.725609756097561 0.1068062827225131 0.725609756097561 0.1068062827225131 0.7463414634146341 0.08900523560209424 0.7463414634146341
1 0.24397905759162303 0.05121951219512195 0.2617801047120419 0.05121951219512195 0.2617801047120419 0.07195121951219512 0.24397905759162303 0.07195121951219512
1 0.09005235602094241 0.05121951219512195 0.1068062827225131 0.05121951219512195 0.1068062827225131 0.07195121951219512 0.09005235602094241 0.07195121951219512
0 0.7005235602094241 0.41829268292682925 0.7308900523560209 0.41829268292682925 0.7308900523560209 0.4524390243902439 0.7005235602094241 0.4524390243902439
1 0.17172774869109947 0.726829268292683 0.18848167539267016 0.726829268292683 0.18848167539267016 0.7463414634146343 0.17172774869109947 0.7463414634146343
1 0.24397905759162303 0.2121951219512195 0.2617801047120419 0.2121951219512195 0.2617801047120419 0.2329268292682927 0.24397905759162303 0.2329268292682927
1 0.3476439790575917 0.14390243902439023 0.36544502617801056 0.14390243902439023 0.36544502617801056 0.16463414634146342 0.3476439790575917 0.16463414634146342
1 0.7057591623036649 0.9304878048780488 0.7235602094240837 0.9304878048780488 0.7235602094240837 0.9512195121951219 0.7057591623036649 0.9512195121951219
1 0.4732984293193717 0.9317073170731708 0.49109947643979057 0.9317073170731708 0.49109947643979057 0.9512195121951219 0.4732984293193717 0.9512195121951219
1 0.7036649214659686 0.21097560975609755 0.7235602094240837 0.21097560975609755 0.7235602094240837 0.23536585365853657 0.7036649214659686 0.23536585365853657
1 0.7068062827225131 0.05121951219512195 0.7235602094240837 0.05121951219512195 0.7235602094240837 0.07073170731707316 0.7068062827225131 0.07073170731707316
1 0.3476439790575917 0.21097560975609755 0.36544502617801056 0.21097560975609755 0.36544502617801056 0.2329268292682927 0.3476439790575917 0.2329268292682927
0 0.4639280619203253 0.3004663557628249 0.5011109522098708 0.3004663557628249 0.5011109522098708 0.34243837441705544 0.4639280619203253 0.34243837441705544
