0 0.287317620650954 0.7244389027431422 0.3221099887766555 0.7244389027431422 0.3221099887766555 0.7605985037406484 0.287317620650954 0.7605985037406484
1 0.17957351290684626 0.8241895261845387 0.19865319865319866 0.8241895261845387 0.19865319865319866 0.8453865336658354 0.17957351290684626 0.8453865336658354
1 0.17957351290684626 0.7394014962593516 0.19977553310886645 0.7394014962593516 0.19977553310886645 0.7605985037406484 0.17957351290684626 0.7605985037406484
1 0.6745230078563412 0.9102244389027431 0.6924803591470259 0.9102244389027431 0.6924803591470259 0.9301745635910225 0.6745230078563412 0.9301745635910225
1 0.06397306397306397 0.7394014962593516 0.0830527497194164 0.7394014962593516 0.0830527497194164 0.7618453865336658 0.06397306397306397 0.7618453865336658
1 0.6722783389450057 0.7655860349127181 0.6913580246913581 0.7655860349127181 0.6913580246913581 0.7880299251870324 0.6722783389450057 0.7880299251870324
1 0.29517396184062855 0.05361596009975062 0.31425364758698093 0.05361596009975062 0.31425364758698093 0.07481296758104738 0.29517396184062855 0.07481296758104738
1 0.861952861952862 0.9102244389027431 0.8799102132435467 0.9102244389027431 0.8799102132435467 0.9301745635910225 0.861952861952862 0.9301745635910225
1 0.29517396184062855 0.9102244389027431 0.31313131313131315 0.9102244389027431 0.31313131313131315 0.9301745635910225 0.29517396184062855 0.9301745635910225
1 0.7699214365881033 0.8254364089775561 0.787878787878788 0.8254364089775561 0.787878787878788 0.8453865336658354 0.7699214365881033 0.8453865336658354
1 0.5791245791245792 0.4538653366583541 0.5970819304152638 0.4538653366583541 0.5970819304152638 0.4738154613466334 0.5791245791245792 0.4738154613466334
1 0.5791245791245792 0.25810473815461343 0.5970819304152638 0.25810473815461343 0.5970819304152638 0.27805486284289277 0.5791245791245792 0.27805486284289277
1 0.48484848484848486 0.9102244389027431 0.5028058361391695 0.9102244389027431 0.5028058361391695 0.9301745635910225 0.48484848484848486 0.9301745635910225
1 0.38945005611672284 0.12468827930174563 0.40740740740740744 0.12468827930174563 0.40740740740740744 0.14463840399002492 0.38945005611672284 0.14463840399002492
1 0.6722783389450057 0.385286783042394 0.6913580246913581 0.385286783042394 0.6913580246913581 0.40648379052369077 0.6722783389450057 0.40648379052369077
1 0.4826038159371493 0.19825436408977556 0.5016835016835017 0.19825436408977556 0.5016835016835017 0.2194513715710723 0.4826038159371493 0.2194513715710723
1 0.4837261503928171 0.3167082294264339 0.5028058361391695 0.3167082294264339 0.5028058361391695 0.33790523690773067 0.4837261503928171 0.33790523690773067
1 0.29405162738496077 0.21072319201995013 0.31313131313131315 0.21072319201995013 0.31313131313131315 0.23192019950124687 0.29405162738496077 0.23192019950124687
1 0.4837261503928171 0.05361596009975062 0.5016835016835017 0.05361596009975062 0.5016835016835017 0.07356608478802992 0.4837261503928171 0.07356608478802992
1 0.06509539842873177 0.9102244389027431 0.08417508417508418 0.9102244389027431 0.08417508417508418 0.9301745635910225 0.06509539842873177 0.9301745635910225
1 0.4837261503928171 0.5149625935162094 0.5028058361391695 0.5149625935162094 0.5028058361391695 0.5349127182044887 0.4837261503928171 0.5349127182044887
1 0.48484848484848486 0.385286783042394 0.5028058361391695 0.385286783042394 0.5028058361391695 0.40648379052369077 0.48484848484848486 0.40648379052369077
2 0.06621773288439955 0.5935162094763092 0.0830527497194164 0.5935162094763092 0.0830527497194164 0.6122194513715711 0.06621773288439955 0.6122194513715711
2 0.4859708193041527 0.7094763092269326 0.500561167227834 0.7094763092269326 0.500561167227834 0.7256857855361596 0.4859708193041527 0.7256857855361596
2 0.4859708193041527 0.5461346633416458 0.49943883277216616 0.5461346633416458 0.49943883277216616 0.5586034912718204 0.4859708193041527 0.5586034912718204
2 0.29629629629629634 0.7082294264339152 0.31313131313131315 0.7082294264339152 0.31313131313131315 0.7256857855361596 0.29629629629629634 0.7256857855361596
2 0.29629629629629634 0.543640897755611 0.31200897867564537 0.543640897755611 0.31200897867564537 0.5598503740648378 0.29629629629629634 0.5598503740648378
