1 0.5223665223665224 0.15835777126099707 0.5512265512265512 0.15835777126099707 0.5512265512265512 0.21407624633431085 0.5223665223665224 0.21407624633431085
1 0.8037518037518038 0.3841642228739003 0.834054834054834 0.3841642228739003 0.834054834054834 0.44574780058651026 0.8037518037518038 0.44574780058651026
1 0.5223665223665224 0.39002932551319647 0.5512265512265512 0.39002932551319647 0.5512265512265512 0.44574780058651026 0.5223665223665224 0.44574780058651026
0 0.20634920634920634 0.6304985337243402 0.23665223665223664 0.6304985337243402 0.23665223665223664 0.6920821114369502 0.20634920634920634 0.6920821114369502
0 0.2077922077922078 0.30791788856304986 0.23665223665223664 0.30791788856304986 0.23665223665223664 0.36950146627565983 0.2077922077922078 0.36950146627565983
2 0.21212121212121207 0.7888563049853371 0.2323232323232323 0.7888563049853371 0.2323232323232323 0.8299120234604104 0.21212121212121207 0.8299120234604104
2 0.20923520923520925 0.46334310850439875 0.23232323232323232 0.46334310850439875 0.23232323232323232 0.5073313782991201 0.20923520923520925 0.5073313782991201
2 0.1414141414141414 0.3225806451612903 0.16594516594516595 0.3225806451612903 0.16594516594516595 0.36950146627565983 0.1414141414141414 0.36950146627565983
2 0.5252525252525253 0.5689149560117303 0.5483405483405485 0.5689149560117303 0.5483405483405485 0.6158357771260998 0.5252525252525253 0.6158357771260998
2 0.8051948051948052 0.15835777126099707 0.8311688311688312 0.15835777126099707 0.8311688311688312 0.21407624633431085 0.8051948051948052 0.21407624633431085
2 0.1414141414141414 0.6480938416422287 0.16594516594516595 0.6480938416422287 0.16594516594516595 0.6950146627565983 0.1414141414141414 0.6950146627565983
