0 0.6501079913606912 0.5376532399299475 0.6997840172786177 0.5376532399299475 0.6997840172786177 0.5761821366024519 0.6501079913606912 0.5761821366024519
0 0.5140388768898488 0.4290718038528897 0.5637149028077754 0.4290718038528897 0.5637149028077754 0.4658493870402802 0.5140388768898488 0.4658493870402802
0 0.7840172786177106 0.4290718038528897 0.8336933045356372 0.4290718038528897 0.8336933045356372 0.4658493870402802 0.7840172786177106 0.4658493870402802
1 0.7840172786177106 0.5464098073555166 0.8315334773218143 0.5464098073555166 0.8315334773218143 0.5814360770577933 0.7840172786177106 0.5814360770577933
1 0.6501079913606912 0.436077057793345 0.695464362850972 0.436077057793345 0.695464362850972 0.47285464098073554 0.6501079913606912 0.47285464098073554
0 0.3801295896328294 0.5376532399299475 0.42764578833693306 0.5376532399299475 0.42764578833693306 0.5761821366024519 0.3801295896328294 0.5761821366024519
1 0.5161987041036717 0.5464098073555166 0.5615550755939526 0.5464098073555166 0.5615550755939526 0.5814360770577933 0.5161987041036717 0.5814360770577933
1 0.3822894168466523 0.436077057793345 0.42548596112311016 0.436077057793345 0.42548596112311016 0.4711033274956217 0.3822894168466523 0.4711033274956217
2 0.591792656587473 0.27845884413309985 0.6198704103671706 0.27845884413309985 0.6198704103671706 0.30122591943957966 0.591792656587473 0.30122591943957966
2 0.25053995680345575 0.1681260945709282 0.28293736501079914 0.1681260945709282 0.28293736501079914 0.19264448336252188 0.25053995680345575 0.19264448336252188
2 0.5896328293736501 0.7180385288966725 0.6177105831533478 0.7180385288966725 0.6177105831533478 0.7390542907180385 0.5896328293736501 0.7390542907180385
