0 0.2291139240506329 0.4599745870393901 0.2658227848101266 0.4599745870393901 0.2658227848101266 0.4955527318932656 0.2291139240506329 0.4955527318932656
0 0.2291139240506329 0.6188055908513342 0.2658227848101266 0.6188055908513342 0.2658227848101266 0.6543837357052097 0.2291139240506329 0.6543837357052097
1 0.8126582278481013 0.43202033036848797 0.8341772151898734 0.43202033036848797 0.8341772151898734 0.45362134688691236 0.8126582278481013 0.45362134688691236
1 0.3949367088607595 0.7636594663278272 0.41645569620253164 0.7636594663278272 0.41645569620253164 0.783989834815756 0.3949367088607595 0.783989834815756
1 0.389873417721519 0.16264294790343076 0.41139240506329117 0.16264294790343076 0.41139240506329117 0.18424396442185514 0.389873417721519 0.18424396442185514
1 0.23544303797468355 0.3875476493011436 0.2569620253164557 0.3875476493011436 0.2569620253164557 0.40787801778907246 0.23544303797468355 0.40787801778907246
1 0.5468354430379747 0.43202033036848797 0.569620253164557 0.43202033036848797 0.569620253164557 0.45362134688691236 0.5468354430379747 0.45362134688691236
1 0.549367088607595 0.050825921219822115 0.569620253164557 0.050825921219822115 0.569620253164557 0.0698856416772554 0.549367088607595 0.0698856416772554
1 0.23670886075949368 0.050825921219822115 0.2569620253164557 0.050825921219822115 0.2569620253164557 0.07115628970775095 0.23670886075949368 0.07115628970775095
1 0.1329113924050633 0.2986022871664549 0.15443037974683543 0.2986022871664549 0.15443037974683543 0.3189326556543837 0.1329113924050633 0.3189326556543837
1 0.1329113924050633 0.5667090216010165 0.15443037974683543 0.5667090216010165 0.15443037974683543 0.5883100381194409 0.1329113924050633 0.5883100381194409
2 0.04683544303797468 0.5247776365946633 0.06455696202531645 0.5247776365946633 0.06455696202531645 0.5412960609911055 0.04683544303797468 0.5412960609911055
2 0.04556962025316456 0.25412960609911056 0.06582278481012659 0.25412960609911056 0.06582278481012659 0.2744599745870394 0.04556962025316456 0.2744599745870394
2 0.3962025316455696 0.9275730622617535 0.4151898734177215 0.9275730622617535 0.4151898734177215 0.9466327827191868 0.3962025316455696 0.9466327827191868
