0 0.49030172413793105 0.5888324873096447 0.5226293103448276 0.5888324873096447 0.5226293103448276 0.637901861252115 0.49030172413793105 0.637901861252115
1 0.7629310344827586 0.7258883248730964 0.78125 0.7258883248730964 0.78125 0.7529610829103215 0.7629310344827586 0.7529610829103215
1 0.7629310344827586 0.7834179357021996 0.78125 0.7834179357021996 0.78125 0.8104906937394247 0.7629310344827586 0.8104906937394247
1 0.6099137931034483 0.31641285956006765 0.6282327586206896 0.31641285956006765 0.6282327586206896 0.34348561759729274 0.6099137931034483 0.34348561759729274
1 0.49676724137931033 0.9001692047377327 0.5172413793103449 0.9001692047377327 0.5172413793103449 0.9323181049069373 0.49676724137931033 0.9323181049069373
1 0.4978448275862069 0.5346869712351946 0.5150862068965517 0.5346869712351946 0.5150862068965517 0.560067681895093 0.4978448275862069 0.560067681895093
1 0.8760775862068966 0.9018612521150592 0.8943965517241379 0.9018612521150592 0.8943965517241379 0.9323181049069373 0.8760775862068966 0.9323181049069373
1 0.12068965517241378 0.4416243654822335 0.13793103448275862 0.4416243654822335 0.13793103448275862 0.4703891708967851 0.12068965517241378 0.4703891708967851
1 0.11961206896551724 0.9035532994923857 0.13793103448275862 0.9035532994923857 0.13793103448275862 0.9306260575296108 0.11961206896551724 0.9306260575296108
1 0.3857758620689655 0.3130287648054145 0.4051724137931034 0.3130287648054145 0.4051724137931034 0.34348561759729274 0.3857758620689655 0.34348561759729274
1 0.38469827586206895 0.7241962774957699 0.40301724137931033 0.7241962774957699 0.40301724137931033 0.7529610829103215 0.38469827586206895 0.7529610829103215
1 0.12068965517241378 0.07614213197969542 0.13793103448275862 0.07614213197969542 0.13793103448275862 0.10321489001692047 0.12068965517241378 0.10321489001692047
1 0.8760775862068966 0.07445008460236886 0.8943965517241379 0.07445008460236886 0.8943965517241379 0.10321489001692047 0.8760775862068966 0.10321489001692047
1 0.875 0.4416243654822335 0.8933189655172413 0.4416243654822335 0.8933189655172413 0.4703891708967851 0.875 0.4703891708967851
1 0.3857758620689655 0.07445008460236886 0.4040948275862069 0.07445008460236886 0.4040948275862069 0.10321489001692047 0.3857758620689655 0.10321489001692047
1 0.6109913793103449 0.07614213197969542 0.6282327586206896 0.07614213197969542 0.6282327586206896 0.10321489001692047 0.6109913793103449 0.10321489001692047
1 0.25323275862068967 0.19458544839255498 0.2704741379310345 0.19458544839255498 0.2704741379310345 0.22165820642978 0.25323275862068967 0.22165820642978
1 0.7435344827586207 0.19627749576988154 0.7607758620689655 0.19627749576988154 0.7607758620689655 0.22165820642978 0.7435344827586207 0.22165820642978
