0 0.12678936605316973 0.3771712158808933 0.16973415132924338 0.3771712158808933 0.16973415132924338 0.4267990074441687 0.12678936605316973 0.4267990074441687
1 0.12678936605316973 0.5384615384615384 0.17177914110429449 0.5384615384615384 0.17177914110429449 0.5905707196029777 0.12678936605316973 0.5905707196029777
1 0.5112474437627812 0.5384615384615384 0.5541922290388549 0.5384615384615384 0.5541922290388549 0.5905707196029777 0.5112474437627812 0.5905707196029777
2 0.2638036809815951 0.707196029776675 0.2883435582822086 0.707196029776675 0.2883435582822086 0.7369727047146402 0.2638036809815951 0.7369727047146402
2 0.38854805725971375 0.8560794044665012 0.4192229038854806 0.8560794044665012 0.4192229038854806 0.8933002481389578 0.38854805725971375 0.8933002481389578
2 0.6462167689161554 0.7047146401985112 0.6728016359918201 0.7047146401985112 0.6728016359918201 0.7369727047146402 0.6462167689161554 0.7369727047146402
2 0.4519427402862986 0.858560794044665 0.48261758691206547 0.858560794044665 0.48261758691206547 0.8957816377171216 0.4519427402862986 0.8957816377171216
2 0.5173824130879346 0.858560794044665 0.5439672801635992 0.858560794044665 0.5439672801635992 0.8933002481389578 0.5173824130879346 0.8933002481389578
2 0.768916155419223 0.38957816377171217 0.8057259713701432 0.38957816377171217 0.8057259713701432 0.4317617866004963 0.768916155419223 0.4317617866004963
2 0.5132924335378324 0.38957816377171217 0.5480572597137015 0.38957816377171217 0.5480572597137015 0.4317617866004963 0.5132924335378324 0.4317617866004963
