0 0.5605442176870747 0.4243792325056433 0.5891156462585033 0.4243792325056433 0.5891156462585033 0.4672686230248307 0.5605442176870747 0.4672686230248307
2 0.3986394557823129 0.43792325056433407 0.42176870748299317 0.43792325056433407 0.42176870748299317 0.4717832957110609 0.3986394557823129 0.4717832957110609
2 0.4802721088435374 0.636568848758465 0.5006802721088435 0.636568848758465 0.5006802721088435 0.6681715575620767 0.4802721088435374 0.6681715575620767
2 0.2816326530612245 0.8758465011286681 0.2965986394557823 0.8758465011286681 0.2965986394557823 0.9006772009029345 0.2816326530612245 0.9006772009029345
2 0.7020408163265306 0.8735891647855529 0.7183673469387755 0.8735891647855529 0.7183673469387755 0.9006772009029345 0.7020408163265306 0.9006772009029345
2 0.3795918367346939 0.7471783295711061 0.39591836734693875 0.7471783295711061 0.39591836734693875 0.7720090293453724 0.3795918367346939 0.7720090293453724
2 0.838095238095238 0.37246049661399544 0.8571428571428571 0.37246049661399544 0.8571428571428571 0.3995485327313769 0.838095238095238 0.3995485327313769
2 0.2789115646258503 0.6636568848758464 0.29795918367346935 0.6636568848758464 0.29795918367346935 0.6952595936794582 0.2789115646258503 0.6952595936794582
2 0.2789115646258503 0.14446952595936793 0.29931972789115646 0.14446952595936793 0.29931972789115646 0.1783295711060948 0.2789115646258503 0.1783295711060948
2 0.45034013605442175 0.8735891647855529 0.4693877551020408 0.8735891647855529 0.4693877551020408 0.9029345372460496 0.45034013605442175 0.9029345372460496
2 0.48299319727891155 0.8735891647855529 0.49795918367346936 0.8735891647855529 0.49795918367346936 0.9006772009029345 0.48299319727891155 0.9006772009029345
2 0.3986394557823129 0.14446952595936793 0.4204081632653061 0.14446952595936793 0.4204081632653061 0.1783295711060948 0.3986394557823129 0.1783295711060948
2 0.6993197278911564 0.6072234762979684 0.7197278911564625 0.6072234762979684 0.7197278911564625 0.6388261851015801 0.6993197278911564 0.6388261851015801
2 0.3605442176870748 0.14672686230248305 0.3768707482993197 0.14672686230248305 0.3768707482993197 0.17381489841986456 0.3605442176870748 0.17381489841986456
2 0.14149659863945577 0.3611738148984198 0.15918367346938775 0.3611738148984198 0.15918367346938775 0.39051918735891644 0.14149659863945577 0.39051918735891644
2 0.563265306122449 0.37020316027088035 0.5836734693877551 0.37020316027088035 0.5836734693877551 0.40180586907449206 0.563265306122449 0.40180586907449206
2 0.21360544217687075 0.2686230248306998 0.2312925170068027 0.2686230248306998 0.2312925170068027 0.29796839729119634 0.21360544217687075 0.29796839729119634
2 0.7700680272108843 0.7088036117381489 0.7863945578231292 0.7088036117381489 0.7863945578231292 0.7336343115124153 0.7700680272108843 0.7336343115124153
