1 0.09976798143851508 0.19662243667068757 0.11948955916473318 0.19662243667068757 0.11948955916473318 0.21712907117008443 0.09976798143851508 0.21712907117008443
1 0.6751740139211136 0.04704463208685164 0.6937354988399071 0.04704463208685164 0.6937354988399071 0.06875753920386007 0.6751740139211136 0.06875753920386007
1 0.3004640371229698 0.9203860072376358 0.32018561484918795 0.9203860072376358 0.32018561484918795 0.9408926417370326 0.3004640371229698 0.9408926417370326
1 0.3004640371229698 0.3172496984318456 0.3190255220417633 0.3172496984318456 0.3190255220417633 0.33896260554885405 0.3004640371229698 0.33896260554885405
1 0.3004640371229698 0.04945717732207479 0.31786542923433875 0.04945717732207479 0.31786542923433875 0.06875753920386007 0.3004640371229698 0.06875753920386007
1 0.10092807424593968 0.04945717732207479 0.11832946635730858 0.04945717732207479 0.11832946635730858 0.06755126658624849 0.10092807424593968 0.06755126658624849
1 0.6763341067285383 0.9215922798552473 0.6948955916473318 0.9215922798552473 0.6948955916473318 0.9408926417370326 0.6763341067285383 0.9408926417370326
1 0.6751740139211136 0.6706875753920386 0.6948955916473318 0.6706875753920386 0.6948955916473318 0.6911942098914354 0.6751740139211136 0.6911942098914354
1 0.6751740139211136 0.44873341375150777 0.6948955916473318 0.44873341375150777 0.6948955916473318 0.46924004825090465 0.6751740139211136 0.46924004825090465
1 0.29930394431554525 0.7237635705669482 0.3190255220417633 0.7237635705669482 0.3190255220417633 0.744270205066345 0.29930394431554525 0.744270205066345
