0 0.34 0.24566929133858267 0.3638461538461538 0.24566929133858267 0.3638461538461538 0.29133858267716534 0.34 0.29133858267716534
0 0.6307692307692307 0.24881889763779527 0.6523076923076923 0.24881889763779527 0.6523076923076923 0.29133858267716534 0.6307692307692307 0.29133858267716534
1 0.6969230769230769 0.6456692913385826 0.71 0.6456692913385826 0.71 0.6740157480314961 0.6969230769230769 0.6740157480314961
0 0.566923076923077 0.6283464566929133 0.5907692307692307 0.6283464566929133 0.5907692307692307 0.6755905511811023 0.566923076923077 0.6755905511811023
1 0.08615384615384615 0.44251968503937006 0.09923076923076923 0.44251968503937006 0.09923076923076923 0.47086614173228347 0.08615384615384615 0.47086614173228347
1 0.6961538461538461 0.9165354330708662 0.7084615384615385 0.9165354330708662 0.7084615384615385 0.9417322834645669 0.6961538461538461 0.9417322834645669
1 0.6961538461538461 0.6976377952755906 0.7084615384615385 0.6976377952755906 0.7084615384615385 0.7244094488188977 0.6961538461538461 0.7244094488188977
1 0.28307692307692306 0.9181102362204724 0.29538461538461536 0.9181102362204724 0.29538461538461536 0.9417322834645669 0.28307692307692306 0.9417322834645669
1 0.28307692307692306 0.568503937007874 0.29615384615384616 0.568503937007874 0.29615384615384616 0.5937007874015748 0.28307692307692306 0.5937007874015748
1 0.6961538461538461 0.5700787401574803 0.7084615384615385 0.5700787401574803 0.7084615384615385 0.5952755905511811 0.6961538461538461 0.5952755905511811
1 0.8946153846153846 0.568503937007874 0.9069230769230769 0.568503937007874 0.9069230769230769 0.5937007874015748 0.8946153846153846 0.5937007874015748
1 0.3453846153846154 0.05826771653543307 0.3576923076923077 0.05826771653543307 0.3576923076923077 0.08188976377952756 0.3453846153846154 0.08188976377952756
1 0.28307692307692306 0.6976377952755906 0.29615384615384616 0.6976377952755906 0.29615384615384616 0.7244094488188977 0.28307692307692306 0.7244094488188977
1 0.8946153846153846 0.05669291338582677 0.9069230769230769 0.05669291338582677 0.9069230769230769 0.08188976377952756 0.8946153846153846 0.08188976377952756
1 0.08615384615384615 0.05669291338582677 0.09846153846153846 0.05669291338582677 0.09846153846153846 0.08188976377952756 0.08615384615384615 0.08188976377952756
1 0.08615384615384615 0.9181102362204724 0.09769230769230769 0.9181102362204724 0.09769230769230769 0.9417322834645669 0.08615384615384615 0.9417322834645669
1 0.8946153846153846 0.9181102362204724 0.9061538461538462 0.9181102362204724 0.9061538461538462 0.9417322834645669 0.8946153846153846 0.9417322834645669
1 0.08538461538461538 0.568503937007874 0.09846153846153846 0.568503937007874 0.09846153846153846 0.5937007874015748 0.08538461538461538 0.5937007874015748
1 0.3453846153846154 0.3165354330708661 0.3576923076923077 0.3165354330708661 0.3576923076923077 0.3417322834645669 0.3453846153846154 0.3417322834645669
1 0.8938461538461538 0.44409448818897634 0.9061538461538462 0.44409448818897634 0.9061538461538462 0.47086614173228347 0.8938461538461538 0.47086614173228347
1 0.6353846153846154 0.05669291338582677 0.6484615384615384 0.05669291338582677 0.6484615384615384 0.08346456692913386 0.6353846153846154 0.08346456692913386
1 0.6361538461538462 0.3181102362204724 0.6476923076923077 0.3181102362204724 0.6476923076923077 0.3417322834645669 0.6361538461538462 0.3417322834645669
