0 0.2912621359223301 0.24925373134328357 0.32362459546925565 0.24925373134328357 0.32362459546925565 0.291044776119403 0.2912621359223301 0.291044776119403
1 0.29989212513484353 0.3194029850746269 0.31607335490830635 0.3194029850746269 0.31607335490830635 0.3417910447761194 0.29989212513484353 0.3417910447761194
1 0.598705501618123 0.6761194029850747 0.6170442286947141 0.6761194029850747 0.6170442286947141 0.7014925373134329 0.598705501618123 0.7014925373134329
1 0.41208198489751885 0.9119402985074627 0.4314994606256742 0.9119402985074627 0.4314994606256742 0.9373134328358209 0.41208198489751885 0.9373134328358209
1 0.2988133764832794 0.06417910447761194 0.3171521035598705 0.06417910447761194 0.3171521035598705 0.08805970149253732 0.2988133764832794 0.08805970149253732
1 0.1855447680690399 0.9119402985074627 0.20280474649406688 0.9119402985074627 0.20280474649406688 0.9373134328358209 0.1855447680690399 0.9373134328358209
1 0.2988133764832794 0.7940298507462686 0.3171521035598705 0.7940298507462686 0.3171521035598705 0.817910447761194 0.2988133764832794 0.817910447761194
1 0.41100323624595464 0.6761194029850747 0.4293419633225458 0.6761194029850747 0.4293419633225458 0.7014925373134329 0.41100323624595464 0.7014925373134329
1 0.8608414239482199 0.6746268656716418 0.8802588996763754 0.6746268656716418 0.8802588996763754 0.7014925373134329 0.8608414239482199 0.7014925373134329
1 0.1855447680690399 0.6761194029850747 0.20496224379719524 0.6761194029850747 0.20496224379719524 0.7014925373134329 0.1855447680690399 0.7014925373134329
