1 0.6125907990314771 0.31485148514851485 0.6343825665859565 0.31485148514851485 0.6343825665859565 0.3504950495049505 0.6125907990314771 0.3504950495049505
0 0.4963680387409201 0.6792079207920793 0.5217917675544794 0.6792079207920793 0.5217917675544794 0.7168316831683168 0.4963680387409201 0.7168316831683168
1 0.38498789346246975 0.31485148514851485 0.4079903147699758 0.31485148514851485 0.4079903147699758 0.3504950495049505 0.38498789346246975 0.3504950495049505
2 0.3861985472154964 0.0712871287128713 0.4043583535108959 0.0712871287128713 0.4043583535108959 0.09900990099009901 0.3861985472154964 0.09900990099009901
2 0.31113801452784506 0.0712871287128713 0.3268765133171913 0.0712871287128713 0.3268765133171913 0.09702970297029703 0.31113801452784506 0.09702970297029703
2 0.6138014527845037 0.0712871287128713 0.6307506053268765 0.0712871287128713 0.6307506053268765 0.09900990099009901 0.6138014527845037 0.09900990099009901
2 0.688861985472155 0.06930693069306931 0.7070217917675545 0.06930693069306931 0.7070217917675545 0.09900990099009901 0.688861985472155 0.09900990099009901
2 0.3837772397094431 0.4376237623762376 0.40556900726392253 0.4376237623762376 0.40556900726392253 0.4712871287128713 0.3837772397094431 0.4712871287128713
2 0.6138014527845037 0.4396039603960396 0.6331719128329298 0.4396039603960396 0.6331719128329298 0.4712871287128713 0.6138014527845037 0.4712871287128713
2 0.5 0.6594059405940594 0.5181598062953996 0.6594059405940594 0.5181598062953996 0.6871287128712872 0.5 0.6871287128712872
2 0.5024213075060533 0.0712871287128713 0.516949152542373 0.0712871287128713 0.516949152542373 0.09702970297029703 0.5024213075060533 0.09702970297029703
2 0.23365617433414046 0.19207920792079208 0.2530266343825666 0.19207920792079208 0.2530266343825666 0.22376237623762377 0.23365617433414046 0.22376237623762377
2 0.7639225181598064 0.19207920792079208 0.7832929782082325 0.19207920792079208 0.7832929782082325 0.22376237623762377 0.7639225181598064 0.22376237623762377
2 0.15859564164648912 0.31683168316831684 0.17675544794188863 0.31683168316831684 0.17675544794188863 0.34653465346534656 0.15859564164648912 0.34653465346534656
2 0.8401937046004843 0.31683168316831684 0.8595641646489105 0.31683168316831684 0.8595641646489105 0.34653465346534656 0.8401937046004843 0.34653465346534656
