0 0.6703862660944205 0.5514018691588786 0.7012875536480686 0.5514018691588786 0.7012875536480686 0.5850467289719626 0.6703862660944205 0.5850467289719626
0 0.5030042918454936 0.5514018691588786 0.5339055793991416 0.5514018691588786 0.5339055793991416 0.5841121495327103 0.5030042918454936 0.5841121495327103
0 0.6695278969957081 0.27009345794392525 0.7012875536480686 0.27009345794392525 0.7012875536480686 0.30467289719626167 0.6695278969957081 0.30467289719626167
0 0.33476394849785407 0.6981308411214954 0.36566523605150214 0.6981308411214954 0.36566523605150214 0.7299065420560747 0.33476394849785407 0.7299065420560747
0 0.5579399141630901 0.6981308411214954 0.5888412017167381 0.6981308411214954 0.5888412017167381 0.7299065420560747 0.5579399141630901 0.7299065420560747
0 0.33476394849785407 0.39345794392523364 0.3648068669527897 0.39345794392523364 0.3648068669527897 0.4252336448598131 0.33476394849785407 0.4252336448598131
0 0.4454935622317596 0.2710280373831776 0.47725321888412015 0.2710280373831776 0.47725321888412015 0.30467289719626167 0.4454935622317596 0.30467289719626167
0 0.12188841201716738 0.6962616822429907 0.15450643776824033 0.6962616822429907 0.15450643776824033 0.7308411214953271 0.12188841201716738 0.7308411214953271
0 0.4463519313304721 0.39345794392523364 0.47725321888412015 0.39345794392523364 0.47725321888412015 0.4261682242990654 0.4463519313304721 0.4261682242990654
1 0.3390557939914163 0.5635514018691589 0.35965665236051503 0.5635514018691589 0.35965665236051503 0.5850467289719626 0.3390557939914163 0.5850467289719626
1 0.5639484978540772 0.9289719626168225 0.5819742489270386 0.9289719626168225 0.5819742489270386 0.9485981308411215 0.5639484978540772 0.9485981308411215
1 0.3407725321888412 0.9289719626168225 0.3605150214592274 0.9289719626168225 0.3605150214592274 0.9485981308411215 0.3407725321888412 0.9485981308411215
1 0.22832618025751072 0.9289719626168225 0.24721030042918454 0.9289719626168225 0.24721030042918454 0.9485981308411215 0.22832618025751072 0.9485981308411215
1 0.5081545064377682 0.9289719626168225 0.527038626609442 0.9289719626168225 0.527038626609442 0.9495327102803739 0.5081545064377682 0.9495327102803739
1 0.7871244635193133 0.9289719626168225 0.8051502145922746 0.9289719626168225 0.8051502145922746 0.9485981308411215 0.7871244635193133 0.9485981308411215
1 0.3407725321888412 0.041121495327102804 0.3605150214592274 0.041121495327102804 0.3605150214592274 0.06168224299065421 0.3407725321888412 0.06168224299065421
1 0.4523605150214592 0.9280373831775701 0.47124463519313303 0.9280373831775701 0.47124463519313303 0.9495327102803739 0.4523605150214592 0.9495327102803739
1 0.575107296137339 0.2841121495327103 0.5939914163090129 0.2841121495327103 0.5939914163090129 0.30467289719626167 0.575107296137339 0.30467289719626167
1 0.6763948497854076 0.9289719626168225 0.6944206008583691 0.9289719626168225 0.6944206008583691 0.9485981308411215 0.6763948497854076 0.9485981308411215
1 0.12875536480686695 0.9289719626168225 0.14763948497854076 0.9289719626168225 0.14763948497854076 0.9495327102803739 0.12875536480686695 0.9495327102803739
1 0.5081545064377682 0.2841121495327103 0.527038626609442 0.2841121495327103 0.527038626609442 0.30467289719626167 0.5081545064377682 0.30467289719626167
1 0.8987124463519313 0.041121495327102804 0.91931330472103 0.041121495327102804 0.91931330472103 0.06168224299065421 0.8987124463519313 0.06168224299065421
1 0.5081545064377682 0.041121495327102804 0.5278969957081545 0.041121495327102804 0.5278969957081545 0.06168224299065421 0.5081545064377682 0.06168224299065421
1 0.7871244635193133 0.041121495327102804 0.806008583690987 0.041121495327102804 0.806008583690987 0.06168224299065421 0.7871244635193133 0.06168224299065421
1 0.22832618025751072 0.6242990654205608 0.248068669527897 0.6242990654205608 0.248068669527897 0.6457943925233645 0.22832618025751072 0.6457943925233645
1 0.6755364806866953 0.6364485981308412 0.6952789699570815 0.6364485981308412 0.6952789699570815 0.6588785046728972 0.6755364806866953 0.6588785046728972
1 0.38454935622317593 0.7093457943925234 0.4051502145922747 0.7093457943925234 0.4051502145922747 0.7308411214953271 0.38454935622317593 0.7308411214953271
1 0.7862660944206008 0.3560747663551402 0.8068669527896996 0.3560747663551402 0.8068669527896996 0.3785046728971963 0.7862660944206008 0.3785046728971963
1 0.22832618025751072 0.041121495327102804 0.24721030042918454 0.041121495327102804 0.24721030042918454 0.06168224299065421 0.22832618025751072 0.06168224299065421
1 0.6755364806866953 0.041121495327102804 0.6952789699570815 0.041121495327102804 0.6952789699570815 0.06168224299065421 0.6755364806866953 0.06168224299065421
1 0.45150214592274673 0.7093457943925234 0.4721030042918455 0.7093457943925234 0.4721030042918455 0.7308411214953271 0.45150214592274673 0.7308411214953271
1 0.6755364806866953 0.4046728971962617 0.696137339055794 0.4046728971962617 0.696137339055794 0.42710280373831777 0.6755364806866953 0.42710280373831777
1 0.4523605150214592 0.041121495327102804 0.47124463519313303 0.041121495327102804 0.47124463519313303 0.06168224299065421 0.4523605150214592 0.06168224299065421
2 0.5107296137339056 0.7121495327102804 0.5253218884120171 0.7121495327102804 0.5253218884120171 0.7289719626168225 0.5107296137339056 0.7289719626168225
