0 0.26417370325693607 0.6830708661417323 0.29312424607961396 0.6830708661417323 0.29312424607961396 0.7165354330708661 0.26417370325693607 0.7165354330708661
1 0.5295536791314837 0.38976377952755903 0.5548854041013269 0.38976377952755903 0.5548854041013269 0.42913385826771655 0.5295536791314837 0.42913385826771655
2 0.2677925211097708 0.33267716535433073 0.28829915560916763 0.33267716535433073 0.28829915560916763 0.3641732283464567 0.2677925211097708 0.3641732283464567
2 0.2677925211097708 0.2125984251968504 0.28588661037394447 0.2125984251968504 0.28588661037394447 0.24015748031496062 0.2677925211097708 0.24015748031496062
2 0.27020506634499397 0.889763779527559 0.2846803377563329 0.889763779527559 0.2846803377563329 0.9133858267716535 0.27020506634499397 0.9133858267716535
2 0.7961399276236429 0.39370078740157477 0.8166465621230398 0.39370078740157477 0.8166465621230398 0.4251968503937008 0.7961399276236429 0.4251968503937008
2 0.38118214716525933 0.09055118110236221 0.39927623642943305 0.09055118110236221 0.39927623642943305 0.11811023622047244 0.38118214716525933 0.11811023622047244
2 0.8600723763570567 0.45866141732283466 0.8757539203860072 0.45866141732283466 0.8757539203860072 0.484251968503937 0.8600723763570567 0.484251968503937
2 0.7961399276236429 0.45669291338582674 0.8142340168878166 0.45669291338582674 0.8142340168878166 0.484251968503937 0.7961399276236429 0.484251968503937
2 0.15560916767189384 0.3346456692913386 0.17249698431845595 0.3346456692913386 0.17249698431845595 0.3602362204724409 0.15560916767189384 0.3602362204724409
2 0.37997587454764775 0.39370078740157477 0.40048250904704463 0.39370078740157477 0.40048250904704463 0.4251968503937008 0.37997587454764775 0.4251968503937008
2 0.2677925211097708 0.6515748031496063 0.28829915560916763 0.6515748031496063 0.28829915560916763 0.6712598425196851 0.2677925211097708 0.6712598425196851
