1 0.7340129749768303 0.54673721340388 0.7497683039851714 0.54673721340388 0.7497683039851714 0.5784832451499118 0.7340129749768303 0.5784832451499118
1 0.5097312326227988 0.5485008818342152 0.5236329935125116 0.5485008818342152 0.5236329935125116 0.5767195767195767 0.5097312326227988 0.5767195767195767
1 0.41241890639481 0.544973544973545 0.4281742354031511 0.544973544973545 0.4281742354031511 0.5767195767195767 0.41241890639481 0.5767195767195767
2 0.732159406858202 0.4021164021164021 0.7497683039851715 0.4021164021164021 0.7497683039851715 0.43386243386243384 0.732159406858202 0.43386243386243384
1 0.7340129749768303 0.07583774250440917 0.7488415199258571 0.07583774250440917 0.7488415199258571 0.10582010582010581 0.7340129749768303 0.10582010582010581
1 0.0685820203892493 0.07583774250440917 0.08433734939759036 0.07583774250440917 0.08433734939759036 0.10405643738977072 0.0685820203892493 0.10405643738977072
1 0.13438368860055608 0.07583774250440917 0.14828544949026876 0.07583774250440917 0.14828544949026876 0.10405643738977072 0.13438368860055608 0.10405643738977072
1 0.798887859128823 0.07583774250440917 0.8127896200185357 0.07583774250440917 0.8127896200185357 0.10582010582010581 0.798887859128823 0.10582010582010581
2 0.41241890639481 0.34391534391534395 0.4281742354031511 0.34391534391534395 0.4281742354031511 0.3721340388007055 0.41241890639481 0.3721340388007055
1 0.41334569045412417 0.07583774250440917 0.4272474513438369 0.07583774250440917 0.4272474513438369 0.10405643738977072 0.41334569045412417 0.10405643738977072
1 0.4772937905468026 0.07583774250440917 0.49212233549582945 0.07583774250440917 0.49212233549582945 0.10405643738977072 0.4772937905468026 0.10405643738977072
1 0.13438368860055608 0.345679012345679 0.14828544949026876 0.345679012345679 0.14828544949026876 0.37037037037037035 0.13438368860055608 0.37037037037037035
1 0.30583873957367935 0.2222222222222222 0.31881371640407785 0.2222222222222222 0.31881371640407785 0.24514991181657847 0.30583873957367935 0.24514991181657847
1 0.24003707136237257 0.2222222222222222 0.2557924003707136 0.2222222222222222 0.2557924003707136 0.25044091710758376 0.24003707136237257 0.25044091710758376
