0 0.33093525179856115 0.2335483870967742 0.37410071942446044 0.2335483870967742 0.37410071942446044 0.27741935483870966 0.33093525179856115 0.27741935483870966
1 0.19544364508393286 0.6890322580645162 0.2158273381294964 0.6890322580645162 0.2158273381294964 0.7109677419354838 0.19544364508393286 0.7109677419354838
1 0.8705035971223022 0.05161290322580645 0.8896882494004796 0.05161290322580645 0.8896882494004796 0.07225806451612904 0.8705035971223022 0.07225806451612904
1 0.8693045563549161 0.47483870967741937 0.8896882494004796 0.47483870967741937 0.8896882494004796 0.4967741935483871 0.8693045563549161 0.4967741935483871
1 0.19424460431654678 0.16516129032258065 0.2170263788968825 0.16516129032258065 0.2170263788968825 0.18838709677419355 0.19424460431654678 0.18838709677419355
1 0.34172661870503596 0.36129032258064514 0.36211031175059955 0.36129032258064514 0.36211031175059955 0.38451612903225807 0.34172661870503596 0.38451612903225807
1 0.4976019184652279 0.6890322580645162 0.5167865707434054 0.6890322580645162 0.5167865707434054 0.7109677419354838 0.4976019184652279 0.7109677419354838
1 0.49640287769784175 0.9148387096774193 0.5179856115107914 0.9148387096774193 0.5179856115107914 0.9380645161290323 0.49640287769784175 0.9380645161290323
1 0.8693045563549161 0.9161290322580645 0.8896882494004796 0.9161290322580645 0.8896882494004796 0.9380645161290323 0.8693045563549161 0.9380645161290323
1 0.2961630695443645 0.7819354838709678 0.31654676258992803 0.7819354838709678 0.31654676258992803 0.8038709677419354 0.2961630695443645 0.8038709677419354
1 0.34292565947242204 0.05161290322580645 0.36211031175059955 0.05161290322580645 0.36211031175059955 0.07225806451612904 0.34292565947242204 0.07225806451612904
1 0.19544364508393286 0.9148387096774193 0.2158273381294964 0.9148387096774193 0.2158273381294964 0.9380645161290323 0.19544364508393286 0.9380645161290323
