2 0.3634475597092419 0.5912408759124087 0.37902388369678086 0.5912408759124087 0.37902388369678086 0.6186131386861313 0.3634475597092419 0.6186131386861313
0 0.3624091381100727 0.6277372262773723 0.387331256490135 0.6277372262773723 0.387331256490135 0.6605839416058394 0.3624091381100727 0.6605839416058394
1 0.8161993769470405 0.35766423357664234 0.8317757009345794 0.35766423357664234 0.8317757009345794 0.3795620437956204 0.8161993769470405 0.3795620437956204
2 0.3644859813084112 0.9032846715328466 0.37902388369678086 0.9032846715328466 0.37902388369678086 0.927007299270073 0.3644859813084112 0.927007299270073
2 0.8712357217030114 0.3594890510948905 0.8909657320872274 0.3594890510948905 0.8909657320872274 0.39233576642335766 0.8712357217030114 0.39233576642335766
2 0.3613707165109034 0.18795620437956204 0.38006230529595014 0.18795620437956204 0.38006230529595014 0.218978102189781 0.3613707165109034 0.218978102189781
2 0.5908618899273105 0.3613138686131387 0.6064382139148494 0.3613138686131387 0.6064382139148494 0.3886861313868613 0.5908618899273105 0.3886861313868613
2 0.10072689511941849 0.6715328467153284 0.12149532710280374 0.6715328467153284 0.12149532710280374 0.7043795620437956 0.10072689511941849 0.7043795620437956
2 0.26583592938733125 0.07846715328467153 0.2803738317757009 0.07846715328467153 0.2803738317757009 0.10218978102189781 0.26583592938733125 0.10218978102189781
2 0.4620976116303219 0.07846715328467153 0.4755970924195223 0.07846715328467153 0.4755970924195223 0.10218978102189781 0.4620976116303219 0.10218978102189781
2 0.26375908618899274 0.2992700729927007 0.2834890965732087 0.2992700729927007 0.2834890965732087 0.33211678832116787 0.26375908618899274 0.33211678832116787
2 0.20353063343717548 0.7591240875912408 0.21703011422637591 0.7591240875912408 0.21703011422637591 0.7846715328467153 0.20353063343717548 0.7846715328467153
2 0.45794392523364486 0.35583941605839414 0.4776739356178608 0.35583941605839414 0.4776739356178608 0.39233576642335766 0.45794392523364486 0.39233576642335766
