0 0.24936708860759493 0.7085828343313373 0.27341772151898736 0.7085828343313373 0.27341772151898736 0.7445109780439121 0.24936708860759493 0.7445109780439121
1 0.7430379746835443 0.4550898203592814 0.7645569620253164 0.4550898203592814 0.7645569620253164 0.48702594810379235 0.7430379746835443 0.48702594810379235
2 0.25316455696202533 0.18363273453093812 0.2670886075949367 0.18363273453093812 0.2670886075949367 0.2055888223552894 0.25316455696202533 0.2055888223552894
2 0.3569620253164557 0.45708582834331335 0.37341772151898733 0.45708582834331335 0.37341772151898733 0.4830339321357285 0.3569620253164557 0.4830339321357285
2 0.25443037974683547 0.9021956087824351 0.2708860759493671 0.9021956087824351 0.2708860759493671 0.9261477045908183 0.25443037974683547 0.9261477045908183
2 0.14556962025316456 0.29141716566866266 0.1620253164556962 0.29141716566866266 0.1620253164556962 0.3173652694610778 0.14556962025316456 0.3173652694610778
2 0.25316455696202533 0.6786427145708582 0.2708860759493671 0.6786427145708582 0.2708860759493671 0.7065868263473053 0.25316455696202533 0.7065868263473053
2 0.4291139240506329 0.4590818363273453 0.4443037974683544 0.4590818363273453 0.4443037974683544 0.48103792415169655 0.4291139240506329 0.48103792415169655
2 0.35822784810126584 0.0718562874251497 0.3721518987341772 0.0718562874251497 0.3721518987341772 0.09381237524950099 0.35822784810126584 0.09381237524950099
2 0.8518987341772152 0.46307385229540915 0.8658227848101266 0.46307385229540915 0.8658227848101266 0.4830339321357285 0.8518987341772152 0.4830339321357285
