0 0.354140127388535 0.2635024549918167 0.37834394904458596 0.2635024549918167 0.37834394904458596 0.2945990180032733 0.354140127388535 0.2945990180032733
0 0.14394904458598726 0.2618657937806874 0.1681528662420382 0.2618657937806874 0.1681528662420382 0.29296235679214405 0.14394904458598726 0.29296235679214405
0 0.4929936305732484 0.2618657937806874 0.5184713375796178 0.2618657937806874 0.5184713375796178 0.2945990180032733 0.4929936305732484 0.2945990180032733
1 0.6700636942675159 0.20294599018003273 0.6917197452229299 0.20294599018003273 0.6917197452229299 0.2291325695581015 0.6700636942675159 0.2291325695581015
1 0.49554140127388535 0.20458265139116205 0.5159235668789809 0.20458265139116205 0.5159235668789809 0.2291325695581015 0.49554140127388535 0.2291325695581015
2 0.6700636942675159 0.02291325695581015 0.6917197452229299 0.02291325695581015 0.6917197452229299 0.04909983633387889 0.6700636942675159 0.04909983633387889
2 0.35668789808917195 0.024549918166939445 0.375796178343949 0.024549918166939445 0.375796178343949 0.04746317512274959 0.35668789808917195 0.04746317512274959
2 0.25095541401273885 0.11456628477905074 0.2700636942675159 0.11456628477905074 0.2700636942675159 0.1391162029459902 0.25095541401273885 0.1391162029459902
2 0.25095541401273885 0.607201309328969 0.2713375796178344 0.607201309328969 0.2713375796178344 0.6333878887070377 0.25095541401273885 0.6333878887070377
2 0.24968152866242038 0.4288052373158756 0.2700636942675159 0.4288052373158756 0.2700636942675159 0.4549918166939444 0.24968152866242038 0.4549918166939444
2 0.28535031847133757 0.7905073649754502 0.3057324840764331 0.7905073649754502 0.3057324840764331 0.8150572831423896 0.28535031847133757 0.8150572831423896
2 0.6726114649681528 0.6088379705400983 0.6904458598726114 0.6088379705400983 0.6904458598726114 0.6317512274959084 0.6726114649681528 0.6317512274959084
2 0.7414012738853503 0.7888707037643208 0.7617834394904458 0.7888707037643208 0.7617834394904458 0.8150572831423896 0.7414012738853503 0.8150572831423896
2 0.1464968152866242 0.20294599018003273 0.16560509554140126 0.20294599018003273 0.16560509554140126 0.2291325695581015 0.1464968152866242 0.2291325695581015
2 0.6484076433121019 0.7905073649754502 0.6662420382165605 0.7905073649754502 0.6662420382165605 0.8134206219312603 0.6484076433121019 0.8134206219312603
2 0.3936305732484076 0.9705400981996727 0.41019108280254774 0.9705400981996727 0.41019108280254774 0.9901800327332243 0.3936305732484076 0.9901800327332243
2 0.39108280254777067 0.7888707037643208 0.4114649681528662 0.7888707037643208 0.4114649681528662 0.8150572831423896 0.39108280254777067 0.8150572831423896
2 0.7439490445859872 0.9689034369885434 0.7605095541401273 0.9689034369885434 0.7605095541401273 0.9901800327332243 0.7439490445859872 0.9901800327332243
2 0.7414012738853503 0.20458265139116205 0.7605095541401273 0.20458265139116205 0.7605095541401273 0.2291325695581015 0.7414012738853503 0.2291325695581015
2 0.8789808917197451 0.7905073649754502 0.8980891719745222 0.7905073649754502 0.8980891719745222 0.8134206219312603 0.8789808917197451 0.8134206219312603
2 0.5299363057324841 0.7905073649754502 0.5503184713375796 0.7905073649754502 0.5503184713375796 0.8150572831423896 0.5299363057324841 0.8150572831423896
2 0.8802547770700636 0.9689034369885434 0.8968152866242037 0.9689034369885434 0.8968152866242037 0.9901800327332243 0.8802547770700636 0.9901800327332243
2 0.6509554140127388 0.9705400981996727 0.6662420382165605 0.9705400981996727 0.6662420382165605 0.9901800327332243 0.6509554140127388 0.9901800327332243
2 0.2878980891719745 0.9705400981996727 0.30445859872611464 0.9705400981996727 0.30445859872611464 0.9901800327332243 0.2878980891719745 0.9901800327332243
2 0.532484076433121 0.9689034369885434 0.5490445859872611 0.9689034369885434 0.5490445859872611 0.9901800327332243 0.532484076433121 0.9901800327332243
2 0.35668789808917195 0.20458265139116205 0.37452229299363055 0.20458265139116205 0.37452229299363055 0.2274959083469722 0.35668789808917195 0.2274959083469722
2 0.7426751592356687 0.23076923076923078 0.7605095541401273 0.23076923076923078 0.7605095541401273 0.25040916530278234 0.7426751592356687 0.25040916530278234
