0 0.4035357417371253 0.4850877192982456 0.4304381245196003 0.4850877192982456 0.4304381245196003 0.5149122807017544 0.4035357417371253 0.5149122807017544
0 0.4035357417371253 0.36754385964912284 0.4304381245196003 0.36754385964912284 0.4304381245196003 0.3973684210526316 0.4035357417371253 0.3973684210526316
0 0.6856264411990777 0.4850877192982456 0.7125288239815527 0.4850877192982456 0.7125288239815527 0.5140350877192983 0.6856264411990777 0.5140350877192983
0 0.6856264411990777 0.36754385964912284 0.711760184473482 0.36754385964912284 0.711760184473482 0.3973684210526316 0.6856264411990777 0.3973684210526316
0 0.684857801691007 0.3026315789473684 0.7125288239815527 0.3026315789473684 0.7125288239815527 0.33245614035087717 0.684857801691007 0.33245614035087717
0 0.797847809377402 0.3666666666666667 0.8255188316679477 0.3666666666666667 0.8255188316679477 0.3973684210526316 0.797847809377402 0.3973684210526316
0 0.7970791698693312 0.4850877192982456 0.824750192159877 0.4850877192982456 0.824750192159877 0.5149122807017544 0.7970791698693312 0.5149122807017544
0 0.30899308224442734 0.3666666666666667 0.3358954650269024 0.3666666666666667 0.3358954650269024 0.3973684210526316 0.30899308224442734 0.3973684210526316
0 0.797847809377402 0.3017543859649123 0.824750192159877 0.3017543859649123 0.824750192159877 0.33245614035087717 0.797847809377402 0.33245614035087717
0 0.30822444273635663 0.8070175438596492 0.3366641045349731 0.8070175438596492 0.3366641045349731 0.8377192982456141 0.30822444273635663 0.8377192982456141
0 0.797847809377402 0.6035087719298246 0.824750192159877 0.6035087719298246 0.824750192159877 0.6324561403508772 0.797847809377402 0.6324561403508772
1 0.7202152190622598 0.49912280701754386 0.7332820906994619 0.49912280701754386 0.7332820906994619 0.5140350877192983 0.7202152190622598 0.5140350877192983
1 0.3151421983089931 0.9491228070175439 0.32897770945426597 0.9491228070175439 0.32897770945426597 0.9640350877192982 0.3151421983089931 0.9640350877192982
1 0.22136817832436587 0.0368421052631579 0.23520368946963874 0.0368421052631579 0.23520368946963874 0.05175438596491228 0.22136817832436587 0.05175438596491228
1 0.3143735588009224 0.31491228070175437 0.32897770945426597 0.31491228070175437 0.32897770945426597 0.3315789473684211 0.3143735588009224 0.3315789473684211
1 0.22059953881629515 0.49736842105263157 0.23520368946963874 0.49736842105263157 0.23520368946963874 0.5140350877192983 0.22059953881629515 0.5140350877192983
1 0.9077632590315142 0.49736842105263157 0.9223674096848578 0.49736842105263157 0.9223674096848578 0.5140350877192983 0.9077632590315142 0.5140350877192983
1 0.22136817832436587 0.9491228070175439 0.23520368946963874 0.9491228070175439 0.23520368946963874 0.9640350877192982 0.22136817832436587 0.9640350877192982
1 0.8047655649500385 0.20789473684210527 0.819369715603382 0.20789473684210527 0.819369715603382 0.2236842105263158 0.8047655649500385 0.2236842105263158
1 0.22059953881629515 0.8201754385964912 0.23520368946963874 0.8201754385964912 0.23520368946963874 0.8368421052631579 0.22059953881629515 0.8368421052631579
1 0.3151421983089931 0.0368421052631579 0.32897770945426597 0.0368421052631579 0.32897770945426597 0.05175438596491228 0.3151421983089931 0.05175438596491228
1 0.8047655649500385 0.9491228070175439 0.8178324365872406 0.9491228070175439 0.8178324365872406 0.9640350877192982 0.8047655649500385 0.9640350877192982
1 0.8047655649500385 0.0368421052631579 0.8186010760953113 0.0368421052631579 0.8186010760953113 0.05175438596491228 0.8047655649500385 0.05175438596491228
1 0.6917755572636434 0.9491228070175439 0.7048424289008455 0.9491228070175439 0.7048424289008455 0.9640350877192982 0.6917755572636434 0.9640350877192982
1 0.47501921598770175 0.6166666666666667 0.4888547271329746 0.6166666666666667 0.4888547271329746 0.6307017543859649 0.47501921598770175 0.6307017543859649
1 0.6917755572636434 0.0368421052631579 0.7056110684089162 0.0368421052631579 0.7056110684089162 0.05175438596491228 0.6917755572636434 0.05175438596491228
1 0.9077632590315142 0.0368421052631579 0.921598770176787 0.0368421052631579 0.921598770176787 0.05175438596491228 0.9077632590315142 0.05175438596491228
1 0.9085318985395849 0.9491228070175439 0.921598770176787 0.9491228070175439 0.921598770176787 0.9640350877192982 0.9085318985395849 0.9640350877192982
1 0.6910069177555727 0.6807017543859649 0.7048424289008455 0.6807017543859649 0.7048424289008455 0.6956140350877194 0.6910069177555727 0.6956140350877194
1 0.6448885472713297 0.4982456140350877 0.6579554189085319 0.4982456140350877 0.6579554189085319 0.5140350877192983 0.6448885472713297 0.5140350877192983
1 0.9085318985395849 0.38070175438596493 0.9223674096848578 0.38070175438596493 0.9223674096848578 0.39649122807017545 0.9085318985395849 0.39649122807017545
1 0.7209838585703305 0.6166666666666667 0.7332820906994619 0.6166666666666667 0.7332820906994619 0.6307017543859649 0.7209838585703305 0.6307017543859649
1 0.8524212144504227 0.3157894736842105 0.865488086087625 0.3157894736842105 0.865488086087625 0.3315789473684211 0.8524212144504227 0.3315789473684211
1 0.9085318985395849 0.6157894736842106 0.9223674096848578 0.6157894736842106 0.9223674096848578 0.631578947368421 0.9085318985395849 0.631578947368421
1 0.47501921598770175 0.3815789473684211 0.4880860876249039 0.3815789473684211 0.4880860876249039 0.3956140350877193 0.47501921598770175 0.3956140350877193
1 0.11683320522674866 0.6903508771929825 0.13143735588009223 0.6903508771929825 0.13143735588009223 0.7070175438596491 0.11683320522674866 0.7070175438596491
1 0.8047655649500385 0.2719298245614035 0.8186010760953113 0.2719298245614035 0.8186010760953113 0.28771929824561404 0.8047655649500385 0.28771929824561404
1 0.11760184473481937 0.9491228070175439 0.13143735588009223 0.9491228070175439 0.13143735588009223 0.9640350877192982 0.11760184473481937 0.9640350877192982
1 0.16986933128362797 0.756140350877193 0.18370484242890084 0.756140350877193 0.18370484242890084 0.7710526315789474 0.16986933128362797 0.7710526315789474
1 0.409684857801691 0.9491228070175439 0.42275172943889316 0.9491228070175439 0.42275172943889316 0.9640350877192982 0.409684857801691 0.9640350877192982
1 0.8531898539584934 0.6824561403508772 0.8647194465795542 0.6824561403508772 0.8647194465795542 0.6947368421052632 0.8531898539584934 0.6947368421052632
1 0.409684857801691 0.0368421052631579 0.4235203689469639 0.0368421052631579 0.4235203689469639 0.05175438596491228 0.409684857801691 0.05175438596491228
1 0.11760184473481937 0.035964912280701755 0.13220599538816294 0.035964912280701755 0.13220599538816294 0.052631578947368425 0.11760184473481937 0.052631578947368425
1 0.4104534973097617 0.6912280701754386 0.4242890084550346 0.6912280701754386 0.4242890084550346 0.706140350877193 0.4104534973097617 0.706140350877193
1 0.409684857801691 0.7552631578947369 0.4242890084550346 0.7552631578947369 0.4242890084550346 0.7719298245614036 0.409684857801691 0.7719298245614036
2 0.6733282090699462 0.6166666666666667 0.6863950807071484 0.6166666666666667 0.6863950807071484 0.6307017543859649 0.6733282090699462 0.6307017543859649
2 0.8531898539584934 0.6385964912280702 0.8662567255956957 0.6385964912280702 0.8662567255956957 0.6535087719298246 0.8531898539584934 0.6535087719298246
