0 0.42286947141316067 0.7646076794657763 0.45523193096008624 0.7646076794657763 0.45523193096008624 0.8130217028380634 0.42286947141316067 0.8130217028380634
0 0.2308522114347357 0.27879799666110183 0.26429341963322545 0.27879799666110183 0.26429341963322545 0.328881469115192 0.2308522114347357 0.328881469115192
0 0.34627831715210355 0.27879799666110183 0.3797195253505933 0.27879799666110183 0.3797195253505933 0.328881469115192 0.34627831715210355 0.328881469115192
0 0.4217907227615965 0.27879799666110183 0.45523193096008624 0.27879799666110183 0.45523193096008624 0.328881469115192 0.4217907227615965 0.328881469115192
1 0.4293419633225458 0.06343906510851419 0.44875943905070115 0.06343906510851419 0.44875943905070115 0.09181969949916528 0.4293419633225458 0.09181969949916528
1 0.889967637540453 0.06343906510851419 0.9083063646170442 0.06343906510851419 0.9083063646170442 0.09015025041736227 0.889967637540453 0.09015025041736227
1 0.5652642934196331 0.6477462437395659 0.581445523193096 0.6477462437395659 0.581445523193096 0.672787979966611 0.5652642934196331 0.672787979966611
1 0.4293419633225458 0.8797996661101837 0.44768069039913694 0.8797996661101837 0.44768069039913694 0.9081803005008348 0.4293419633225458 0.9081803005008348
1 0.6990291262135921 0.06176961602671119 0.7184466019417475 0.06176961602671119 0.7184466019417475 0.09181969949916528 0.6990291262135921 0.09181969949916528
1 0.23948220064724918 0.4557595993322204 0.2578209277238403 0.4557595993322204 0.2578209277238403 0.48414023372287146 0.23948220064724918 0.48414023372287146
1 0.6084142394822006 0.18030050083472454 0.6256742179072275 0.18030050083472454 0.6256742179072275 0.20701168614357263 0.6084142394822006 0.20701168614357263
1 0.4293419633225458 0.5158597662771286 0.44768069039913694 0.5158597662771286 0.44768069039913694 0.5442404006677797 0.4293419633225458 0.5442404006677797
1 0.6990291262135921 0.6444073455759599 0.7184466019417475 0.6444073455759599 0.7184466019417475 0.672787979966611 0.6990291262135921 0.672787979966611
1 0.23948220064724918 0.8797996661101837 0.2578209277238403 0.8797996661101837 0.2578209277238403 0.9081803005008348 0.23948220064724918 0.9081803005008348
1 0.3538295577130528 0.6460767946577629 0.372168284789644 0.6460767946577629 0.372168284789644 0.672787979966611 0.3538295577130528 0.672787979966611
1 0.6073354908306364 0.2988313856427379 0.6267529665587918 0.2988313856427379 0.6267529665587918 0.327212020033389 0.6073354908306364 0.327212020033389
1 0.889967637540453 0.8797996661101837 0.9083063646170442 0.8797996661101837 0.9083063646170442 0.9081803005008348 0.889967637540453 0.9081803005008348
1 0.6990291262135921 0.2988313856427379 0.7184466019417475 0.2988313856427379 0.7184466019417475 0.328881469115192 0.6990291262135921 0.328881469115192
1 0.6990291262135921 0.8814691151919867 0.7184466019417475 0.8814691151919867 0.7184466019417475 0.9098497495826378 0.6990291262135921 0.9098497495826378
