0 0.871578947368421 0.5658720200752823 0.9094736842105263 0.5658720200752823 0.9094736842105263 0.6097867001254704 0.871578947368421 0.6097867001254704
0 0.4884210526315789 0.5658720200752823 0.5273684210526316 0.5658720200752823 0.5273684210526316 0.6097867001254704 0.4884210526315789 0.6097867001254704
1 0.6789473684210526 0.2923462986198243 0.6989473684210527 0.2923462986198243 0.6989473684210527 0.31493099121706397 0.6789473684210526 0.31493099121706397
0 0.11157894736842106 0.5646173149309912 0.15052631578947367 0.5646173149309912 0.15052631578947367 0.6097867001254704 0.11157894736842106 0.6097867001254704
1 0.8821052631578947 0.4102885821831869 0.9 0.4102885821831869 0.9 0.4328732747804266 0.8821052631578947 0.4328732747804266
1 0.8810526315789473 0.9159347553324968 0.8989473684210526 0.9159347553324968 0.8989473684210526 0.9372647427854454 0.8810526315789473 0.9372647427854454
1 0.6799999999999999 0.060225846925972396 0.6978947368421052 0.060225846925972396 0.6978947368421052 0.08155583437892094 0.6799999999999999 0.08155583437892094
1 0.12 0.4102885821831869 0.13894736842105262 0.4102885821831869 0.13894736842105262 0.4328732747804266 0.12 0.4328732747804266
1 0.12105263157894737 0.9159347553324968 0.13894736842105262 0.9159347553324968 0.13894736842105262 0.9372647427854454 0.12105263157894737 0.9372647427854454
1 0.3157894736842105 0.2923462986198243 0.3357894736842105 0.2923462986198243 0.3357894736842105 0.31493099121706397 0.3157894736842105 0.31493099121706397
1 0.49894736842105264 0.5106649937264742 0.5157894736842105 0.5106649937264742 0.5157894736842105 0.5307402760351317 0.49894736842105264 0.5307402760351317
1 0.4978947368421053 0.9146800501882058 0.5168421052631579 0.9146800501882058 0.5168421052631579 0.9372647427854454 0.4978947368421053 0.9372647427854454
1 0.12105263157894737 0.060225846925972396 0.13894736842105262 0.060225846925972396 0.13894736842105262 0.08155583437892094 0.12105263157894737 0.08155583437892094
1 0.8821052631578947 0.060225846925972396 0.8989473684210526 0.060225846925972396 0.8989473684210526 0.08030112923462986 0.8821052631578947 0.08030112923462986
1 0.31789473684210523 0.060225846925972396 0.33473684210526317 0.060225846925972396 0.33473684210526317 0.08030112923462986 0.31789473684210523 0.08030112923462986
