1 0.7420924574209246 0.7264673311184939 0.7664233576642336 0.7264673311184939 0.7664233576642336 0.7475083056478405 0.7420924574209246 0.7475083056478405
1 0.7420924574209246 0.05426356589147287 0.7664233576642336 0.05426356589147287 0.7664233576642336 0.07641196013289037 0.7420924574209246 0.07641196013289037
1 0.7420924574209246 0.9180509413067552 0.7652068126520681 0.9180509413067552 0.7652068126520681 0.9401993355481727 0.7420924574209246 0.9401993355481727
1 0.572992700729927 0.7652270210409745 0.597323600973236 0.7652270210409745 0.597323600973236 0.787375415282392 0.572992700729927 0.787375415282392
1 0.5717761557177615 0.9180509413067552 0.597323600973236 0.9180509413067552 0.597323600973236 0.9401993355481727 0.5717761557177615 0.9401993355481727
1 0.23600973236009734 0.05426356589147287 0.26034063260340634 0.05426356589147287 0.26034063260340634 0.07641196013289037 0.23600973236009734 0.07641196013289037
1 0.572992700729927 0.05426356589147287 0.597323600973236 0.05426356589147287 0.597323600973236 0.07641196013289037 0.572992700729927 0.07641196013289037
1 0.23600973236009734 0.36212624584717606 0.2591240875912409 0.36212624584717606 0.2591240875912409 0.3831672203765227 0.23600973236009734 0.3831672203765227
0 0.5571776155717761 0.7043189368770764 0.6155717761557178 0.7043189368770764 0.6155717761557178 0.7508305647840531 0.5571776155717761 0.7508305647840531
1 0.7420924574209246 0.4485049833887043 0.7664233576642336 0.4485049833887043 0.7664233576642336 0.47065337763012177 0.7420924574209246 0.47065337763012177
1 0.572992700729927 0.4485049833887043 0.5961070559610706 0.4485049833887043 0.5961070559610706 0.47065337763012177 0.572992700729927 0.47065337763012177
