0 0.8383594692400482 0.2634508348794063 0.8648974668275029 0.2634508348794063 0.8648974668275029 0.30241187384044527 0.8383594692400482 0.30241187384044527
0 0.7068757539203859 0.6122448979591837 0.7322074788902292 0.6122448979591837 0.7322074788902292 0.6493506493506493 0.7068757539203859 0.6493506493506493
0 0.594692400482509 0.2653061224489796 0.6200241254523522 0.2653061224489796 0.6200241254523522 0.30241187384044527 0.594692400482509 0.30241187384044527
0 0.4800965018094089 0.5547309833024119 0.505428226779252 0.5547309833024119 0.505428226779252 0.5936920222634509 0.4800965018094089 0.5936920222634509
0 0.7056694813027744 0.5547309833024119 0.7322074788902292 0.5547309833024119 0.7322074788902292 0.5936920222634509 0.7056694813027744 0.5936920222634509
0 0.594692400482509 0.6122448979591837 0.6200241254523522 0.6122448979591837 0.6200241254523522 0.6493506493506493 0.594692400482509 0.6493506493506493
1 0.5958986731001206 0.8831168831168831 0.6188178528347406 0.8831168831168831 0.6188178528347406 0.9165120593692022 0.5958986731001206 0.9165120593692022
2 0.7104945717732207 0.8849721706864564 0.7285886610373944 0.8849721706864564 0.7285886610373944 0.9128014842300557 0.7104945717732207 0.9128014842300557
2 0.4849215922798552 0.8868274582560297 0.5018094089264173 0.8868274582560297 0.5018094089264173 0.9128014842300557 0.4849215922798552 0.9128014842300557
2 0.5983112183353437 0.3914656771799629 0.6164053075995175 0.3914656771799629 0.6164053075995175 0.41929499072356213 0.5983112183353437 0.41929499072356213
2 0.5971049457177322 0.5658627087198516 0.6151990349819059 0.5658627087198516 0.6151990349819059 0.5936920222634509 0.5971049457177322 0.5936920222634509
2 0.35464414957780455 0.07792207792207792 0.3703256936067551 0.07792207792207792 0.3703256936067551 0.10018552875695733 0.35464414957780455 0.10018552875695733
2 0.22195416164053075 0.19109461966604824 0.24004825090470444 0.19109461966604824 0.24004825090470444 0.21706864564007422 0.22195416164053075 0.21706864564007422
2 0.1447527141133896 0.2764378478664193 0.1640530759951749 0.2764378478664193 0.1640530759951749 0.3042671614100186 0.1447527141133896 0.3042671614100186
2 0.22195416164053075 0.7717996289424861 0.23884197828709286 0.7717996289424861 0.23884197828709286 0.7959183673469388 0.22195416164053075 0.7959183673469388
2 0.8443908323281061 0.07606679035250465 0.8600723763570567 0.07606679035250465 0.8600723763570567 0.10018552875695733 0.8443908323281061 0.10018552875695733
2 0.7092882991556091 0.6808905380333952 0.729794933655006 0.6808905380333952 0.729794933655006 0.7105751391465678 0.7092882991556091 0.7105751391465678
2 0.1447527141133896 0.6808905380333952 0.1640530759951749 0.6808905380333952 0.1640530759951749 0.7087198515769945 0.1447527141133896 0.7087198515769945
2 0.8419782870928829 0.3339517625231911 0.8600723763570567 0.3339517625231911 0.8600723763570567 0.3617810760667904 0.8419782870928829 0.3617810760667904
2 0.4849215922798552 0.62708719851577 0.5018094089264173 0.62708719851577 0.5018094089264173 0.6512059369202227 0.4849215922798552 0.6512059369202227
2 0.3522316043425814 0.2764378478664193 0.3703256936067551 0.2764378478664193 0.3703256936067551 0.3042671614100186 0.3522316043425814 0.3042671614100186
2 0.5995174909529554 0.07792207792207792 0.6139927623642943 0.07792207792207792 0.6139927623642943 0.10018552875695733 0.5995174909529554 0.10018552875695733
