0 0.43445287107258934 0.2328458942632171 0.4745395449620802 0.2328458942632171 0.4745395449620802 0.27334083239595053 0.43445287107258934 0.27334083239595053
0 0.43553629469122424 0.29696287964004503 0.4745395449620802 0.29696287964004503 0.4745395449620802 0.3352080989876266 0.43553629469122424 0.3352080989876266
1 0.3488624052004333 0.16310461192350958 0.3661971830985915 0.16310461192350958 0.3661971830985915 0.18110236220472442 0.3488624052004333 0.18110236220472442
1 0.1570964247020585 0.16310461192350958 0.17551462621885155 0.16310461192350958 0.17551462621885155 0.18110236220472442 0.1570964247020585 0.18110236220472442
1 0.38028169014084506 0.7930258717660293 0.39869989165763814 0.7930258717660293 0.39869989165763814 0.8121484814398201 0.38028169014084506 0.8121484814398201
1 0.06175514626218851 0.05061867266591676 0.07908992416034669 0.05061867266591676 0.07908992416034669 0.06861642294713162 0.06175514626218851 0.06861642294713162
1 0.4452871072589382 0.049493813273340834 0.4626218851570964 0.049493813273340834 0.4626218851570964 0.06861642294713162 0.4452871072589382 0.06861642294713162
1 0.6197183098591549 0.6816647919010125 0.638136511375948 0.6816647919010125 0.638136511375948 0.6996625421822273 0.6197183098591549 0.6996625421822273
1 0.26868905742145177 0.6816647919010125 0.28710725893824485 0.6816647919010125 0.28710725893824485 0.7007874015748032 0.26868905742145177 0.7007874015748032
1 0.4452871072589382 0.35883014623172105 0.4626218851570964 0.35883014623172105 0.4626218851570964 0.37795275590551186 0.4452871072589382 0.37795275590551186
1 0.6197183098591549 0.5883014623172104 0.638136511375948 0.5883014623172104 0.638136511375948 0.6074240719910012 0.6197183098591549 0.6074240719910012
1 0.8331527627302274 0.049493813273340834 0.8515709642470205 0.049493813273340834 0.8515709642470205 0.06861642294713162 0.8331527627302274 0.06861642294713162
1 0.6197183098591549 0.9178852643419574 0.638136511375948 0.9178852643419574 0.638136511375948 0.9370078740157481 0.6197183098591549 0.9370078740157481
1 0.8331527627302274 0.5883014623172104 0.8526543878656554 0.5883014623172104 0.8526543878656554 0.6074240719910012 0.8331527627302274 0.6074240719910012
1 0.06175514626218851 0.9178852643419574 0.08017334777898158 0.9178852643419574 0.08017334777898158 0.9370078740157481 0.06175514626218851 0.9370078740157481
1 0.8331527627302274 0.9190101237345333 0.8504875406283856 0.9190101237345333 0.8504875406283856 0.9370078740157481 0.8331527627302274 0.9370078740157481
1 0.8320693391115925 0.5309336332958381 0.8515709642470205 0.5309336332958381 0.8515709642470205 0.5511811023622047 0.8320693391115925 0.5511811023622047
1 0.060671722643553624 0.25196850393700787 0.08017334777898158 0.25196850393700787 0.08017334777898158 0.2710911136107987 0.060671722643553624 0.2710911136107987
1 0.26977248104008666 0.9178852643419574 0.28819068255687974 0.9178852643419574 0.28819068255687974 0.938132733408324 0.26977248104008666 0.938132733408324
