0 0.27935533384497313 0.4972677595628415 0.30084420567920184 0.4972677595628415 0.30084420567920184 0.5368852459016393 0.27935533384497313 0.5368852459016393
0 0.639293937068304 0.3442622950819672 0.6630851880276285 0.3442622950819672 0.6630851880276285 0.383879781420765 0.639293937068304 0.383879781420765
0 0.13046815042210283 0.2786885245901639 0.15272448196469685 0.2786885245901639 0.15272448196469685 0.31693989071038253 0.13046815042210283 0.31693989071038253
0 0.27935533384497313 0.3224043715846995 0.3016116653875672 0.3224043715846995 0.3016116653875672 0.36065573770491804 0.27935533384497313 0.36065573770491804
1 0.5878741366078281 0.3592896174863388 0.600153491941673 0.3592896174863388 0.600153491941673 0.3825136612021858 0.5878741366078281 0.3825136612021858
1 0.88871834228703 0.8797814207650273 0.9002302379125096 0.8797814207650273 0.9002302379125096 0.9016393442622951 0.88871834228703 0.9016393442622951
1 0.2831926323867997 0.3825136612021858 0.29623944742901 0.3825136612021858 0.29623944742901 0.4030054644808743 0.2831926323867997 0.4030054644808743
1 0.283960092095165 0.050546448087431695 0.29623944742901 0.050546448087431695 0.29623944742901 0.07377049180327869 0.283960092095165 0.07377049180327869
1 0.1343054489639294 0.5150273224043715 0.14658480429777437 0.5150273224043715 0.14658480429777437 0.5368852459016393 0.1343054489639294 0.5368852459016393
1 0.13584036838066002 0.4262295081967213 0.148119723714505 0.4262295081967213 0.148119723714505 0.44808743169398907 0.13584036838066002 0.44808743169398907
1 0.13584036838066002 0.050546448087431695 0.14735226400613968 0.050546448087431695 0.14735226400613968 0.07377049180327869 0.13584036838066002 0.07377049180327869
1 0.2831926323867997 0.4713114754098361 0.29623944742901 0.4713114754098361 0.29623944742901 0.4918032786885246 0.2831926323867997 0.4918032786885246
1 0.283960092095165 0.4262295081967213 0.29623944742901 0.4262295081967213 0.29623944742901 0.44808743169398907 0.283960092095165 0.44808743169398907
1 0.07751343054489639 0.7308743169398907 0.08979278587874137 0.7308743169398907 0.08979278587874137 0.7540983606557377 0.07751343054489639 0.7540983606557377
1 0.20951650038372985 0.8811475409836066 0.2210283960092095 0.8811475409836066 0.2210283960092095 0.9016393442622951 0.20951650038372985 0.9016393442622951
1 0.0283960092095165 0.16939890710382513 0.039907904834996163 0.16939890710382513 0.039907904834996163 0.1912568306010929 0.0283960092095165 0.1912568306010929
1 0.1343054489639294 0.33879781420765026 0.14658480429777437 0.33879781420765026 0.14658480429777437 0.3592896174863388 0.1343054489639294 0.3592896174863388
1 0.07828089025326171 0.21311475409836064 0.08979278587874137 0.21311475409836064 0.08979278587874137 0.23497267759562843 0.07828089025326171 0.23497267759562843
1 0.8434382194934765 0.04918032786885246 0.8564850345356869 0.04918032786885246 0.8564850345356869 0.07377049180327869 0.8434382194934765 0.07377049180327869
1 0.20951650038372985 0.6639344262295082 0.22179585571757482 0.6639344262295082 0.22179585571757482 0.6857923497267759 0.20951650038372985 0.6857923497267759
2 0.3883346124328473 0.4713114754098361 0.3990790483499616 0.4713114754098361 0.3990790483499616 0.49043715846994534 0.3883346124328473 0.49043715846994534
1 0.8442056792018419 0.19672131147540983 0.8557175748273216 0.19672131147540983 0.8557175748273216 0.2185792349726776 0.8442056792018419 0.2185792349726776
1 0.795088257866462 0.19808743169398907 0.8066001534919417 0.19808743169398907 0.8066001534919417 0.2185792349726776 0.795088257866462 0.2185792349726776
2 0.38756715272448194 0.383879781420765 0.3983115886415963 0.383879781420765 0.3983115886415963 0.4030054644808743 0.38756715272448194 0.4030054644808743
2 0.38756715272448194 0.5150273224043715 0.3990790483499616 0.5150273224043715 0.3990790483499616 0.5355191256830601 0.38756715272448194 0.5355191256830601
2 0.38756715272448194 0.33879781420765026 0.3990790483499616 0.33879781420765026 0.3990790483499616 0.35792349726775957 0.38756715272448194 0.35792349726775957
