0 0.2761780104712042 0.4954296160877514 0.3075916230366492 0.4954296160877514 0.3075916230366492 0.5393053016453382 0.2761780104712042 0.5393053016453382
2 0.43062827225130895 0.7897623400365631 0.4502617801047121 0.7897623400365631 0.4502617801047121 0.8171846435100548 0.43062827225130895 0.8171846435100548
2 0.43062827225130895 0.21755027422303475 0.45157068062827227 0.21755027422303475 0.45157068062827227 0.24680073126142596 0.43062827225130895 0.24680073126142596
2 0.43193717277486915 0.10603290676416818 0.4489528795811519 0.10603290676416818 0.4489528795811519 0.12979890310786105 0.43193717277486915 0.12979890310786105
2 0.31020942408376967 0.7020109689213894 0.33246073298429324 0.7020109689213894 0.33246073298429324 0.7312614259597806 0.31020942408376967 0.7312614259597806
2 0.31151832460732987 0.9012797074954296 0.331151832460733 0.9012797074954296 0.331151832460733 0.9305301645338209 0.31151832460732987 0.9305301645338209
2 0.31413612565445026 0.10786106032906764 0.331151832460733 0.10786106032906764 0.331151832460733 0.12979890310786105 0.31413612565445026 0.12979890310786105
2 0.6950261780104713 0.5009140767824497 0.718586387434555 0.5009140767824497 0.718586387434555 0.5338208409506399 0.6950261780104713 0.5338208409506399
2 0.14267015706806283 0.4990859232175503 0.16753926701570682 0.4990859232175503 0.16753926701570682 0.5338208409506399 0.14267015706806283 0.5338208409506399
2 0.5523560209424084 0.5009140767824497 0.574607329842932 0.5009140767824497 0.574607329842932 0.5319926873857403 0.5523560209424084 0.5319926873857403
2 0.8167539267015708 0.5009140767824497 0.8416230366492147 0.5009140767824497 0.8416230366492147 0.5338208409506399 0.8167539267015708 0.5338208409506399
2 0.31282722513089006 0.3053016453382084 0.331151832460733 0.3053016453382084 0.331151832460733 0.33089579524680074 0.31282722513089006 0.33089579524680074
2 0.4293193717277487 0.9012797074954296 0.45287958115183247 0.9012797074954296 0.45287958115183247 0.9323583180987203 0.4293193717277487 0.9323583180987203
