2 0.15384615384615385 0.43659711075441415 0.17861799217731422 0.43659711075441415 0.17861799217731422 0.46869983948635635 0.15384615384615385 0.46869983948635635
0 0.7209908735332465 0.4028892455858748 0.7509778357235986 0.4028892455858748 0.7509778357235986 0.43820224719101125 0.7209908735332465 0.43820224719101125
2 0.8083441981747066 0.8202247191011236 0.8265971316818774 0.8202247191011236 0.8265971316818774 0.8426966292134831 0.8083441981747066 0.8426966292134831
2 0.726205997392438 0.9229534510433388 0.7444589308996087 0.9229534510433388 0.7444589308996087 0.9438202247191013 0.726205997392438 0.9438202247191013
1 0.3559322033898305 0.5120385232744783 0.3820078226857888 0.5120385232744783 0.3820078226857888 0.5441412520064205 0.3559322033898305 0.5441412520064205
2 0.3598435462842243 0.9213483146067416 0.37940026075619304 0.9213483146067416 0.37940026075619304 0.9454253611556982 0.3598435462842243 0.9454253611556982
2 0.44198174706649285 0.7479935794542536 0.4589308996088657 0.7479935794542536 0.4589308996088657 0.7672552166934189 0.44198174706649285 0.7672552166934189
2 0.44067796610169485 0.5152487961476726 0.46153846153846145 0.5152487961476726 0.46153846153846145 0.5409309791332264 0.44067796610169485 0.5409309791332264
2 0.8878748370273793 0.5152487961476726 0.9087353324641461 0.5152487961476726 0.9087353324641461 0.5425361155698235 0.8878748370273793 0.5425361155698235
2 0.6010430247718384 0.06260032102728733 0.6258148631029987 0.06260032102728733 0.6258148631029987 0.08988764044943821 0.6010430247718384 0.08988764044943821
2 0.23728813559322035 0.24077046548956663 0.25554106910039115 0.24077046548956663 0.25554106910039115 0.26484751203852325 0.23728813559322035 0.26484751203852325
2 0.6036505867014341 0.9213483146067416 0.6232073011734028 0.9213483146067416 0.6232073011734028 0.9454253611556982 0.6036505867014341 0.9454253611556982
2 0.35723598435462844 0.06260032102728733 0.38070404172099087 0.06260032102728733 0.38070404172099087 0.09149277688603531 0.35723598435462844 0.09149277688603531
2 0.72490221642764 0.7174959871589085 0.7444589308996087 0.7174959871589085 0.7444589308996087 0.7415730337078652 0.72490221642764 0.7415730337078652
2 0.7235984354628422 0.06260032102728733 0.7470664928292047 0.06260032102728733 0.7470664928292047 0.09149277688603531 0.7235984354628422 0.09149277688603531
2 0.6010430247718384 0.5104333868378812 0.6271186440677966 0.5104333868378812 0.6271186440677966 0.5441412520064205 0.6010430247718384 0.5441412520064205
2 0.6036505867014341 0.41412520064205455 0.6245110821382008 0.41412520064205455 0.6245110821382008 0.43980738362760835 0.6036505867014341 0.43980738362760835
0 0.14993481095176012 0.5024077046548957 0.18252933507170796 0.5024077046548957 0.18252933507170796 0.5425361155698234 0.14993481095176012 0.5425361155698234
2 0.35723598435462844 0.6918138041733548 0.379400260756193 0.6918138041733548 0.379400260756193 0.7207062600321028 0.35723598435462844 0.7207062600321028
