0 0.4327217125382263 0.3890845070422535 0.46788990825688076 0.3890845070422535 0.46788990825688076 0.4278169014084507 0.4327217125382263 0.4278169014084507
0 0.8409785932721713 0.5669014084507042 0.8761467889908257 0.5669014084507042 0.8761467889908257 0.6038732394366197 0.8409785932721713 0.6038732394366197
0 0.6376146788990825 0.47711267605633806 0.6712538226299695 0.47711267605633806 0.6712538226299695 0.5158450704225352 0.6376146788990825 0.5158450704225352
0 0.22935779816513763 0.5651408450704225 0.26452599388379205 0.5651408450704225 0.26452599388379205 0.6038732394366197 0.22935779816513763 0.6038732394366197
2 0.746177370030581 0.31514084507042256 0.7660550458715596 0.31514084507042256 0.7660550458715596 0.3397887323943662 0.746177370030581 0.3397887323943662
2 0.3379204892966361 0.9014084507042254 0.3593272171253823 0.9014084507042254 0.3593272171253823 0.926056338028169 0.3379204892966361 0.926056338028169
2 0.6422018348623854 0.5774647887323944 0.6666666666666666 0.5774647887323944 0.6666666666666666 0.6056338028169014 0.6422018348623854 0.6056338028169014
2 0.3379204892966361 0.6672535211267606 0.3593272171253823 0.6672535211267606 0.3593272171253823 0.6919014084507042 0.3379204892966361 0.6919014084507042
2 0.43883792048929665 0.08098591549295775 0.4602446483180428 0.08098591549295775 0.4602446483180428 0.1056338028169014 0.43883792048929665 0.1056338028169014
2 0.6437308868501529 0.8996478873239436 0.6666666666666666 0.8996478873239436 0.6666666666666666 0.926056338028169 0.6437308868501529 0.926056338028169
2 0.23394495412844038 0.07922535211267606 0.25840978593272174 0.07922535211267606 0.25840978593272174 0.1056338028169014 0.23394495412844038 0.1056338028169014
2 0.845565749235474 0.6971830985915494 0.8685015290519877 0.6971830985915494 0.8685015290519877 0.721830985915493 0.845565749235474 0.721830985915493
2 0.43883792048929665 0.49119718309859156 0.4617737003058104 0.49119718309859156 0.4617737003058104 0.5176056338028169 0.43883792048929665 0.5176056338028169
2 0.2324159021406728 0.3996478873239437 0.2599388379204893 0.3996478873239437 0.2599388379204893 0.4295774647887324 0.2324159021406728 0.4295774647887324
