2 0.868209255533199 0.5231910946196661 0.8853118712273641 0.5231910946196661 0.8853118712273641 0.5565862708719852 0.868209255533199 0.5565862708719852
1 0.8038229376257546 0.5213358070500927 0.8249496981891349 0.5213358070500927 0.8249496981891349 0.5584415584415584 0.8038229376257546 0.5584415584415584
0 0.6156941649899397 0.5157699443413729 0.6378269617706237 0.5157699443413729 0.6378269617706237 0.5547309833024119 0.6156941649899397 0.5547309833024119
1 0.4275653923541248 0.8979591836734694 0.4476861167002012 0.8979591836734694 0.4476861167002012 0.935064935064935 0.4275653923541248 0.935064935064935
2 0.23843058350100604 0.549165120593692 0.25855130784708247 0.549165120593692 0.25855130784708247 0.588126159554731 0.23843058350100604 0.588126159554731
2 0.4275653923541248 0.4359925788497217 0.44668008048289737 0.4359925788497217 0.44668008048289737 0.4712430426716141 0.4275653923541248 0.4712430426716141
2 0.4275653923541248 0.08719851576994433 0.4476861167002012 0.08719851576994433 0.4476861167002012 0.12430426716141002 0.4275653923541248 0.12430426716141002
2 0.6156941649899397 0.08905380333951761 0.635814889336016 0.08905380333951761 0.635814889336016 0.12430426716141002 0.6156941649899397 0.12430426716141002
2 0.36519114688128773 0.6716141001855288 0.3812877263581489 0.6716141001855288 0.3812877263581489 0.7012987012987013 0.36519114688128773 0.7012987012987013
0 0.42655935613682094 0.7792207792207794 0.44668008048289737 0.7792207792207794 0.44668008048289737 0.816326530612245 0.42655935613682094 0.816326530612245
2 0.24044265593561368 0.9035250463821892 0.25553319919517103 0.9035250463821892 0.25553319919517103 0.9294990723562152 0.24044265593561368 0.9294990723562152
2 0.23943661971830985 0.08905380333951761 0.2575452716297787 0.08905380333951761 0.2575452716297787 0.12244897959183673 0.23943661971830985 0.12244897959183673
2 0.6167002012072434 0.8998144712430427 0.6348088531187123 0.8998144712430427 0.6348088531187123 0.9313543599257885 0.6167002012072434 0.9313543599257885
2 0.3661971830985916 0.9016697588126159 0.38128772635814895 0.9016697588126159 0.38128772635814895 0.9313543599257885 0.3661971830985916 0.9313543599257885
2 0.17706237424547283 0.20779220779220778 0.19416498993963782 0.20779220779220778 0.19416498993963782 0.2374768089053803 0.17706237424547283 0.2374768089053803
2 0.49094567404426553 0.9035250463821892 0.5060362173038229 0.9035250463821892 0.5060362173038229 0.9313543599257885 0.49094567404426553 0.9313543599257885
0 0.23943661971830985 0.7792207792207794 0.2575452716297787 0.7792207792207794 0.2575452716297787 0.8144712430426717 0.23943661971830985 0.8144712430426717
2 0.11368209255533199 0.3228200371057514 0.13078470824949698 0.3228200371057514 0.13078470824949698 0.35435992578849723 0.11368209255533199 0.35435992578849723
2 0.43073899760990997 0.3273402147486092 0.44381746843485964 0.3273402147486092 0.44381746843485964 0.3496036655834886 0.43073899760990997 0.3496036655834886
2 0.49295774647887325 0.6697588126159555 0.5100603621730382 0.6697588126159555 0.5100603621730382 0.7012987012987013 0.49295774647887325 0.7012987012987013
