0 0.11084529505582137 0.8149350649350651 0.12759170653907495 0.8149350649350651 0.12759170653907495 0.849025974025974 0.11084529505582137 0.849025974025974
0 0.7496012759170654 0.8133116883116884 0.7671451355661882 0.8133116883116884 0.7671451355661882 0.849025974025974 0.7496012759170654 0.849025974025974
0 0.696969696969697 0.5714285714285714 0.7137161084529506 0.5714285714285714 0.7137161084529506 0.6038961038961039 0.696969696969697 0.6038961038961039
0 0.8564593301435407 0.3522727272727273 0.8740031897926634 0.3522727272727273 0.8740031897926634 0.38961038961038963 0.8564593301435407 0.38961038961038963
2 0.6985645933014354 0.03896103896103896 0.7129186602870813 0.03896103896103896 0.7129186602870813 0.06655844155844155 0.6985645933014354 0.06655844155844155
0 0.5901116427432217 0.10876623376623376 0.6084529505582137 0.10876623376623376 0.6084529505582137 0.1461038961038961 0.5901116427432217 0.1461038961038961
0 0.4314194577352472 0.8133116883116884 0.4481658692185008 0.8133116883116884 0.4481658692185008 0.8474025974025974 0.4314194577352472 0.8474025974025974
0 0.2719298245614035 0.5698051948051948 0.2894736842105263 0.5698051948051948 0.2894736842105263 0.6055194805194806 0.2719298245614035 0.6055194805194806
2 0.7527910685805422 0.9058441558441559 0.7655502392344498 0.9058441558441559 0.7655502392344498 0.9301948051948052 0.7527910685805422 0.9301948051948052
2 0.11562998405103668 0.9074675324675324 0.12679425837320574 0.9074675324675324 0.12679425837320574 0.9301948051948052 0.11562998405103668 0.9301948051948052
2 0.9106858054226475 0.28084415584415584 0.9258373205741627 0.28084415584415584 0.9258373205741627 0.31006493506493504 0.9106858054226475 0.31006493506493504
2 0.433811802232855 0.9058441558441559 0.44657097288676245 0.9058441558441559 0.44657097288676245 0.9301948051948052 0.433811802232855 0.9301948051948052
2 0.5925039872408293 0.9058441558441559 0.6052631578947368 0.9058441558441559 0.6052631578947368 0.9301948051948052 0.5925039872408293 0.9301948051948052
2 0.5925039872408293 0.037337662337662336 0.6076555023923444 0.037337662337662336 0.6076555023923444 0.06655844155844155 0.5925039872408293 0.06655844155844155
2 0.5135566188197768 0.9074675324675324 0.525518341307815 0.9074675324675324 0.525518341307815 0.9318181818181818 0.5135566188197768 0.9318181818181818
0 0.6977671451355661 0.3538961038961039 0.7145135566188198 0.3538961038961039 0.7145135566188198 0.387987012987013 0.6977671451355661 0.387987012987013
2 0.2727272727272727 0.03571428571428571 0.2886762360446571 0.03571428571428571 0.2886762360446571 0.06655844155844155 0.2727272727272727 0.06655844155844155
2 0.11323763955342903 0.4707792207792208 0.1283891547049442 0.4707792207792208 0.1283891547049442 0.5 0.11323763955342903 0.5
0 0.7503987240829346 0.3522727272727273 0.7679425837320574 0.3522727272727273 0.7679425837320574 0.387987012987013 0.7503987240829346 0.387987012987013
2 0.2743221690590112 0.9058441558441559 0.2862838915470495 0.9058441558441559 0.2862838915470495 0.9301948051948052 0.2743221690590112 0.9301948051948052
0 0.2711323763955343 0.10876623376623376 0.2894736842105263 0.10876623376623376 0.2894736842105263 0.1444805194805195 0.2711323763955343 0.1444805194805195
2 0.43301435406698563 0.4724025974025974 0.44657097288676234 0.4724025974025974 0.44657097288676234 0.5 0.43301435406698563 0.5
2 0.11403508771929824 0.03896103896103896 0.12759170653907495 0.03896103896103896 0.12759170653907495 0.06655844155844155 0.11403508771929824 0.06655844155844155
2 0.5925039872408293 0.4724025974025974 0.6060606060606061 0.4724025974025974 0.6060606060606061 0.5 0.5925039872408293 0.5
2 0.2727272727272727 0.4707792207792208 0.28708133971291866 0.4707792207792208 0.28708133971291866 0.5 0.2727272727272727 0.5
2 0.9114832535885168 0.46915584415584427 0.9266347687400319 0.46915584415584427 0.9266347687400319 0.5016233766233767 0.9114832535885168 0.5016233766233767
2 0.43221690590111644 0.037337662337662336 0.4473684210526316 0.037337662337662336 0.4473684210526316 0.06655844155844155 0.43221690590111644 0.06655844155844155
2 0.7511961722488039 0.037337662337662336 0.766347687400319 0.037337662337662336 0.766347687400319 0.06818181818181818 0.7511961722488039 0.06818181818181818
2 0.751993620414673 0.4707792207792208 0.7663476874003189 0.4707792207792208 0.7663476874003189 0.5 0.751993620414673 0.5
0 0.11084529505582137 0.3522727272727273 0.1291866028708134 0.3522727272727273 0.1291866028708134 0.387987012987013 0.11084529505582137 0.387987012987013
2 0.8596491228070176 0.9058441558441559 0.8716108452950558 0.9058441558441559 0.8716108452950558 0.9301948051948052 0.8596491228070176 0.9301948051948052
2 0.7527910685805422 0.6607142857142857 0.7655502392344498 0.6607142857142857 0.7655502392344498 0.6866883116883117 0.7527910685805422 0.6866883116883117
