0 0.46296296296296297 0.24466019417475726 0.508641975308642 0.24466019417475726 0.508641975308642 0.2796116504854369 0.46296296296296297 0.2796116504854369
0 0.46296296296296297 0.18932038834951456 0.508641975308642 0.18932038834951456 0.508641975308642 0.22427184466019418 0.46296296296296297 0.22427184466019418
1 0.3271604938271605 0.9242718446601942 0.3493827160493827 0.9242718446601942 0.3493827160493827 0.9407766990291262 0.3271604938271605 0.9407766990291262
1 0.6209876543209877 0.6922330097087378 0.6419753086419753 0.6922330097087378 0.6419753086419753 0.7077669902912621 0.6209876543209877 0.7077669902912621
1 0.854320987654321 0.39223300970873787 0.8753086419753087 0.39223300970873787 0.8753086419753087 0.4087378640776699 0.854320987654321 0.4087378640776699
1 0.47530864197530864 0.31844660194174756 0.49506172839506174 0.31844660194174756 0.49506172839506174 0.33300970873786406 0.47530864197530864 0.33300970873786406
1 0.19876543209876543 0.13300970873786408 0.21975308641975308 0.13300970873786408 0.21975308641975308 0.14854368932038833 0.19876543209876543 0.14854368932038833
1 0.3271604938271605 0.7398058252427184 0.3493827160493827 0.7398058252427184 0.3493827160493827 0.7572815533980582 0.3271604938271605 0.7572815533980582
1 0.6209876543209877 0.9242718446601942 0.6407407407407407 0.9242718446601942 0.6407407407407407 0.9407766990291262 0.6209876543209877 0.9407766990291262
1 0.3296296296296296 0.13300970873786408 0.35061728395061725 0.13300970873786408 0.35061728395061725 0.14854368932038833 0.3296296296296296 0.14854368932038833
1 0.09753086419753086 0.20485436893203882 0.11604938271604938 0.20485436893203882 0.11604938271604938 0.2203883495145631 0.09753086419753086 0.2203883495145631
1 0.09753086419753086 0.04951456310679611 0.11728395061728394 0.04951456310679611 0.11728395061728394 0.06407766990291262 0.09753086419753086 0.06407766990291262
1 0.6209876543209877 0.5893203883495145 0.6419753086419753 0.5893203883495145 0.6419753086419753 0.6048543689320388 0.6209876543209877 0.6048543689320388
1 0.8555555555555555 0.04854368932038835 0.874074074074074 0.04854368932038835 0.874074074074074 0.06407766990291262 0.8555555555555555 0.06407766990291262
1 0.4740740740740741 0.04757281553398058 0.49506172839506174 0.04757281553398058 0.49506172839506174 0.06407766990291262 0.4740740740740741 0.06407766990291262
1 0.854320987654321 0.5883495145631068 0.8753086419753087 0.5883495145631068 0.8753086419753087 0.6048543689320388 0.854320987654321 0.6048543689320388
1 0.42962962962962964 0.8223300970873786 0.4493827160493827 0.8223300970873786 0.4493827160493827 0.8388349514563106 0.42962962962962964 0.8388349514563106
