0 0.40355677154582764 0.7696629213483146 0.4322845417236662 0.7696629213483146 0.4322845417236662 0.8052434456928839 0.40355677154582764 0.8052434456928839
1 0.5376196990424077 0.3071161048689139 0.5636114911080712 0.3071161048689139 0.5636114911080712 0.3445692883895131 0.5376196990424077 0.3445692883895131
1 0.2777017783857729 0.3071161048689139 0.3036935704514364 0.3071161048689139 0.3036935704514364 0.3445692883895131 0.2777017783857729 0.3445692883895131
2 0.40902872777017785 0.898876404494382 0.42818057455540354 0.898876404494382 0.42818057455540354 0.9232209737827716 0.40902872777017785 0.9232209737827716
2 0.5376196990424077 0.07865168539325842 0.5595075239398085 0.07865168539325842 0.5595075239398085 0.10674157303370786 0.5376196990424077 0.10674157303370786
2 0.15321477428180574 0.7808988764044944 0.1709986320109439 0.7808988764044944 0.1709986320109439 0.8052434456928839 0.15321477428180574 0.8052434456928839
2 0.40766073871409025 0.5449438202247191 0.4295485636114911 0.5449438202247191 0.4295485636114911 0.5749063670411985 0.40766073871409025 0.5749063670411985
2 0.7482900136798906 0.5449438202247191 0.7701778385772914 0.5449438202247191 0.7701778385772914 0.5730337078651685 0.7482900136798906 0.5730337078651685
2 0.2777017783857729 0.07865168539325842 0.29958960328317374 0.07865168539325842 0.29958960328317374 0.10674157303370786 0.2777017783857729 0.10674157303370786
2 0.8344733242134063 0.5449438202247191 0.8563611491108071 0.5449438202247191 0.8563611491108071 0.5749063670411985 0.8344733242134063 0.5749063670411985
2 0.06566347469220246 0.6610486891385768 0.08618331053351573 0.6610486891385768 0.08618331053351573 0.6910112359550562 0.06566347469220246 0.6910112359550562
