0 0.35923309788092833 0.45088566827697263 0.3895055499495459 0.45088566827697263 0.3895055499495459 0.49597423510466987 0.35923309788092833 0.49597423510466987
0 0.42078708375378404 0.49114331723027377 0.450050454086781 0.49114331723027377 0.450050454086781 0.5362318840579711 0.42078708375378404 0.5362318840579711
1 0.2805247225025227 0.35909822866344604 0.2966700302724521 0.35909822866344604 0.2966700302724521 0.38486312399355876 0.2805247225025227 0.38486312399355876
1 0.2805247225025227 0.6199677938808373 0.2966700302724521 0.6199677938808373 0.2966700302724521 0.644122383252818 0.2805247225025227 0.644122383252818
1 0.36629667003027244 0.06763285024154589 0.3834510595358224 0.06763285024154589 0.3834510595358224 0.09339774557165861 0.36629667003027244 0.09339774557165861
1 0.1917255297679112 0.7214170692431562 0.20988900100908173 0.7214170692431562 0.20988900100908173 0.7471819645732689 0.1917255297679112 0.7471819645732689
1 0.36629667003027244 0.9066022544283414 0.3834510595358224 0.9066022544283414 0.3834510595358224 0.9355877616747182 0.36629667003027244 0.9355877616747182
1 0.1927346115035318 0.06602254428341385 0.20988900100908173 0.06602254428341385 0.20988900100908173 0.09339774557165861 0.1927346115035318 0.09339774557165861
1 0.7830474268415741 0.9066022544283414 0.8002018163471242 0.9066022544283414 0.8002018163471242 0.9339774557165862 0.7830474268415741 0.9339774557165862
1 0.7830474268415741 0.06763285024154589 0.8002018163471242 0.06763285024154589 0.8002018163471242 0.09339774557165861 0.7830474268415741 0.09339774557165861
1 0.5055499495459133 0.5088566827697263 0.5227043390514632 0.5088566827697263 0.5227043390514632 0.534621578099839 0.5055499495459133 0.534621578099839
1 0.36528758829465185 0.5088566827697263 0.38244197780020184 0.5088566827697263 0.38244197780020184 0.534621578099839 0.36528758829465185 0.534621578099839
1 0.1927346115035318 0.9066022544283414 0.20988900100908173 0.9066022544283414 0.20988900100908173 0.9355877616747182 0.1927346115035318 0.9355877616747182
1 0.7830474268415741 0.5088566827697263 0.8002018163471242 0.5088566827697263 0.8002018163471242 0.534621578099839 0.7830474268415741 0.534621578099839
1 0.1917255297679112 0.2560386473429952 0.20887991927346114 0.2560386473429952 0.20887991927346114 0.28180354267310787 0.1917255297679112 0.28180354267310787
1 0.42684157416750756 0.4669887278582931 0.4450050454086781 0.4669887278582931 0.4450050454086781 0.4975845410628019 0.42684157416750756 0.4975845410628019
1 0.1927346115035318 0.4685990338164251 0.20988900100908173 0.4685990338164251 0.20988900100908173 0.49597423510466987 0.1927346115035318 0.49597423510466987
