0 0.3491171749598716 0.42208588957055215 0.37158908507223115 0.42208588957055215 0.37158908507223115 0.456441717791411 0.3491171749598716 0.456441717791411
1 0.3523274478330658 0.47852760736196326 0.36757624398073835 0.47852760736196326 0.36757624398073835 0.5006134969325154 0.3523274478330658 0.5006134969325154
1 0.35313001605136435 0.5251533742331288 0.36757624398073835 0.5251533742331288 0.36757624398073835 0.5472392638036809 0.35313001605136435 0.5472392638036809
1 0.492776886035313 0.29325153374233126 0.507223113964687 0.29325153374233126 0.507223113964687 0.31656441717791406 0.492776886035313 0.31656441717791406
0 0.6276083467094703 0.46503067484662575 0.6508828250401284 0.46503067484662575 0.6508828250401284 0.49938650306748467 0.6276083467094703 0.49938650306748467
1 0.35313001605136435 0.20736196319018405 0.36757624398073835 0.20736196319018405 0.36757624398073835 0.2294478527607362 0.35313001605136435 0.2294478527607362
1 0.6316211878009631 0.5239263803680981 0.6468699839486356 0.5239263803680981 0.6468699839486356 0.5472392638036809 0.6316211878009631 0.5472392638036809
1 0.15890850722311398 0.6932515337423313 0.17335473515248798 0.6932515337423313 0.17335473515248798 0.7165644171779141 0.15890850722311398 0.7165644171779141
1 0.49197431781701445 0.35582822085889565 0.507223113964687 0.35582822085889565 0.507223113964687 0.37914110429447845 0.49197431781701445 0.37914110429447845
1 0.49357945425361144 0.9288343558282208 0.5064205457463884 0.9288343558282208 0.5064205457463884 0.9484662576687116 0.49357945425361144 0.9484662576687116
1 0.7415730337078652 0.69079754601227 0.7576243980738363 0.69079754601227 0.7576243980738363 0.7165644171779141 0.7415730337078652 0.7165644171779141
1 0.8250401284109149 0.6932515337423313 0.8402889245585875 0.6932515337423313 0.8402889245585875 0.7165644171779141 0.8250401284109149 0.7165644171779141
1 0.6316211878009631 0.43558282208588955 0.6468699839486356 0.43558282208588955 0.6468699839486356 0.45766871165644174 0.6316211878009631 0.45766871165644174
1 0.24237560192616367 0.6932515337423313 0.25762439807383625 0.6932515337423313 0.25762439807383625 0.7153374233128834 0.24237560192616367 0.7153374233128834
1 0.49357945425361144 0.7619631901840491 0.5064205457463884 0.7619631901840491 0.5064205457463884 0.7828220858895706 0.49357945425361144 0.7828220858895706
1 0.3539325842696629 0.05030674846625767 0.3675762439807383 0.05030674846625767 0.3675762439807383 0.07116564417177915 0.3539325842696629 0.07116564417177915
1 0.6324237560192616 0.05030674846625767 0.6460674157303371 0.05030674846625767 0.6460674157303371 0.07116564417177915 0.6324237560192616 0.07116564417177915
1 0.6324237560192616 0.20736196319018405 0.6468699839486356 0.20736196319018405 0.6468699839486356 0.2282208588957055 0.6324237560192616 0.2282208588957055
