0 0.1760299625468165 0.6725490196078431 0.1956928838951311 0.6725490196078431 0.1956928838951311 0.7058823529411764 0.1760299625468165 0.7058823529411764
2 0.17790262172284643 0.6313725490196078 0.19194756554307116 0.6313725490196078 0.19194756554307116 0.6607843137254902 0.17790262172284643 0.6607843137254902
2 0.41292134831460675 0.38823529411764707 0.4250936329588015 0.38823529411764707 0.4250936329588015 0.4117647058823529 0.41292134831460675 0.4117647058823529
2 0.6367041198501873 0.5078431372549019 0.649812734082397 0.5078431372549019 0.649812734082397 0.5352941176470588 0.6367041198501873 0.5352941176470588
2 0.6367041198501873 0.8745098039215686 0.649812734082397 0.8745098039215686 0.649812734082397 0.903921568627451 0.6367041198501873 0.903921568627451
2 0.17790262172284643 0.8745098039215686 0.19194756554307116 0.8745098039215686 0.19194756554307116 0.903921568627451 0.17790262172284643 0.903921568627451
2 0.35299625468164797 0.19607843137254902 0.36704119850187267 0.19607843137254902 0.36704119850187267 0.22549019607843138 0.35299625468164797 0.22549019607843138
2 0.41292134831460675 0.08431372549019608 0.4250936329588015 0.08431372549019608 0.4250936329588015 0.10784313725490197 0.41292134831460675 0.10784313725490197
2 0.2958801498127341 0.08431372549019608 0.30805243445692887 0.08431372549019608 0.30805243445692887 0.10784313725490197 0.2958801498127341 0.10784313725490197
2 0.5215355805243446 0.08431372549019608 0.5318352059925093 0.08431372549019608 0.5318352059925093 0.10784313725490197 0.5215355805243446 0.10784313725490197
2 0.29681647940074907 0.32941176470588235 0.30805243445692887 0.32941176470588235 0.30805243445692887 0.3509803921568627 0.29681647940074907 0.3509803921568627
2 0.5589887640449438 0.7549019607843137 0.5702247191011236 0.7549019607843137 0.5702247191011236 0.7803921568627451 0.5589887640449438 0.7803921568627451
2 0.4419475655430712 0.8784313725490196 0.4541198501872659 0.8784313725490196 0.4541198501872659 0.9019607843137255 0.4419475655430712 0.9019607843137255
2 0.4419475655430712 0.7549019607843137 0.45318352059925093 0.7549019607843137 0.45318352059925093 0.7803921568627451 0.4419475655430712 0.7803921568627451
2 0.09082397003745318 0.6784313725490196 0.10205992509363296 0.6784313725490196 0.10205992509363296 0.7 0.09082397003745318 0.7
2 0.26685393258426965 0.6784313725490196 0.27808988764044945 0.6784313725490196 0.27808988764044945 0.7019607843137254 0.26685393258426965 0.7019607843137254
2 0.5599250936329588 0.8784313725490196 0.5702247191011236 0.8784313725490196 0.5702247191011236 0.9019607843137255 0.5599250936329588 0.9019607843137255
2 0.44288389513108617 0.39019607843137255 0.45224719101123595 0.39019607843137255 0.45224719101123595 0.4117647058823529 0.44288389513108617 0.4117647058823529
2 0.26685393258426965 0.33137254901960783 0.27808988764044945 0.33137254901960783 0.27808988764044945 0.3509803921568627 0.26685393258426965 0.3509803921568627
2 0.26779026217228463 0.08627450980392157 0.27808988764044945 0.08627450980392157 0.27808988764044945 0.10588235294117647 0.26779026217228463 0.10588235294117647
2 0.44288389513108617 0.08431372549019608 0.4550561797752809 0.08431372549019608 0.4550561797752809 0.11176470588235293 0.44288389513108617 0.11176470588235293
2 0.5599250936329588 0.08627450980392157 0.5730337078651685 0.08627450980392157 0.5730337078651685 0.11372549019607843 0.5599250936329588 0.11372549019607843
2 0.09176029962546817 0.5117647058823529 0.10299625468164794 0.5117647058823529 0.10299625468164794 0.5333333333333333 0.09176029962546817 0.5333333333333333
