1 0.8469539375928677 0.0702247191011236 0.8707280832095097 0.0702247191011236 0.8707280832095097 0.09129213483146068 0.8469539375928677 0.09129213483146068
1 0.4710252600297176 0.6853932584269663 0.4947994056463595 0.6853932584269663 0.4947994056463595 0.7078651685393258 0.4710252600297176 0.7078651685393258
1 0.09658246656760774 0.06882022471910113 0.12332838038632989 0.06882022471910113 0.12332838038632989 0.09269662921348315 0.09658246656760774 0.09269662921348315
1 0.09806835066864787 0.550561797752809 0.12332838038632989 0.550561797752809 0.12332838038632989 0.574438202247191 0.09806835066864787 0.574438202247191
1 0.8469539375928677 0.9058988764044942 0.8722139673105498 0.9058988764044942 0.8722139673105498 0.9297752808988763 0.8469539375928677 0.9297752808988763
1 0.33432392273402667 0.17275280898876408 0.35809806835066854 0.17275280898876408 0.35809806835066854 0.1966292134831461 0.33432392273402667 0.1966292134831461
1 0.4695393759286775 0.06882022471910113 0.4947994056463595 0.06882022471910113 0.4947994056463595 0.09269662921348315 0.4695393759286775 0.09269662921348315
1 0.4710252600297176 0.9073033707865169 0.4947994056463595 0.9073033707865169 0.4947994056463595 0.9297752808988764 0.4710252600297176 0.9297752808988764
1 0.4695393759286775 0.28370786516853935 0.4962852897473996 0.28370786516853935 0.4962852897473996 0.3075842696629214 0.4695393759286775 0.3075842696629214
1 0.09806835066864787 0.9044943820224719 0.12332838038632989 0.9044943820224719 0.12332838038632989 0.9297752808988764 0.09806835066864787 0.9297752808988764
