1 0.4049586776859504 0.45521601685985247 0.4214876033057851 0.45521601685985247 0.4214876033057851 0.4731296101159114 0.4049586776859504 0.4731296101159114
1 0.5316804407713499 0.30769230769230765 0.5482093663911846 0.30769230769230765 0.5482093663911846 0.3245521601685985 0.5316804407713499 0.3245521601685985
1 0.6712580348943985 0.25289778714436245 0.6868686868686869 0.25289778714436245 0.6868686868686869 0.2697576396206533 0.6712580348943985 0.2697576396206533
1 0.20752984389348025 0.2328767123287671 0.22405876951331496 0.2328767123287671 0.22405876951331496 0.2507903055848261 0.20752984389348025 0.2507903055848261
1 0.40404040404040403 0.8535300316122233 0.4214876033057851 0.8535300316122233 0.4214876033057851 0.8735511064278187 0.40404040404040403 0.8735511064278187
1 0.7988980716253443 0.25289778714436245 0.8154269972451791 0.25289778714436245 0.8154269972451791 0.27081138040042146 0.7988980716253443 0.27081138040042146
1 0.40404040404040403 0.30769230769230765 0.42056932966023874 0.30769230769230765 0.42056932966023874 0.32560590094836667 0.40404040404040403 0.32560590094836667
1 0.5316804407713499 0.7081138040042149 0.5482093663911846 0.7081138040042149 0.5482093663911846 0.7249736564805057 0.5316804407713499 0.7249736564805057
1 0.17447199265381083 0.6322444678609062 0.19008264462809918 0.6322444678609062 0.19008264462809918 0.6501580611169652 0.17447199265381083 0.6501580611169652
1 0.29292929292929293 0.2328767123287671 0.3085399449035813 0.2328767123287671 0.3085399449035813 0.2507903055848261 0.29292929292929293 0.2507903055848261
1 0.40404040404040403 0.7070600632244467 0.42056932966023874 0.7070600632244467 0.42056932966023874 0.7260273972602739 0.40404040404040403 0.7260273972602739
1 0.7988980716253443 0.6522655426765015 0.8154269972451791 0.6522655426765015 0.8154269972451791 0.6701791359325605 0.7988980716253443 0.6701791359325605
0 0.16620752984389348 0.22550052687038988 0.19375573921028466 0.22550052687038988 0.19375573921028466 0.2581664910432033 0.16620752984389348 0.2581664910432033
1 0.6712580348943985 0.6533192834562697 0.6868686868686869 0.6533192834562697 0.6868686868686869 0.6701791359325605 0.6712580348943985 0.6701791359325605
0 0.1992653810835629 0.6259220231822971 0.22497704315886133 0.6259220231822971 0.22497704315886133 0.6585879873551106 0.1992653810835629 0.6585879873551106
1 0.29292929292929293 0.6332982086406743 0.3085399449035813 0.6332982086406743 0.3085399449035813 0.6512118018967333 0.29292929292929293 0.6512118018967333
