0 0.7063778580024067 0.519434628975265 0.7304452466907341 0.519434628975265 0.7304452466907341 0.5547703180212014 0.7063778580024067 0.5547703180212014
0 0.44043321299638993 0.5600706713780919 0.46450060168471724 0.5600706713780919 0.46450060168471724 0.5936395759717314 0.44043321299638993 0.5936395759717314
0 0.44043321299638993 0.5212014134275619 0.4657039711191336 0.5212014134275619 0.4657039711191336 0.5547703180212014 0.44043321299638993 0.5547703180212014
1 0.4428399518652226 0.607773851590106 0.46450060168471724 0.607773851590106 0.46450060168471724 0.6413427561837456 0.4428399518652226 0.6413427561837456
2 0.6040914560770156 0.911660777385159 0.618531889290012 0.911660777385159 0.618531889290012 0.9328621908127208 0.6040914560770156 0.9328621908127208
2 0.35499398315282793 0.911660777385159 0.3706377858002407 0.911660777385159 0.3706377858002407 0.9346289752650176 0.35499398315282793 0.9346289752650176
2 0.888086642599278 0.07420494699646643 0.9061371841155235 0.07420494699646643 0.9061371841155235 0.10070671378091872 0.888086642599278 0.10070671378091872
2 0.246690734055355 0.07243816254416961 0.2647412755716005 0.07243816254416961 0.2647412755716005 0.10070671378091872 0.246690734055355 0.10070671378091872
2 0.5475330926594465 0.07243816254416961 0.5667870036101084 0.07243816254416961 0.5667870036101084 0.10070671378091872 0.5475330926594465 0.10070671378091872
2 0.7821901323706378 0.911660777385159 0.7966305655836342 0.911660777385159 0.7966305655836342 0.9328621908127208 0.7821901323706378 0.9328621908127208
2 0.4055354993983153 0.07243816254416961 0.42478941034897716 0.07243816254416961 0.42478941034897716 0.10070671378091872 0.4055354993983153 0.10070671378091872
2 0.24789410348977137 0.911660777385159 0.26353790613718414 0.911660777385159 0.26353790613718414 0.9328621908127208 0.24789410348977137 0.9328621908127208
2 0.06979542719614922 0.911660777385159 0.08543922984356198 0.911660777385159 0.08543922984356198 0.9346289752650176 0.06979542719614922 0.9346289752650176
2 0.6293622141997594 0.18021201413427562 0.6462093862815884 0.18021201413427562 0.6462093862815884 0.20494699646643108 0.6293622141997594 0.20494699646643108
2 0.7448856799037304 0.6996466431095406 0.7641395908543923 0.6996466431095406 0.7641395908543923 0.7279151943462897 0.7448856799037304 0.7279151943462897
2 0.7099879663056559 0.07420494699646643 0.7280385078219014 0.07420494699646643 0.7280385078219014 0.10070671378091872 0.7099879663056559 0.10070671378091872
2 0.5475330926594465 0.254416961130742 0.5691937424789411 0.254416961130742 0.5691937424789411 0.284452296819788 0.5475330926594465 0.284452296819788
2 0.32611311672683513 0.18021201413427562 0.34416365824308065 0.18021201413427562 0.34416365824308065 0.20494699646643108 0.32611311672683513 0.20494699646643108
2 0.7111913357400722 0.9134275618374558 0.7256317689530686 0.9134275618374558 0.7256317689530686 0.9328621908127208 0.7111913357400722 0.9328621908127208
2 0.06738868832731648 0.07243816254416961 0.08784596871239471 0.07243816254416961 0.08784596871239471 0.10070671378091872 0.06738868832731648 0.10070671378091872
2 0.1768953068592058 0.911660777385159 0.19253910950661854 0.911660777385159 0.19253910950661854 0.9346289752650176 0.1768953068592058 0.9346289752650176
2 0.8892900120336944 0.911660777385159 0.9037304452466908 0.911660777385159 0.9037304452466908 0.9328621908127208 0.8892900120336944 0.9328621908127208
2 0.7087845968712395 0.6996466431095406 0.7280385078219014 0.6996466431095406 0.7280385078219014 0.7279151943462897 0.7087845968712395 0.7279151943462897
2 0.40673886883273164 0.25618374558303886 0.4271961492178099 0.25618374558303886 0.4271961492178099 0.284452296819788 0.40673886883273164 0.284452296819788
2 0.444043321299639 0.4929328621908127 0.4620938628158845 0.4929328621908127 0.4620938628158845 0.5176678445229682 0.444043321299639 0.5176678445229682
2 0.888086642599278 0.7014134275618374 0.9061371841155235 0.7014134275618374 0.9061371841155235 0.7279151943462897 0.888086642599278 0.7279151943462897
2 0.4452466907340554 0.9098939929328622 0.4620938628158845 0.9098939929328622 0.4620938628158845 0.9346289752650176 0.4452466907340554 0.9346289752650176
2 0.06618531889290012 0.6978798586572438 0.08784596871239471 0.6978798586572438 0.08784596871239471 0.7279151943462897 0.06618531889290012 0.7279151943462897
2 0.23225030084235862 0.7031802120141343 0.246690734055355 0.7031802120141343 0.246690734055355 0.7226148409893993 0.23225030084235862 0.7226148409893993
2 0.246690734055355 0.6996466431095406 0.26594464500601683 0.6996466431095406 0.26594464500601683 0.7279151943462897 0.246690734055355 0.7279151943462897
