0 0.356858846918489 0.28635346756152125 0.3906560636182902 0.28635346756152125 0.3906560636182902 0.35794183445190153 0.356858846918489 0.35794183445190153
0 0.42942345924453273 0.4451901565995526 0.46322067594433397 0.4451901565995526 0.46322067594433397 0.5212527964205816 0.42942345924453273 0.5212527964205816
0 0.42942345924453273 0.2841163310961969 0.46322067594433397 0.2841163310961969 0.46322067594433397 0.35794183445190153 0.42942345924453273 0.35794183445190153
0 0.2375745526838966 0.28187919463087246 0.27236580516898606 0.28187919463087246 0.27236580516898606 0.36017897091722595 0.2375745526838966 0.36017897091722595
0 0.356858846918489 0.44966442953020136 0.3906560636182902 0.44966442953020136 0.3906560636182902 0.5190156599552572 0.356858846918489 0.5190156599552572
0 0.7147117296222664 0.44742729306487694 0.7495029821073558 0.44742729306487694 0.7495029821073558 0.5212527964205816 0.7147117296222664 0.5212527964205816
1 0.7236580516898607 0.319910514541387 0.7395626242544731 0.319910514541387 0.7395626242544731 0.35570469798657717 0.7236580516898607 0.35570469798657717
1 0.1739562624254473 0.3176733780760626 0.19184890656063616 0.3176733780760626 0.19184890656063616 0.35794183445190153 0.1739562624254473 0.35794183445190153
1 0.30616302186878724 0.024608501118568233 0.32206759443339955 0.024608501118568233 0.32206759443339955 0.058165548098434 0.30616302186878724 0.058165548098434
1 0.24652087475149104 0.024608501118568233 0.26242544731610334 0.024608501118568233 0.26242544731610334 0.058165548098434 0.24652087475149104 0.058165548098434
1 0.43737574552683894 0.024608501118568233 0.45328031809145125 0.024608501118568233 0.45328031809145125 0.058165548098434 0.43737574552683894 0.058165548098434
1 0.36580516898608345 0.9619686800894854 0.3817097415506958 0.9619686800894854 0.3817097415506958 1.0 0.36580516898608345 1.0
1 0.24552683896620275 0.47874720357941836 0.2634194831013916 0.47874720357941836 0.2634194831013916 0.5190156599552572 0.24552683896620275 0.5190156599552572
1 0.36679920477137173 0.024608501118568233 0.3817097415506958 0.024608501118568233 0.3817097415506958 0.058165548098434 0.36679920477137173 0.058165548098434
1 0.8429423459244532 0.4809843400447427 0.8598409542743538 0.4809843400447427 0.8598409542743538 0.5190156599552572 0.8429423459244532 0.5190156599552572
1 0.24652087475149104 0.9642058165548099 0.26242544731610334 0.9642058165548099 0.26242544731610334 1.0 0.24652087475149104 1.0
1 0.17495029821073557 0.024608501118568233 0.1908548707753479 0.024608501118568233 0.1908548707753479 0.058165548098434 0.17495029821073557 0.058165548098434
