0 0.19751908396946563 0.675531914893617 0.22709923664122136 0.675531914893617 0.22709923664122136 0.7269503546099291 0.19751908396946563 0.7269503546099291
1 0.8969465648854962 0.3475177304964539 0.9141221374045801 0.3475177304964539 0.9141221374045801 0.37943262411347517 0.8969465648854962 0.37943262411347517
1 0.648854961832061 0.3475177304964539 0.666030534351145 0.3475177304964539 0.666030534351145 0.37943262411347517 0.648854961832061 0.37943262411347517
1 0.8969465648854962 0.005319148936170213 0.9131679389312977 0.005319148936170213 0.9131679389312977 0.03368794326241135 0.8969465648854962 0.03368794326241135
1 0.8959923664122137 0.450354609929078 0.9141221374045801 0.450354609929078 0.9141221374045801 0.48226950354609927 0.8959923664122137 0.48226950354609927
1 0.8979007633587786 0.19858156028368795 0.9141221374045801 0.19858156028368795 0.9141221374045801 0.22872340425531915 0.8979007633587786 0.22872340425531915
1 0.20419847328244273 0.9645390070921985 0.22041984732824427 0.9645390070921985 0.22041984732824427 0.9911347517730497 0.20419847328244273 0.9911347517730497
1 0.27099236641221375 0.0070921985815602835 0.2862595419847328 0.0070921985815602835 0.2862595419847328 0.03368794326241135 0.27099236641221375 0.03368794326241135
1 0.1383587786259542 0.38475177304964536 0.15362595419847327 0.38475177304964536 0.15362595419847327 0.41312056737588654 0.1383587786259542 0.41312056737588654
1 0.6498091603053435 0.005319148936170213 0.666030534351145 0.005319148936170213 0.666030534351145 0.035460992907801414 0.6498091603053435 0.035460992907801414
1 0.20419847328244273 0.6365248226950354 0.22041984732824427 0.6365248226950354 0.22041984732824427 0.6648936170212766 0.20419847328244273 0.6648936170212766
1 0.27003816793893126 0.4450354609929078 0.28721374045801523 0.4450354609929078 0.28721374045801523 0.47517730496453897 0.27003816793893126 0.47517730496453897
1 0.648854961832061 0.4450354609929078 0.666030534351145 0.4450354609929078 0.666030534351145 0.47517730496453897 0.648854961832061 0.47517730496453897
1 0.8969465648854962 0.6950354609929078 0.9141221374045801 0.6950354609929078 0.9141221374045801 0.7269503546099291 0.8969465648854962 0.7269503546099291
1 0.5849236641221374 0.9627659574468085 0.6001908396946565 0.9627659574468085 0.6001908396946565 0.9929078014184397 0.5849236641221374 0.9929078014184397
1 0.27003816793893126 0.19858156028368795 0.28721374045801523 0.19858156028368795 0.28721374045801523 0.23049645390070922 0.27003816793893126 0.23049645390070922
1 0.5190839694656488 0.38652482269503546 0.5333969465648855 0.38652482269503546 0.5333969465648855 0.41312056737588654 0.5190839694656488 0.41312056737588654
1 0.5849236641221374 0.6365248226950354 0.6001908396946565 0.6365248226950354 0.6001908396946565 0.6648936170212766 0.5849236641221374 0.6648936170212766
2 0.6498091603053435 0.19858156028368795 0.6669847328244275 0.19858156028368795 0.6669847328244275 0.23049645390070922 0.6498091603053435 0.23049645390070922
1 0.75 0.6950354609929078 0.767175572519084 0.6950354609929078 0.767175572519084 0.7269503546099291 0.75 0.7269503546099291
