0 0.44084136722173534 0.6398514851485149 0.48378615249780893 0.6398514851485149 0.48378615249780893 0.6967821782178218 0.44084136722173534 0.6967821782178218
0 0.3479404031551271 0.6386138613861386 0.39176161262050835 0.6386138613861386 0.39176161262050835 0.6967821782178218 0.3479404031551271 0.6967821782178218
0 0.5652936021034181 0.36014851485148514 0.6038562664329535 0.36014851485148514 0.6038562664329535 0.4108910891089109 0.5652936021034181 0.4108910891089109
0 0.16301489921121823 0.18316831683168316 0.20508326029798424 0.18316831683168316 0.20508326029798424 0.2376237623762376 0.16301489921121823 0.2376237623762376
1 0.45311130587204207 0.9183168316831684 0.4680105170902717 0.9183168316831684 0.4680105170902717 0.9405940594059407 0.45311130587204207 0.9405940594059407
0 0.3470639789658195 0.6856435643564357 0.38913234005258546 0.6856435643564357 0.38913234005258546 0.7376237623762376 0.3470639789658195 0.7376237623762376
1 0.5758106923751095 0.6670792079207921 0.5933391761612621 0.6670792079207921 0.5933391761612621 0.6905940594059407 0.5758106923751095 0.6905940594059407
1 0.45223488168273446 0.05693069306930693 0.4688869412795793 0.05693069306930693 0.4688869412795793 0.08044554455445545 0.45223488168273446 0.08044554455445545
1 0.3610867659947415 0.9183168316831684 0.37510955302366344 0.9183168316831684 0.37510955302366344 0.9393564356435644 0.3610867659947415 0.9393564356435644
1 0.7002629272567923 0.9183168316831684 0.7142857142857143 0.9183168316831684 0.7142857142857143 0.9393564356435644 0.7002629272567923 0.9393564356435644
1 0.4539877300613497 0.7116336633663366 0.4680105170902717 0.7116336633663366 0.4680105170902717 0.7326732673267327 0.4539877300613497 0.7326732673267327
1 0.5766871165644172 0.9183168316831684 0.5907099035933392 0.9183168316831684 0.5907099035933392 0.9393564356435644 0.5766871165644172 0.9393564356435644
1 0.175284837861525 0.05816831683168317 0.1901840490797546 0.05816831683168317 0.1901840490797546 0.07920792079207921 0.175284837861525 0.07920792079207921
1 0.574934268185802 0.34034653465346537 0.5915863277826469 0.34034653465346537 0.5915863277826469 0.36386138613861385 0.574934268185802 0.36386138613861385
1 0.8851884312007011 0.3626237623762376 0.9000876424189308 0.3626237623762376 0.9000876424189308 0.38366336633663367 0.8851884312007011 0.38366336633663367
1 0.5766871165644172 0.05816831683168317 0.5915863277826469 0.05816831683168317 0.5915863277826469 0.08044554455445545 0.5766871165644172 0.08044554455445545
1 0.45223488168273446 0.38366336633663367 0.4688869412795793 0.38366336633663367 0.4688869412795793 0.4071782178217822 0.45223488168273446 0.4071782178217822
1 0.175284837861525 0.2537128712871287 0.18930762489044697 0.2537128712871287 0.18930762489044697 0.27351485148514854 0.175284837861525 0.27351485148514854
1 0.684487291849255 0.3415841584158416 0.6993865030674847 0.3415841584158416 0.6993865030674847 0.3626237623762376 0.684487291849255 0.3626237623762376
