2 0.5821325648414986 0.07950530035335689 0.6051873198847262 0.07950530035335689 0.6051873198847262 0.10600706713780919 0.5821325648414986 0.10600706713780919
2 0.48559077809798273 0.901060070671378 0.5072046109510087 0.901060070671378 0.5072046109510087 0.9293286219081273 0.48559077809798273 0.9293286219081273
2 0.48559077809798273 0.6678445229681977 0.5072046109510087 0.6678445229681977 0.5072046109510087 0.696113074204947 0.48559077809798273 0.696113074204947
2 0.38904899135446686 0.07950530035335689 0.41210374639769454 0.07950530035335689 0.41210374639769454 0.10600706713780919 0.38904899135446686 0.10600706713780919
2 0.0994236311239193 0.48763250883392234 0.12680115273775217 0.48763250883392234 0.12680115273775217 0.521201413427562 0.0994236311239193 0.521201413427562
2 0.7723342939481266 0.4010600706713781 0.7968299711815561 0.4010600706713781 0.7968299711815561 0.43109540636042404 0.7723342939481266 0.43109540636042404
2 0.8703170028818443 0.4911660777385159 0.8933717579250721 0.4911660777385159 0.8933717579250721 0.519434628975265 0.8703170028818443 0.519434628975265
2 0.19740634005763688 0.4010600706713781 0.22046109510086456 0.4010600706713781 0.22046109510086456 0.4293286219081272 0.19740634005763688 0.4293286219081272
2 0.3861671469740633 0.39752650176678445 0.41642651296829963 0.39752650176678445 0.41642651296829963 0.43286219081272087 0.3861671469740633 0.43286219081272087
2 0.5806916426512968 0.3992932862190813 0.6066282420749279 0.3992932862190813 0.6066282420749279 0.43109540636042404 0.5806916426512968 0.43109540636042404
