0 0.5532286212914486 0.2086956521739131 0.5828970331588132 0.2086956521739131 0.5828970331588132 0.25000000000000006 0.5532286212914486 0.25000000000000006
0 0.7486910994764397 0.7543478260869566 0.7783595113438045 0.7543478260869566 0.7783595113438045 0.791304347826087 0.7486910994764397 0.791304347826087
2 0.363001745200698 0.3391304347826087 0.38917975567190216 0.3391304347826087 0.38917975567190216 0.3739130434782609 0.363001745200698 0.3739130434782609
2 0.2670157068062827 0.5847826086956521 0.28970331588132636 0.5847826086956521 0.28970331588132636 0.6130434782608696 0.2670157068062827 0.6130434782608696
0 0.7486910994764397 0.391304347826087 0.7783595113438045 0.391304347826087 0.7783595113438045 0.43043478260869567 0.7486910994764397 0.43043478260869567
2 0.2670157068062827 0.2239130434782609 0.28970331588132636 0.2239130434782609 0.28970331588132636 0.25000000000000006 0.2670157068062827 0.25000000000000006
2 0.5567190226876091 0.10217391304347827 0.581151832460733 0.10217391304347827 0.581151832460733 0.13260869565217392 0.5567190226876091 0.13260869565217392
2 0.5584642233856894 0.8869565217391304 0.581151832460733 0.8869565217391304 0.581151832460733 0.9152173913043479 0.5584642233856894 0.9152173913043479
2 0.16753926701570682 0.46304347826086956 0.193717277486911 0.46304347826086956 0.193717277486911 0.4934782608695652 0.16753926701570682 0.4934782608695652
2 0.8481675392670156 0.5847826086956521 0.8708551483420592 0.5847826086956521 0.8708551483420592 0.6130434782608696 0.8481675392670156 0.6130434782608696
2 0.363001745200698 0.8847826086956522 0.3874345549738219 0.8847826086956522 0.3874345549738219 0.9152173913043479 0.363001745200698 0.9152173913043479
2 0.4607329842931937 0.8891304347826086 0.4816753926701571 0.8891304347826086 0.4816753926701571 0.9152173913043476 0.4607329842931937 0.9152173913043476
2 0.6527050610820244 0.40434782608695646 0.6771378708551483 0.40434782608695646 0.6771378708551483 0.4347826086956521 0.6527050610820244 0.4347826086956521
2 0.3612565445026178 0.1 0.38917975567190227 0.1 0.38917975567190227 0.13260869565217392 0.3612565445026178 0.13260869565217392
2 0.5567190226876091 0.5217391304347826 0.581151832460733 0.5217391304347826 0.581151832460733 0.5543478260869565 0.5567190226876091 0.5543478260869565
2 0.7521815008726004 0.4652173913043478 0.7731239092495636 0.4652173913043478 0.7731239092495636 0.49130434782608695 0.7521815008726004 0.49130434782608695
