0 0.8673835125448028 0.27081021087680357 0.8896057347670251 0.27081021087680357 0.8896057347670251 0.3029966703662597 0.8673835125448028 0.3029966703662597
0 0.18064516129032257 0.10099889012208657 0.2028673835125448 0.10099889012208657 0.2028673835125448 0.13540510543840178 0.18064516129032257 0.13540510543840178
0 0.2953405017921147 0.3973362930077691 0.3161290322580645 0.3973362930077691 0.3161290322580645 0.43063263041065486 0.2953405017921147 0.43063263041065486
0 0.45949820788530465 0.27081021087680357 0.48100358422939066 0.27081021087680357 0.48100358422939066 0.3029966703662597 0.45949820788530465 0.3029966703662597
0 0.6200716845878136 0.27081021087680357 0.6422939068100358 0.27081021087680357 0.6422939068100358 0.3029966703662597 0.6200716845878136 0.3029966703662597
0 0.5698924731182796 0.8246392896781354 0.5921146953405018 0.8246392896781354 0.5921146953405018 0.8568257491675916 0.5698924731182796 0.8568257491675916
0 0.2946236559139785 0.10099889012208657 0.31684587813620074 0.10099889012208657 0.31684587813620074 0.13429522752497225 0.2946236559139785 0.13429522752497225
0 0.45878136200716846 0.10099889012208657 0.48172043010752685 0.10099889012208657 0.48172043010752685 0.13540510543840178 0.45878136200716846 0.13540510543840178
0 0.6200716845878136 0.10099889012208657 0.6422939068100358 0.10099889012208657 0.6422939068100358 0.13429522752497225 0.6200716845878136 0.13429522752497225
1 0.9218637992831541 0.9378468368479468 0.9333333333333333 0.9378468368479468 0.9333333333333333 0.9556048834628191 0.9218637992831541 0.9556048834628191
1 0.4637992831541219 0.40288568257491675 0.4767025089605735 0.40288568257491675 0.4767025089605735 0.42064372918978915 0.4637992831541219 0.42064372918978915
1 0.2996415770609319 0.9367369589345172 0.3118279569892473 0.9367369589345172 0.3118279569892473 0.9556048834628191 0.2996415770609319 0.9556048834628191
1 0.4645161290322581 0.9367369589345172 0.4774193548387097 0.9367369589345172 0.4774193548387097 0.9567147613762487 0.4645161290322581 0.9567147613762487
1 0.8731182795698925 0.34295227524972255 0.8845878136200717 0.34295227524972255 0.8845878136200717 0.3607103218645949 0.8731182795698925 0.3607103218645949
1 0.3648745519713262 0.7647058823529412 0.37777777777777777 0.7647058823529412 0.37777777777777777 0.7835738068812431 0.3648745519713262 0.7835738068812431
1 0.2989247311827957 0.7658157602663707 0.3118279569892473 0.7658157602663707 0.3118279569892473 0.7846836847946727 0.2989247311827957 0.7846836847946727
1 0.03942652329749104 0.9367369589345172 0.052329749103942655 0.9367369589345172 0.052329749103942655 0.9567147613762487 0.03942652329749104 0.9567147613762487
1 0.2989247311827957 0.28523862375138737 0.3118279569892473 0.28523862375138737 0.3118279569892473 0.3029966703662597 0.2989247311827957 0.3029966703662597
1 0.749820788530466 0.9367369589345172 0.7620071684587814 0.9367369589345172 0.7620071684587814 0.9556048834628191 0.749820788530466 0.9556048834628191
1 0.36415770609319 0.5704772475027747 0.37777777777777777 0.5704772475027747 0.37777777777777777 0.5904550499445061 0.36415770609319 0.5904550499445061
1 0.5749103942652329 0.9367369589345172 0.5870967741935483 0.9367369589345172 0.5870967741935483 0.9556048834628191 0.5749103942652329 0.9556048834628191
1 0.625089605734767 0.34295227524972255 0.6365591397849463 0.34295227524972255 0.6365591397849463 0.3607103218645949 0.625089605734767 0.3607103218645949
1 0.4652329749103943 0.7647058823529412 0.47813620071684587 0.7647058823529412 0.47813620071684587 0.7846836847946727 0.4652329749103943 0.7846836847946727
1 0.4637992831541219 0.3440621531631521 0.4767025089605735 0.3440621531631521 0.4767025089605735 0.36403995560488345 0.4637992831541219 0.36403995560488345
1 0.03942652329749104 0.03995560488346282 0.05161290322580645 0.03995560488346282 0.05161290322580645 0.05771365149833518 0.03942652329749104 0.05771365149833518
1 0.03942652329749104 0.7624861265260822 0.05161290322580645 0.7624861265260822 0.05161290322580645 0.7802441731409545 0.03942652329749104 0.7802441731409545
1 0.4645161290322581 0.03995560488346282 0.4767025089605735 0.03995560488346282 0.4767025089605735 0.05771365149833518 0.4645161290322581 0.05771365149833518
1 0.8724014336917563 0.03995560488346282 0.8845878136200717 0.03995560488346282 0.8845878136200717 0.05771365149833518 0.8724014336917563 0.05771365149833518
1 0.5641577060931899 0.11653718091009989 0.5763440860215053 0.11653718091009989 0.5763440860215053 0.13429522752497225 0.5641577060931899 0.13429522752497225
1 0.23942652329749103 0.11764705882352941 0.25161290322580643 0.11764705882352941 0.25161290322580643 0.13429522752497225 0.23942652329749103 0.13429522752497225
1 0.749820788530466 0.4039955604883463 0.7612903225806451 0.4039955604883463 0.7612903225806451 0.4195338512763596 0.749820788530466 0.4195338512763596
1 0.6236559139784946 0.03995560488346282 0.6372759856630824 0.03995560488346282 0.6372759856630824 0.05771365149833518 0.6236559139784946 0.05771365149833518
1 0.749820788530466 0.6370699223085461 0.7620071684587814 0.6370699223085461 0.7620071684587814 0.655937846836848 0.749820788530466 0.655937846836848
1 0.749820788530466 0.7613762486126526 0.7627240143369176 0.7613762486126526 0.7627240143369176 0.7802441731409545 0.749820788530466 0.7802441731409545
1 0.6910394265232975 0.8390677025527192 0.7039426523297491 0.8390677025527192 0.7039426523297491 0.8568257491675916 0.6910394265232975 0.8568257491675916
1 0.2989247311827957 0.03995560488346282 0.3118279569892473 0.03995560488346282 0.3118279569892473 0.05660377358490566 0.2989247311827957 0.05660377358490566
1 0.2996415770609319 0.3440621531631521 0.3125448028673835 0.3440621531631521 0.3125448028673835 0.36403995560488345 0.2996415770609319 0.36403995560488345
1 0.3634408602150538 0.48834628190899004 0.37777777777777777 0.48834628190899004 0.37777777777777777 0.5083240843507214 0.3634408602150538 0.5083240843507214
1 0.12473118279569892 0.19422863485016648 0.13763440860215054 0.19422863485016648 0.13763440860215054 0.2130965593784684 0.12473118279569892 0.2130965593784684
1 0.09749103942652329 0.8390677025527192 0.11039426523297491 0.8390677025527192 0.11039426523297491 0.8568257491675916 0.09749103942652329 0.8568257491675916
1 0.0996415770609319 0.19422863485016648 0.11254480286738351 0.19422863485016648 0.11254480286738351 0.2130965593784684 0.0996415770609319 0.2130965593784684
1 0.749820788530466 0.5183129855715871 0.7620071684587814 0.5183129855715871 0.7620071684587814 0.5349611542730299 0.749820788530466 0.5349611542730299
1 0.4043010752688172 0.11653718091009989 0.4164874551971326 0.11653718091009989 0.4164874551971326 0.13540510543840178 0.4043010752688172 0.13540510543840178
1 0.03942652329749104 0.27081021087680357 0.05161290322580645 0.27081021087680357 0.05161290322580645 0.2885682574916759 0.03942652329749104 0.2885682574916759
1 0.21505376344086022 0.4894561598224195 0.22795698924731184 0.4894561598224195 0.22795698924731184 0.5072142064372919 0.21505376344086022 0.5072142064372919
1 0.1863799283154122 0.038845726970033294 0.1985663082437276 0.038845726970033294 0.1985663082437276 0.05771365149833518 0.1863799283154122 0.05771365149833518
