0 0.4371508379888268 0.17408123791102514 0.4650837988826816 0.17408123791102514 0.4650837988826816 0.2127659574468085 0.4371508379888268 0.2127659574468085
0 0.6997206703910615 0.17408123791102514 0.7276536312849162 0.17408123791102514 0.7276536312849162 0.2127659574468085 0.6997206703910615 0.2127659574468085
1 0.43854748603351956 0.4216634429400387 0.4650837988826816 0.4216634429400387 0.4650837988826816 0.46034816247582205 0.43854748603351956 0.46034816247582205
1 0.6997206703910615 0.4216634429400387 0.7262569832402235 0.4216634429400387 0.7262569832402235 0.46034816247582205 0.6997206703910615 0.46034816247582205
2 0.702513966480447 0.06576402321083172 0.7220670391061452 0.06576402321083172 0.7220670391061452 0.09090909090909091 0.702513966480447 0.09090909090909091
2 0.3533519553072626 0.06576402321083172 0.37290502793296093 0.06576402321083172 0.37290502793296093 0.09284332688588008 0.3533519553072626 0.09284332688588008
2 0.5726256983240223 0.9090909090909091 0.5921787709497207 0.9090909090909091 0.5921787709497207 0.9361702127659575 0.5726256983240223 0.9361702127659575
2 0.26675977653631283 0.7891682785299806 0.28631284916201116 0.7891682785299806 0.28631284916201116 0.816247582205029 0.26675977653631283 0.816247582205029
2 0.5712290502793296 0.6692456479690523 0.5935754189944135 0.6692456479690523 0.5935754189944135 0.6982591876208898 0.5712290502793296 0.6982591876208898
2 0.17737430167597765 0.3036750483558994 0.2011173184357542 0.3036750483558994 0.2011173184357542 0.3365570599613153 0.17737430167597765 0.3365570599613153
2 0.26536312849162014 0.18568665377176016 0.2877094972067039 0.18568665377176016 0.2877094972067039 0.21470019342359767 0.26536312849162014 0.21470019342359767
2 0.17737430167597765 0.6653771760154739 0.2011173184357542 0.6653771760154739 0.2011173184357542 0.6982591876208898 0.17737430167597765 0.6982591876208898
2 0.44134078212290506 0.06576402321083172 0.45949720670391064 0.06576402321083172 0.45949720670391064 0.09284332688588008 0.44134078212290506 0.09284332688588008
2 0.7891061452513967 0.06576402321083172 0.8100558659217877 0.06576402321083172 0.8100558659217877 0.09284332688588008 0.7891061452513967 0.09284332688588008
2 0.7891061452513967 0.3056092843326886 0.8100558659217877 0.3056092843326886 0.8100558659217877 0.33268858800773693 0.7891061452513967 0.33268858800773693
2 0.8770949720670391 0.4274661508704062 0.8966480446927375 0.4274661508704062 0.8966480446927375 0.45454545454545453 0.8770949720670391 0.45454545454545453
2 0.3268156424581006 0.1895551257253385 0.3435754189944134 0.1895551257253385 0.3435754189944134 0.2127659574468085 0.3268156424581006 0.2127659574468085
