0 0.5596816976127321 0.3595505617977528 0.5901856763925729 0.3595505617977528 0.5901856763925729 0.40262172284644193 0.5596816976127321 0.40262172284644193
1 0.8076923076923076 0.3089887640449438 0.8342175066312997 0.3089887640449438 0.8342175066312997 0.3464419475655431 0.8076923076923076 0.3464419475655431
1 0.3103448275862069 0.3089887640449438 0.33687002652519893 0.3089887640449438 0.33687002652519893 0.34831460674157305 0.3103448275862069 0.34831460674157305
2 0.5623342175066313 0.6666666666666666 0.5809018567639257 0.6666666666666666 0.5809018567639257 0.6928838951310862 0.5623342175066313 0.6928838951310862
2 0.8103448275862069 0.4307116104868914 0.8328912466843501 0.4307116104868914 0.8328912466843501 0.45880149812734083 0.8103448275862069 0.45880149812734083
2 0.3116710875331565 0.07677902621722847 0.33421750663129973 0.07677902621722847 0.33421750663129973 0.1104868913857678 0.3116710875331565 0.1104868913857678
2 0.6445623342175066 0.07865168539325842 0.6671087533156498 0.07865168539325842 0.6671087533156498 0.1104868913857678 0.6445623342175066 0.1104868913857678
2 0.47745358090185674 0.07865168539325842 0.5 0.07865168539325842 0.5 0.10861423220973783 0.47745358090185674 0.10861423220973783
2 0.23209549071618035 0.7827715355805244 0.2506631299734748 0.7827715355805244 0.2506631299734748 0.8089887640449438 0.23209549071618035 0.8089887640449438
2 0.396551724137931 0.19850187265917604 0.4151193633952254 0.19850187265917604 0.4151193633952254 0.22284644194756553 0.396551724137931 0.22284644194756553
2 0.7267904509283819 0.19662921348314608 0.7480106100795756 0.19662921348314608 0.7480106100795756 0.2247191011235955 0.7267904509283819 0.2247191011235955
2 0.3116710875331565 0.42696629213483145 0.3355437665782493 0.42696629213483145 0.3355437665782493 0.4606741573033708 0.3116710875331565 0.4606741573033708
2 0.14588859416445624 0.6629213483146067 0.16843501326259946 0.6629213483146067 0.16843501326259946 0.6947565543071161 0.14588859416445624 0.6947565543071161
