0 0.24595744680851064 0.5782945736434109 0.2723404255319149 0.5782945736434109 0.2723404255319149 0.6248062015503876 0.24595744680851064 0.6248062015503876
0 0.4221276595744681 0.5782945736434109 0.44851063829787235 0.5782945736434109 0.44851063829787235 0.6248062015503876 0.4221276595744681 0.6248062015503876
0 0.33361702127659576 0.28527131782945736 0.3608510638297872 0.28527131782945736 0.3608510638297872 0.33488372093023255 0.33361702127659576 0.33488372093023255
1 0.8051063829787234 0.9162790697674419 0.8187234042553191 0.9162790697674419 0.8187234042553191 0.9410852713178295 0.8051063829787234 0.9410852713178295
1 0.428936170212766 0.9162790697674419 0.4425531914893617 0.9162790697674419 0.4425531914893617 0.9410852713178295 0.428936170212766 0.9410852713178295
1 0.8629787234042553 0.5813953488372093 0.8782978723404256 0.5813953488372093 0.8782978723404256 0.6093023255813953 0.8629787234042553 0.6093023255813953
1 0.3395744680851064 0.38139534883720927 0.35404255319148936 0.38139534883720927 0.35404255319148936 0.4077519379844961 0.3395744680851064 0.4077519379844961
1 0.06553191489361702 0.3069767441860465 0.08085106382978724 0.3069767441860465 0.08085106382978724 0.3333333333333333 0.06553191489361702 0.3333333333333333
1 0.8042553191489361 0.4124031007751938 0.8195744680851064 0.4124031007751938 0.8195744680851064 0.4387596899224806 0.8042553191489361 0.4387596899224806
1 0.06638297872340425 0.9162790697674419 0.08085106382978724 0.9162790697674419 0.08085106382978724 0.9410852713178295 0.06638297872340425 0.9410852713178295
1 0.4280851063829787 0.6775193798449612 0.4425531914893617 0.6775193798449612 0.4425531914893617 0.7054263565891473 0.4280851063829787 0.7054263565891473
1 0.2570212765957447 0.20310077519379843 0.26978723404255317 0.20310077519379843 0.26978723404255317 0.2248062015503876 0.2570212765957447 0.2248062015503876
1 0.8051063829787234 0.06356589147286822 0.8187234042553191 0.06356589147286822 0.8187234042553191 0.08682170542635659 0.8051063829787234 0.08682170542635659
1 0.3395744680851064 0.06356589147286822 0.35404255319148936 0.06356589147286822 0.35404255319148936 0.08837209302325581 0.3395744680851064 0.08837209302325581
1 0.8638297872340426 0.4124031007751938 0.8782978723404256 0.4124031007751938 0.8782978723404256 0.4372093023255814 0.8638297872340426 0.4372093023255814
1 0.3395744680851064 0.7875968992248061 0.35404255319148936 0.7875968992248061 0.35404255319148936 0.813953488372093 0.3395744680851064 0.813953488372093
1 0.251063829787234 0.9147286821705426 0.265531914893617 0.9147286821705426 0.265531914893617 0.9426356589147287 0.251063829787234 0.9426356589147287
1 0.14212765957446807 0.20310077519379843 0.1548936170212766 0.20310077519379843 0.1548936170212766 0.22635658914728682 0.14212765957446807 0.22635658914728682
1 0.06723404255319149 0.06356589147286822 0.08085106382978724 0.06356589147286822 0.08085106382978724 0.08682170542635659 0.06723404255319149 0.08682170542635659
1 0.2502127659574468 0.6775193798449612 0.265531914893617 0.6775193798449612 0.265531914893617 0.7054263565891473 0.2502127659574468 0.7054263565891473
2 0.8059574468085107 0.5720930232558139 0.8187234042553191 0.5720930232558139 0.8187234042553191 0.5953488372093023 0.8059574468085107 0.5953488372093023
2 0.5863829787234043 0.6775193798449612 0.6017021276595744 0.6775193798449612 0.6017021276595744 0.7054263565891473 0.5863829787234043 0.7054263565891473
