0 0.15062761506276148 0.49847560975609756 0.17468619246861924 0.49847560975609756 0.17468619246861924 0.5304878048780488 0.15062761506276148 0.5304878048780488
0 0.4937238493723849 0.6310975609756098 0.5156903765690376 0.6310975609756098 0.5156903765690376 0.6615853658536586 0.4937238493723849 0.6615853658536586
0 0.4916317991631799 0.1524390243902439 0.5167364016736401 0.1524390243902439 0.5167364016736401 0.1875 0.4916317991631799 0.1875
0 0.4926778242677824 0.7240853658536586 0.5167364016736401 0.7240853658536586 0.5167364016736401 0.7576219512195123 0.4926778242677824 0.7576219512195123
0 0.4937238493723849 0.5350609756097561 0.5156903765690376 0.5350609756097561 0.5156903765690376 0.5655487804878049 0.4937238493723849 0.5655487804878049
0 0.4937238493723849 0.34451219512195125 0.5156903765690376 0.34451219512195125 0.5156903765690376 0.375 0.4937238493723849 0.375
0 0.4937238493723849 0.25 0.5156903765690376 0.25 0.5156903765690376 0.28201219512195125 0.4937238493723849 0.28201219512195125
0 0.4926778242677824 0.8201219512195123 0.5167364016736401 0.8201219512195123 0.5167364016736401 0.8536585365853658 0.4926778242677824 0.8536585365853658
1 0.3629707112970711 0.5396341463414634 0.38598326359832635 0.5396341463414634 0.38598326359832635 0.5731707317073171 0.3629707112970711 0.5731707317073171
0 0.4926778242677824 0.43902439024390244 0.5156903765690376 0.43902439024390244 0.5156903765690376 0.46951219512195125 0.4926778242677824 0.46951219512195125
0 0.15062761506276148 0.11585365853658537 0.17468619246861924 0.11585365853658537 0.17468619246861924 0.15091463414634146 0.15062761506276148 0.15091463414634146
2 0.6286610878661087 0.18597560975609756 0.6453974895397488 0.18597560975609756 0.6453974895397488 0.2103658536585366 0.6286610878661087 0.2103658536585366
2 0.6286610878661087 0.28201219512195125 0.6453974895397488 0.28201219512195125 0.6453974895397488 0.30640243902439024 0.6286610878661087 0.30640243902439024
2 0.6276150627615062 0.7576219512195123 0.6453974895397488 0.7576219512195123 0.6453974895397488 0.7835365853658537 0.6276150627615062 0.7835365853658537
2 0.6286610878661087 0.663109756097561 0.6453974895397488 0.663109756097561 0.6453974895397488 0.6875 0.6286610878661087 0.6875
2 0.6276150627615062 0.8521341463414634 0.6453974895397488 0.8521341463414634 0.6453974895397488 0.8780487804878049 0.6276150627615062 0.8780487804878049
2 0.6286610878661087 0.37652439024390244 0.6453974895397488 0.37652439024390244 0.6453974895397488 0.4009146341463415 0.6286610878661087 0.4009146341463415
2 0.11924686192468618 0.12652439024390244 0.13807531380753138 0.12652439024390244 0.13807531380753138 0.1524390243902439 0.11924686192468618 0.1524390243902439
2 0.36506276150627615 0.16158536585365854 0.3828451882845188 0.16158536585365854 0.3828451882845188 0.1875 0.36506276150627615 0.1875
2 0.6276150627615062 0.5670731707317074 0.6453974895397488 0.5670731707317074 0.6453974895397488 0.5914634146341463 0.6276150627615062 0.5914634146341463
2 0.6276150627615062 0.4710365853658537 0.6464435146443515 0.4710365853658537 0.6464435146443515 0.4969512195121951 0.6276150627615062 0.4969512195121951
2 0.49686192468619245 0.3094512195121951 0.5104602510460251 0.3094512195121951 0.5104602510460251 0.3277439024390244 0.49686192468619245 0.3277439024390244
2 0.49686192468619245 0.6875 0.5125523012552301 0.6875 0.5125523012552301 0.7103658536585367 0.49686192468619245 0.7103658536585367
2 0.49686192468619245 0.21189024390243902 0.5115062761506276 0.21189024390243902 0.5115062761506276 0.23323170731707318 0.49686192468619245 0.23323170731707318
2 0.49686192468619245 0.49847560975609756 0.5115062761506276 0.49847560975609756 0.5115062761506276 0.5182926829268293 0.49686192468619245 0.5182926829268293
2 0.49686192468619245 0.40396341463414637 0.5115062761506276 0.40396341463414637 0.5115062761506276 0.42225609756097565 0.49686192468619245 0.42225609756097565
2 0.15481171548117154 0.19969512195121952 0.1705020920502092 0.19969512195121952 0.1705020920502092 0.2225609756097561 0.15481171548117154 0.2225609756097561
2 0.49686192468619245 0.7835365853658537 0.5115062761506276 0.7835365853658537 0.5115062761506276 0.8048780487804879 0.49686192468619245 0.8048780487804879
2 0.36506276150627615 0.8277439024390244 0.3838912133891213 0.8277439024390244 0.3838912133891213 0.8551829268292683 0.36506276150627615 0.8551829268292683
2 0.49686192468619245 0.5929878048780488 0.5115062761506276 0.5929878048780488 0.5115062761506276 0.614329268292683 0.49686192468619245 0.614329268292683
2 0.36610878661087864 0.7332317073170732 0.3828451882845188 0.7332317073170732 0.3828451882845188 0.7591463414634146 0.36610878661087864 0.7591463414634146
2 0.36715481171548114 0.2621951219512195 0.38598326359832635 0.2621951219512195 0.38598326359832635 0.28506097560975613 0.36715481171548114 0.28506097560975613
2 0.36924686192468614 0.35823170731707316 0.3838912133891213 0.35823170731707316 0.3838912133891213 0.38109756097560976 0.36924686192468614 0.38109756097560976
2 0.36506276150627615 0.45426829268292684 0.38598326359832635 0.45426829268292684 0.38598326359832635 0.47408536585365857 0.36506276150627615 0.47408536585365857
2 0.36715481171548114 0.6417682926829269 0.3849372384937238 0.6417682926829269 0.3849372384937238 0.6676829268292683 0.36715481171548114 0.6676829268292683
2 0.151673640167364 0.5792682926829269 0.17677824267782424 0.5792682926829269 0.17677824267782424 0.6097560975609756 0.151673640167364 0.6097560975609756
