0 0.603238866396761 0.29220779220779225 0.6423751686909581 0.29220779220779225 0.6423751686909581 0.33766233766233766 0.603238866396761 0.33766233766233766
1 0.3778677462887989 0.625 0.39946018893387314 0.625 0.39946018893387314 0.6525974025974026 0.3778677462887989 0.6525974025974026
1 0.33063427800269907 0.3944805194805195 0.3549257759784075 0.3944805194805195 0.3549257759784075 0.42370129870129875 0.33063427800269907 0.42370129870129875
1 0.3778677462887989 0.9042207792207793 0.39946018893387314 0.9042207792207793 0.39946018893387314 0.9301948051948052 0.3778677462887989 0.9301948051948052
1 0.6126855600539811 0.06331168831168832 0.6342780026990553 0.06331168831168832 0.6342780026990553 0.08928571428571429 0.6126855600539811 0.08928571428571429
1 0.5654520917678812 0.6266233766233766 0.5870445344129555 0.6266233766233766 0.5870445344129555 0.6525974025974026 0.5654520917678812 0.6525974025974026
1 0.611336032388664 0.3961038961038961 0.6342780026990553 0.3961038961038961 0.6342780026990553 0.42370129870129875 0.611336032388664 0.42370129870129875
1 0.7692307692307692 0.19642857142857145 0.7908232118758434 0.19642857142857145 0.7908232118758434 0.22402597402597405 0.7692307692307692 0.22402597402597405
1 0.33063427800269907 0.06331168831168832 0.3535762483130904 0.06331168831168832 0.3535762483130904 0.08928571428571429 0.33063427800269907 0.08928571428571429
1 0.5668016194331984 0.9042207792207793 0.5870445344129555 0.9042207792207793 0.5870445344129555 0.9301948051948052 0.5668016194331984 0.9301948051948052
1 0.9095816464237516 0.13961038961038963 0.9311740890688258 0.13961038961038963 0.9311740890688258 0.16720779220779222 0.9095816464237516 0.16720779220779222
1 0.048582995951417005 0.7126623376623377 0.07152496626180836 0.7126623376623377 0.07152496626180836 0.7402597402597403 0.048582995951417005 0.7402597402597403
