0 0.8143297380585517 0.3675937122128174 0.8366718027734977 0.3675937122128174 0.8366718027734977 0.4014510278113664 0.8143297380585517 0.4014510278113664
0 0.6910631741140216 0.3675937122128174 0.7134052388289677 0.3675937122128174 0.7134052388289677 0.4014510278113664 0.6910631741140216 0.4014510278113664
1 0.6964560862865948 0.11608222490931075 0.7080123266563945 0.11608222490931075 0.7080123266563945 0.1366384522370012 0.6964560862865948 0.1366384522370012
1 0.5978428351309707 0.11608222490931075 0.6101694915254238 0.11608222490931075 0.6101694915254238 0.1354292623941959 0.5978428351309707 0.1354292623941959
0 0.3235747303543914 0.10882708585247883 0.3443759630200308 0.10882708585247883 0.3443759630200308 0.1414752116082225 0.3235747303543914 0.1414752116082225
0 0.5385208012326657 0.10882708585247883 0.5585516178736518 0.10882708585247883 0.5585516178736518 0.1414752116082225 0.5385208012326657 0.1414752116082225
1 0.4460708782742681 0.11729141475211607 0.4576271186440678 0.11729141475211607 0.4576271186440678 0.1366384522370012 0.4460708782742681 0.1366384522370012
1 0.4815100154083205 0.5356711003627569 0.4938366718027735 0.5356711003627569 0.4938366718027735 0.5550181378476421 0.4815100154083205 0.5550181378476421
1 0.24884437596302003 0.11608222490931075 0.261171032357473 0.11608222490931075 0.261171032357473 0.1366384522370012 0.24884437596302003 0.1366384522370012
1 0.5978428351309707 0.3808948004836759 0.6101694915254238 0.3808948004836759 0.6101694915254238 0.4014510278113664 0.5978428351309707 0.4014510278113664
1 0.8197226502311248 0.11608222490931075 0.8328197226502312 0.11608222490931075 0.8328197226502312 0.1366384522370012 0.8197226502311248 0.1366384522370012
1 0.7580893682588599 0.5356711003627569 0.7704160246533128 0.5356711003627569 0.7704160246533128 0.5550181378476421 0.7580893682588599 0.5550181378476421
1 0.052388289676425275 0.5344619105199516 0.0662557781201849 0.5344619105199516 0.0662557781201849 0.5562273276904474 0.052388289676425275 0.5562273276904474
1 0.7211093990755008 0.6638452237001209 0.7326656394453005 0.6638452237001209 0.7326656394453005 0.683192261185006 0.7211093990755008 0.683192261185006
1 0.4445300462249615 0.5356711003627569 0.4576271186440678 0.5356711003627569 0.4576271186440678 0.5574365175332527 0.4445300462249615 0.5574365175332527
1 0.5400616332819723 0.23941958887545345 0.5531587057010786 0.23941958887545345 0.5531587057010786 0.25755743651753327 0.5400616332819723 0.25755743651753327
1 0.6471494607087828 0.5973397823458283 0.6587057010785825 0.5973397823458283 0.6587057010785825 0.6142684401451027 0.6471494607087828 0.6142684401451027
1 0.24884437596302003 0.40024183796856105 0.26040061633281975 0.40024183796856105 0.26040061633281975 0.41717049576783555 0.24884437596302003 0.41717049576783555
1 0.6471494607087828 0.8162031438935913 0.6587057010785825 0.8162031438935913 0.6587057010785825 0.8343409915356711 0.6471494607087828 0.8343409915356711
1 0.052388289676425275 0.11729141475211607 0.06471494607087827 0.11729141475211607 0.06471494607087827 0.1366384522370012 0.052388289676425275 0.1366384522370012
1 0.24884437596302003 0.7243047158403869 0.261171032357473 0.7243047158403869 0.261171032357473 0.7424425634824667 0.24884437596302003 0.7424425634824667
1 0.01078582434514638 0.5356711003627569 0.023882896764252697 0.5356711003627569 0.023882896764252697 0.5574365175332527 0.01078582434514638 0.5574365175332527
1 0.18798151001540833 0.6457073760580411 0.20030816640986132 0.6457073760580411 0.20030816640986132 0.6662636033857315 0.18798151001540833 0.6662636033857315
1 0.4460708782742681 0.6457073760580411 0.45916795069337446 0.6457073760580411 0.45916795069337446 0.6662636033857315 0.4460708782742681 0.6662636033857315
1 0.7580893682588599 0.45949214026602175 0.7704160246533128 0.45949214026602175 0.7704160246533128 0.47762998790810157 0.7580893682588599 0.47762998790810157
1 0.24884437596302003 0.6481257557436517 0.26040061633281975 0.6481257557436517 0.26040061633281975 0.6650544135429262 0.24884437596302003 0.6650544135429262
1 0.4460708782742681 0.8149939540507859 0.4576271186440678 0.8149939540507859 0.4576271186440678 0.8343409915356711 0.4460708782742681 0.8343409915356711
1 0.18798151001540833 0.8149939540507859 0.19953775038520802 0.8149939540507859 0.19953775038520802 0.8343409915356711 0.18798151001540833 0.8343409915356711
1 0.31124807395993837 0.8149939540507859 0.3243451463790447 0.8149939540507859 0.3243451463790447 0.8343409915356711 0.31124807395993837 0.8343409915356711
1 0.13867488443759632 0.6481257557436517 0.150231124807396 0.6481257557436517 0.150231124807396 0.6662636033857315 0.13867488443759632 0.6662636033857315
1 0.3659476117103236 0.6481257557436517 0.3782742681047766 0.6481257557436517 0.3782742681047766 0.6650544135429262 0.3659476117103236 0.6650544135429262
1 0.053158705701078585 0.8162031438935913 0.06471494607087827 0.8162031438935913 0.06471494607087827 0.8343409915356711 0.053158705701078585 0.8343409915356711
1 0.8697996918335902 0.8162031438935913 0.8813559322033898 0.8162031438935913 0.8813559322033898 0.8343409915356711 0.8697996918335902 0.8343409915356711
1 0.12942989214175654 0.1898428053204353 0.14098613251155626 0.1898428053204353 0.14098613251155626 0.2079806529625151 0.12942989214175654 0.2079806529625151
1 0.9422187981510016 0.6638452237001209 0.9545454545454546 0.6638452237001209 0.9545454545454546 0.6844014510278114 0.9422187981510016 0.6844014510278114
1 0.3104776579352851 0.6457073760580411 0.3235747303543914 0.6457073760580411 0.3235747303543914 0.6662636033857315 0.3104776579352851 0.6662636033857315
1 0.052388289676425275 0.6469165659008465 0.06471494607087827 0.6469165659008465 0.06471494607087827 0.6662636033857315 0.052388289676425275 0.6662636033857315
1 0.8705701078582435 0.5973397823458283 0.8813559322033898 0.5973397823458283 0.8813559322033898 0.6142684401451027 0.8705701078582435 0.6142684401451027
1 0.3697996918335901 0.18137847642079805 0.38058551617873654 0.18137847642079805 0.38058551617873654 0.2007255139056832 0.3697996918335901 0.2007255139056832
