1 0.6263736263736264 0.2414307004470939 0.6624803767660911 0.2414307004470939 0.6624803767660911 0.27421758569299554 0.6263736263736264 0.27421758569299554
1 0.6263736263736264 0.38002980625931443 0.6624803767660911 0.38002980625931443 0.6624803767660911 0.4143070044709389 0.6263736263736264 0.4143070044709389
2 0.23861852433281006 0.2459016393442623 0.2621664050235479 0.2459016393442623 0.2621664050235479 0.2667660208643815 0.23861852433281006 0.2667660208643815
1 0.3328100470957614 0.38002980625931443 0.3673469387755102 0.38002980625931443 0.3673469387755102 0.4143070044709389 0.3328100470957614 0.4143070044709389
1 0.33124018838304553 0.2414307004470939 0.3673469387755102 0.2414307004470939 0.3673469387755102 0.27421758569299554 0.33124018838304553 0.27421758569299554
2 0.728414442700157 0.24441132637853955 0.7535321821036107 0.24441132637853955 0.7535321821036107 0.26676602086438156 0.728414442700157 0.26676602086438156
2 0.23861852433281006 0.6631892697466468 0.2653061224489796 0.6631892697466468 0.2653061224489796 0.6885245901639344 0.23861852433281006 0.6885245901639344
2 0.631083202511774 0.05812220566318927 0.6562009419152276 0.05812220566318927 0.6562009419152276 0.08345752608047691 0.631083202511774 0.08345752608047691
2 0.4835164835164835 0.7570789865871833 0.5102040816326531 0.7570789865871833 0.5102040816326531 0.7824143070044709 0.4835164835164835 0.7824143070044709
2 0.33751962323390894 0.05961251862891207 0.36106750392464676 0.05961251862891207 0.36106750392464676 0.08196721311475409 0.33751962323390894 0.08196721311475409
2 0.728414442700157 0.6631892697466468 0.7551020408163265 0.6631892697466468 0.7551020408163265 0.6870342771982116 0.728414442700157 0.6870342771982116
2 0.4835164835164835 0.4798807749627422 0.5086342229199372 0.4798807749627422 0.5086342229199372 0.503725782414307 0.4835164835164835 0.503725782414307
