0 0.3631647211413748 0.26796116504854367 0.3942931258106355 0.26796116504854367 0.3942931258106355 0.3145631067961165 0.3631647211413748 0.3145631067961165
0 0.6070038910505836 0.26796116504854367 0.6381322957198443 0.26796116504854367 0.6381322957198443 0.3145631067961165 0.6070038910505836 0.3145631067961165
0 0.47859922178988323 0.20776699029126214 0.5175097276264591 0.20776699029126214 0.5175097276264591 0.2621359223300971 0.47859922178988323 0.2621359223300971
2 0.695201037613489 0.287378640776699 0.7120622568093385 0.287378640776699 0.7120622568093385 0.3106796116504854 0.695201037613489 0.3106796116504854
2 0.6134889753566796 0.5902912621359223 0.6303501945525292 0.5902912621359223 0.6303501945525292 0.6155339805825243 0.6134889753566796 0.6155339805825243
2 0.28923476005188065 0.287378640776699 0.3060959792477302 0.287378640776699 0.3060959792477302 0.3106796116504854 0.28923476005188065 0.3106796116504854
2 0.37094682230868997 0.5902912621359223 0.3865110246433203 0.5902912621359223 0.3865110246433203 0.6155339805825243 0.37094682230868997 0.6155339805825243
2 0.28664072632944226 0.04271844660194175 0.3073929961089494 0.04271844660194175 0.3073929961089494 0.07184466019417475 0.28664072632944226 0.07184466019417475
2 0.6121919584954604 0.16504854368932037 0.6303501945525292 0.16504854368932037 0.6303501945525292 0.19029126213592232 0.6121919584954604 0.19029126213592232
2 0.20752269779507132 0.8912621359223301 0.22568093385214008 0.8912621359223301 0.22568093385214008 0.916504854368932 0.20752269779507132 0.916504854368932
2 0.7756160830090791 0.287378640776699 0.7937743190661478 0.287378640776699 0.7937743190661478 0.3145631067961165 0.7756160830090791 0.3145631067961165
2 0.6926070038910506 0.04271844660194175 0.7120622568093385 0.04271844660194175 0.7120622568093385 0.07184466019417475 0.6926070038910506 0.07184466019417475
2 0.3670557717250324 0.16504854368932037 0.38910505836575876 0.16504854368932037 0.38910505836575876 0.19611650485436893 0.3670557717250324 0.19611650485436893
2 0.20622568093385213 0.04271844660194175 0.22568093385214008 0.04271844660194175 0.22568093385214008 0.07184466019417475 0.20622568093385213 0.07184466019417475
2 0.490272373540856 0.8932038834951456 0.5084306095979247 0.8932038834951456 0.5084306095979247 0.9184466019417475 0.490272373540856 0.9184466019417475
2 0.20622568093385213 0.2854368932038835 0.22568093385214008 0.2854368932038835 0.22568093385214008 0.3145631067961165 0.20622568093385213 0.3145631067961165
2 0.7769130998702983 0.8932038834951456 0.7924773022049286 0.8932038834951456 0.7924773022049286 0.916504854368932 0.7769130998702983 0.916504854368932
2 0.7756160830090791 0.04466019417475728 0.7924773022049286 0.04466019417475728 0.7924773022049286 0.07184466019417475 0.7756160830090791 0.07184466019417475
