1 0.7364438839848676 0.7395171537484118 0.7578814627994955 0.7395171537484118 0.7578814627994955 0.7611181702668361 0.7364438839848676 0.7611181702668361
1 0.21185372005044137 0.37357052096569254 0.23203026481715006 0.37357052096569254 0.23203026481715006 0.39390088945362134 0.21185372005044137 0.39390088945362134
1 0.21059268600252207 0.04701397712833545 0.23455233291298866 0.04701397712833545 0.23455233291298866 0.07115628970775095 0.21059268600252207 0.07115628970775095
1 0.7351828499369483 0.04828462515883101 0.7578814627994955 0.04828462515883101 0.7578814627994955 0.07115628970775095 0.7351828499369483 0.07115628970775095
1 0.7364438839848676 0.9224904701397714 0.7578814627994955 0.9224904701397714 0.7578814627994955 0.9440914866581958 0.7364438839848676 0.9440914866581958
1 0.5346784363177806 0.7801778907242695 0.5561160151324086 0.7801778907242695 0.5561160151324086 0.8017789072426939 0.5346784363177806 0.8017789072426939
1 0.5334174022698613 0.04828462515883101 0.5573770491803278 0.04828462515883101 0.5573770491803278 0.07115628970775095 0.5334174022698613 0.07115628970775095
1 0.7351828499369483 0.46505717916137235 0.7566204287515763 0.46505717916137235 0.7566204287515763 0.48665819567979673 0.7351828499369483 0.48665819567979673
1 0.5346784363177806 0.9224904701397714 0.5561160151324086 0.9224904701397714 0.5561160151324086 0.9440914866581958 0.5346784363177806 0.9440914866581958
1 0.5334174022698613 0.46505717916137235 0.5548549810844893 0.46505717916137235 0.5548549810844893 0.48665819567979673 0.5334174022698613 0.48665819567979673
0 0.519546027742749 0.7115628970775095 0.575031525851198 0.7115628970775095 0.575031525851198 0.7662007623888183 0.519546027742749 0.7662007623888183
