0 0.536115569823435 0.7212837837837838 0.5698234349919743 0.7212837837837838 0.5698234349919743 0.7567567567567568 0.536115569823435 0.7567567567567568
0 0.536115569823435 0.24662162162162163 0.5714285714285714 0.24662162162162163 0.5714285714285714 0.2820945945945946 0.536115569823435 0.2820945945945946
1 0.5377207062600321 0.9121621621621622 0.5698234349919743 0.9121621621621622 0.5698234349919743 0.945945945945946 0.5377207062600321 0.945945945945946
1 0.5377207062600321 0.06925675675675676 0.5682182985553772 0.06925675675675676 0.5682182985553772 0.10135135135135136 0.5377207062600321 0.10135135135135136
2 0.3130016051364366 0.3310810810810811 0.3402889245585875 0.3310810810810811 0.3402889245585875 0.3597972972972973 0.3130016051364366 0.3597972972972973
2 0.3130016051364366 0.6570945945945946 0.3402889245585875 0.6570945945945946 0.3402889245585875 0.6841216216216217 0.3130016051364366 0.6841216216216217
2 0.4301765650080257 0.7364864864864865 0.4510433386837881 0.7364864864864865 0.4510433386837881 0.7550675675675677 0.4301765650080257 0.7550675675675677
2 0.4301765650080257 0.5540540540540541 0.4510433386837881 0.5540540540540541 0.4510433386837881 0.5760135135135136 0.4301765650080257 0.5760135135135136
2 0.5425361155698234 0.35135135135135137 0.5634028892455859 0.35135135135135137 0.5634028892455859 0.37331081081081086 0.5425361155698234 0.37331081081081086
2 0.42857142857142855 0.25844594594594594 0.45264847512038525 0.25844594594594594 0.45264847512038525 0.28378378378378377 0.42857142857142855 0.28378378378378377
2 0.5425361155698234 0.6418918918918919 0.5634028892455859 0.6418918918918919 0.5634028892455859 0.6655405405405406 0.5425361155698234 0.6655405405405406
2 0.4301765650080257 0.4391891891891892 0.4510433386837881 0.4391891891891892 0.4510433386837881 0.4611486486486487 0.4301765650080257 0.4611486486486487
2 0.7415730337078652 0.49662162162162166 0.7640449438202247 0.49662162162162166 0.7640449438202247 0.5202702702702703 0.7415730337078652 0.5202702702702703
2 0.5409309791332263 0.49831081081081086 0.5634028892455859 0.49831081081081086 0.5634028892455859 0.5202702702702703 0.5409309791332263 0.5202702702702703
2 0.3162118780096308 0.49493243243243246 0.3402889245585875 0.49493243243243246 0.3402889245585875 0.5185810810810811 0.3162118780096308 0.5185810810810811
2 0.8378812199036918 0.5 0.8603531300160514 0.5 0.8603531300160514 0.5219594594594595 0.8378812199036918 0.5219594594594595
