0 0.30570505920344454 0.8045602605863192 0.3304628632938643 0.8045602605863192 0.3304628632938643 0.8403908794788274 0.30570505920344454 0.8403908794788274
0 0.6759956942949408 0.8029315960912052 0.7007534983853605 0.8029315960912052 0.7007534983853605 0.8420195439739414 0.6759956942949408 0.8420195439739414
0 0.541442411194833 0.1449511400651466 0.565123789020452 0.1449511400651466 0.565123789020452 0.1775244299674267 0.541442411194833 0.1775244299674267
0 0.541442411194833 0.8045602605863192 0.565123789020452 0.8045602605863192 0.565123789020452 0.8420195439739414 0.541442411194833 0.8420195439739414
0 0.6770721205597416 0.14332247557003258 0.7007534983853605 0.14332247557003258 0.7007534983853605 0.1775244299674267 0.6770721205597416 0.1775244299674267
2 0.681377825618945 0.9201954397394138 0.6953713670613563 0.9201954397394138 0.6953713670613563 0.9397394136807818 0.681377825618945 0.9397394136807818
2 0.8805166846071043 0.45602605863192186 0.8998923573735198 0.45602605863192186 0.8998923573735198 0.48697068403908794 0.8805166846071043 0.48697068403908794
2 0.5468245425188374 0.9201954397394138 0.5597416576964478 0.9201954397394138 0.5597416576964478 0.9397394136807818 0.5468245425188374 0.9397394136807818
2 0.6781485468245425 0.050488599348534204 0.6986006458557589 0.050488599348534204 0.6986006458557589 0.07980456026058633 0.6781485468245425 0.07980456026058633
2 0.03982777179763186 0.7133550488599348 0.0581270182992465 0.7133550488599348 0.0581270182992465 0.739413680781759 0.03982777179763186 0.739413680781759
2 0.8127018299246501 0.45765472312703587 0.8320775026910656 0.45765472312703587 0.8320775026910656 0.485342019543974 0.8127018299246501 0.485342019543974
2 0.10871905274488697 0.8159609120521173 0.12486544671689988 0.8159609120521173 0.12486544671689988 0.8403908794788274 0.10871905274488697 0.8403908794788274
2 0.24542518837459631 0.255700325732899 0.2615715823466092 0.255700325732899 0.2615715823466092 0.28175895765472314 0.24542518837459631 0.28175895765472314
2 0.6792249730893433 0.5342019543973942 0.697524219590958 0.5342019543973942 0.697524219590958 0.5602605863192183 0.6792249730893433 0.5602605863192183
2 0.44348762109795475 0.15472312703583063 0.45963401506996765 0.15472312703583063 0.45963401506996765 0.1791530944625407 0.44348762109795475 0.1791530944625407
2 0.37782561894510225 0.255700325732899 0.3928955866523143 0.255700325732899 0.3928955866523143 0.28013029315960913 0.37782561894510225 0.28013029315960913
2 0.31001076426264795 0.5618892508143323 0.32723358449946177 0.5618892508143323 0.32723358449946177 0.5846905537459284 0.31001076426264795 0.5846905537459284
2 0.17545748116254034 0.15472312703583063 0.19268030139935413 0.15472312703583063 0.19268030139935413 0.1791530944625407 0.17545748116254034 0.1791530944625407
2 0.5468245425188374 0.4381107491856678 0.5597416576964478 0.4381107491856678 0.5597416576964478 0.45602605863192186 0.5468245425188374 0.45602605863192186
2 0.3121636167922497 0.9201954397394138 0.32508073196986004 0.9201954397394138 0.32508073196986004 0.9397394136807818 0.3121636167922497 0.9397394136807818
2 0.6135629709364908 0.3338762214983714 0.627556512378902 0.3338762214983714 0.627556512378902 0.3550488599348534 0.6135629709364908 0.3550488599348534
2 0.3767491926803014 0.05211726384364821 0.3928955866523143 0.05211726384364821 0.3928955866523143 0.07817589576547232 0.3767491926803014 0.07817589576547232
2 0.5435952637244348 0.05211726384364821 0.5608180839612487 0.05211726384364821 0.5608180839612487 0.07817589576547232 0.5435952637244348 0.07817589576547232
2 0.7481162540365984 0.6416938110749186 0.7621097954790096 0.6416938110749186 0.7621097954790096 0.6579804560260587 0.7481162540365984 0.6579804560260587
2 0.2432723358449946 0.05211726384364821 0.2604951560818084 0.05211726384364821 0.2604951560818084 0.07817589576547232 0.2432723358449946 0.07817589576547232
