1 0.042042042042042045 0.3131578947368421 0.062062062062062065 0.3131578947368421 0.062062062062062065 0.33684210526315783 0.042042042042042045 0.33684210526315783
1 0.34734734734734735 0.6460526315789472 0.3633633633633634 0.6460526315789472 0.3633633633633634 0.6684210526315788 0.34734734734734735 0.6684210526315788
1 0.8348348348348348 0.8263157894736842 0.8508508508508509 0.8263157894736842 0.8508508508508509 0.8486842105263158 0.8348348348348348 0.8486842105263158
1 0.34634634634634637 0.9236842105263158 0.36436436436436437 0.9236842105263158 0.36436436436436437 0.9460526315789474 0.34634634634634637 0.9460526315789474
1 0.04104104104104103 0.9223684210526316 0.06106106106106106 0.9223684210526316 0.06106106106106106 0.9473684210526315 0.04104104104104103 0.9473684210526315
1 0.9349349349349351 0.9236842105263158 0.951951951951952 0.9236842105263158 0.951951951951952 0.9460526315789474 0.9349349349349351 0.9460526315789474
1 0.044044044044044044 0.06447368421052632 0.06006006006006006 0.06447368421052632 0.06006006006006006 0.08552631578947369 0.044044044044044044 0.08552631578947369
0 0.6096096096096096 0.7052631578947368 0.6396396396396397 0.7052631578947368 0.6396396396396397 0.743421052631579 0.6096096096096096 0.743421052631579
1 0.13913913913913914 0.3118421052631579 0.15715715715715717 0.3118421052631579 0.15715715715715717 0.33552631578947373 0.13913913913913914 0.33552631578947373
1 0.8358358358358359 0.7223684210526315 0.8518518518518519 0.7223684210526315 0.8518518518518519 0.7421052631578947 0.8358358358358359 0.7421052631578947
1 0.34834834834834827 0.39342105263157895 0.36336336336336333 0.39342105263157895 0.36336336336336333 0.4131578947368421 0.34834834834834827 0.4131578947368421
1 0.34834834834834827 0.06578947368421052 0.36336336336336333 0.06578947368421052 0.36336336336336333 0.08552631578947369 0.34834834834834827 0.08552631578947369
1 0.6146146146146146 0.9236842105263158 0.6326326326326326 0.9236842105263158 0.6326326326326326 0.9460526315789474 0.6146146146146146 0.9460526315789474
1 0.9359359359359359 0.7210526315789474 0.9519519519519519 0.7210526315789474 0.9519519519519519 0.743421052631579 0.9359359359359359 0.743421052631579
1 0.9359359359359359 0.06578947368421052 0.950950950950951 0.06578947368421052 0.950950950950951 0.08552631578947369 0.9359359359359359 0.08552631578947369
0 0.33933933933933935 0.29736842105263156 0.36936936936936937 0.29736842105263156 0.36936936936936937 0.3355263157894737 0.33933933933933935 0.3355263157894737
1 0.6146146146146146 0.6447368421052632 0.6336336336336337 0.6447368421052632 0.6336336336336337 0.6671052631578948 0.6146146146146146 0.6671052631578948
1 0.6156156156156156 0.06447368421052632 0.6306306306306306 0.06447368421052632 0.6306306306306306 0.08421052631578947 0.6156156156156156 0.08421052631578947
1 0.6156156156156156 0.39342105263157895 0.6316316316316316 0.39342105263157895 0.6316316316316316 0.4144736842105263 0.6156156156156156 0.4144736842105263
1 0.14014014014014015 0.19342105263157894 0.15615615615615616 0.19342105263157894 0.15615615615615616 0.21447368421052632 0.14014014014014015 0.21447368421052632
