0 0.7962616822429907 0.29764453961456105 0.8280373831775701 0.29764453961456105 0.8280373831775701 0.3361884368308351 0.7962616822429907 0.3361884368308351
0 0.6485981308411215 0.29764453961456105 0.6822429906542056 0.29764453961456105 0.6822429906542056 0.3361884368308351 0.6485981308411215 0.3361884368308351
2 0.6504672897196262 0.08779443254817988 0.680373831775701 0.08779443254817988 0.680373831775701 0.1220556745182013 0.6504672897196262 0.1220556745182013
0 0.6485981308411215 0.21413276231263384 0.6822429906542056 0.21413276231263384 0.6822429906542056 0.25267665952890794 0.6485981308411215 0.25267665952890794
2 0.6504672897196262 0.6231263383297645 0.6785046728971963 0.6231263383297645 0.6785046728971963 0.6552462526766595 0.6504672897196262 0.6552462526766595
2 0.5065420560747663 0.09207708779443255 0.5308411214953271 0.09207708779443255 0.5308411214953271 0.11991434689507495 0.5065420560747663 0.11991434689507495
2 0.7981308411214953 0.08993576017130621 0.8261682242990654 0.08993576017130621 0.8261682242990654 0.11991434689507495 0.7981308411214953 0.11991434689507495
2 0.33084112149532713 0.22269807280513917 0.35700934579439253 0.22269807280513917 0.35700934579439253 0.25481798715203424 0.33084112149532713 0.25481798715203424
2 0.33271028037383177 0.76017130620985 0.35700934579439253 0.76017130620985 0.35700934579439253 0.7880085653104923 0.33271028037383177 0.7880085653104923
2 0.6504672897196262 0.8886509635974305 0.6785046728971963 0.8886509635974305 0.6785046728971963 0.9229122055674518 0.6504672897196262 0.9229122055674518
2 0.5046728971962616 0.30406852248394006 0.5327102803738317 0.30406852248394006 0.5327102803738317 0.33832976445396146 0.5046728971962616 0.33832976445396146
2 0.21121495327102802 0.3019271948608137 0.24485981308411214 0.3019271948608137 0.24485981308411214 0.3404710920770878 0.21121495327102802 0.3404710920770878
2 0.7981308411214953 0.3897216274089936 0.8261682242990654 0.3897216274089936 0.8261682242990654 0.42184154175588867 0.7981308411214953 0.42184154175588867
2 0.2130841121495327 0.6723768736616702 0.24299065420560748 0.6723768736616702 0.24299065420560748 0.7066381156316917 0.2130841121495327 0.7066381156316917
2 0.6507474767600416 0.49167221852098597 0.6809877527131446 0.49167221852098597 0.6809877527131446 0.5229846768820786 0.6507474767600416 0.5229846768820786
