0 0.3230605738575983 0.267578125 0.34856535600425076 0.267578125 0.34856535600425076 0.310546875 0.3230605738575983 0.310546875
2 0.26142401700318807 0.80859375 0.2784272051009564 0.80859375 0.2784272051009564 0.83984375 0.26142401700318807 0.83984375
2 0.922422954303932 0.56640625 0.9394261424017003 0.56640625 0.9394261424017003 0.59765625 0.922422954303932 0.59765625
2 0.5929861849096705 0.80859375 0.6099893730074388 0.80859375 0.6099893730074388 0.83984375 0.5929861849096705 0.83984375
2 0.461211477151966 0.568359375 0.4760892667375133 0.568359375 0.4760892667375133 0.595703125 0.461211477151966 0.595703125
2 0.3931987247608926 0.80859375 0.4112646121147715 0.80859375 0.4112646121147715 0.841796875 0.3931987247608926 0.841796875
2 0.3283740701381509 0.08203125 0.3421891604675876 0.08203125 0.3421891604675876 0.107421875 0.3283740701381509 0.107421875
2 0.3283740701381509 0.32421875 0.34325185972369815 0.32421875 0.34325185972369815 0.3515625 0.3283740701381509 0.3515625
2 0.8395324123273114 0.568359375 0.8554729011689691 0.568359375 0.8554729011689691 0.595703125 0.8395324123273114 0.595703125
2 0.060573857598299675 0.3203125 0.07863974495217853 0.3203125 0.07863974495217853 0.353515625 0.060573857598299675 0.353515625
2 0.594048884165781 0.080078125 0.6089266737513284 0.080078125 0.6089266737513284 0.107421875 0.594048884165781 0.107421875
2 0.12752391073326247 0.201171875 0.1434643995749203 0.201171875 0.1434643995749203 0.23046875 0.12752391073326247 0.23046875
2 0.259298618490967 0.5625 0.2784272051009564 0.5625 0.2784272051009564 0.59765625 0.259298618490967 0.59765625
2 0.3921360255047821 0.5625 0.4112646121147715 0.5625 0.4112646121147715 0.59765625 0.3921360255047821 0.59765625
2 0.59192348565356 0.3203125 0.6110520722635494 0.3203125 0.6110520722635494 0.353515625 0.59192348565356 0.353515625
2 0.3294367693942614 0.69140625 0.3421891604675876 0.69140625 0.3421891604675876 0.71484375 0.3294367693942614 0.71484375
2 0.7396386822529224 0.564453125 0.7566418703506907 0.564453125 0.7566418703506907 0.59765625 0.7396386822529224 0.59765625
2 0.594048884165781 0.56640625 0.6099893730074388 0.56640625 0.6099893730074388 0.59765625 0.594048884165781 0.59765625
