2 0.6008316008316008 0.49676584734799484 0.6146916146916147 0.49676584734799484 0.6146916146916147 0.5226390685640362 0.6008316008316008 0.5226390685640362
2 0.06375606375606375 0.4747736093143596 0.08108108108108109 0.4747736093143596 0.08108108108108109 0.5071151358344113 0.06375606375606375 0.5071151358344113
2 0.9106029106029107 0.49935316946959896 0.9216909216909217 0.49935316946959896 0.9216909216909217 0.5213454075032341 0.9106029106029107 0.5213454075032341
2 0.3880803880803881 0.49676584734799484 0.39986139986139985 0.49676584734799484 0.39986139986139985 0.5200517464424321 0.3880803880803881 0.5200517464424321
2 0.46084546084546085 0.49805950840879687 0.47193347193347196 0.49805950840879687 0.47193347193347196 0.5200517464424321 0.46084546084546085 0.5200517464424321
2 0.8413028413028413 0.49805950840879687 0.8537768537768538 0.49805950840879687 0.8537768537768538 0.5226390685640362 0.8413028413028413 0.5226390685640362
2 0.14067914067914067 0.49417852522639066 0.1566181566181566 0.49417852522639066 0.1566181566181566 0.5239327296248383 0.14067914067914067 0.5239327296248383
2 0.5391545391545391 0.8809831824062095 0.5557865557865558 0.8809831824062095 0.5557865557865558 0.9107373868046572 0.5391545391545391 0.9107373868046572
2 0.3880803880803881 0.049159120310478664 0.40124740124740127 0.049159120310478664 0.40124740124740127 0.07244501940491592 0.3880803880803881 0.07244501940491592
2 0.7103257103257105 0.6338939197930142 0.7214137214137216 0.6338939197930142 0.7214137214137216 0.6558861578266494 0.7103257103257105 0.6558861578266494
2 0.46084546084546085 0.2535575679172057 0.47193347193347196 0.2535575679172057 0.47193347193347196 0.2755498059508409 0.46084546084546085 0.2755498059508409
2 0.42896742896742895 0.2729624838292367 0.44144144144144143 0.2729624838292367 0.44144144144144143 0.2949547218628719 0.42896742896742895 0.2949547218628719
2 0.7110187110187112 0.5782664941785253 0.7234927234927236 0.5782664941785253 0.7234927234927236 0.6028460543337646 0.7110187110187112 0.6028460543337646
2 0.4300911854103343 0.2524939347349961 0.44300911854103336 0.2524939347349961 0.44300911854103336 0.2780270292587597 0.4300911854103343 0.2780270292587597
2 0.722644376899696 0.5773316372873224 0.735562310030395 0.5773316372873224 0.735562310030395 0.6042832370624062 0.722644376899696 0.6042832370624062
