0 0.5543568464730291 0.30223880597014924 0.5825726141078839 0.30223880597014924 0.5825726141078839 0.333955223880597 0.5543568464730291 0.333955223880597
0 0.0987551867219917 0.3656716417910448 0.12780082987551866 0.3656716417910448 0.12780082987551866 0.39832089552238803 0.0987551867219917 0.39832089552238803
0 0.5551867219917013 0.43097014925373134 0.5825726141078839 0.43097014925373134 0.5825726141078839 0.46175373134328357 0.5551867219917013 0.46175373134328357
0 0.21327800829875518 0.43097014925373134 0.24149377593360996 0.43097014925373134 0.24149377593360996 0.46082089552238803 0.21327800829875518 0.46082089552238803
0 0.5551867219917013 0.6660447761194029 0.5825726141078839 0.6660447761194029 0.5825726141078839 0.6958955223880597 0.5551867219917013 0.6958955223880597
0 0.7817427385892116 0.3013059701492537 0.8116182572614108 0.3013059701492537 0.8116182572614108 0.333955223880597 0.7817427385892116 0.333955223880597
0 0.44066390041493775 0.3656716417910448 0.46887966804979253 0.3656716417910448 0.46887966804979253 0.39832089552238803 0.44066390041493775 0.39832089552238803
0 0.6688796680497925 0.4319029850746269 0.6970954356846473 0.4319029850746269 0.6970954356846473 0.46175373134328357 0.6688796680497925 0.46175373134328357
0 0.6705394190871369 0.6669776119402985 0.6962655601659751 0.6669776119402985 0.6962655601659751 0.6958955223880597 0.6705394190871369 0.6958955223880597
0 0.0987551867219917 0.43097014925373134 0.12697095435684647 0.43097014925373134 0.12697095435684647 0.46082089552238803 0.0987551867219917 0.46082089552238803
0 0.44066390041493775 0.4319029850746269 0.46804979253112033 0.4319029850746269 0.46804979253112033 0.46082089552238803 0.44066390041493775 0.46082089552238803
1 0.5618257261410788 0.9458955223880596 0.5759336099585062 0.9458955223880596 0.5759336099585062 0.9617537313432836 0.5618257261410788 0.9617537313432836
1 0.4481327800829875 0.9449626865671642 0.4622406639004149 0.9449626865671642 0.4622406639004149 0.9617537313432836 0.4481327800829875 0.9617537313432836
1 0.10373443983402489 0.5270522388059702 0.12199170124481327 0.5270522388059702 0.12199170124481327 0.5475746268656716 0.10373443983402489 0.5475746268656716
1 0.7900414937759336 0.9449626865671642 0.8033195020746888 0.9449626865671642 0.8033195020746888 0.960820895522388 0.7900414937759336 0.960820895522388
1 0.4481327800829875 0.03824626865671642 0.4622406639004149 0.03824626865671642 0.4622406639004149 0.054104477611940295 0.4481327800829875 0.054104477611940295
1 0.33278008298755185 0.44402985074626866 0.34854771784232363 0.44402985074626866 0.34854771784232363 0.46175373134328357 0.33278008298755185 0.46175373134328357
1 0.9037344398340249 0.9449626865671642 0.91701244813278 0.9449626865671642 0.91701244813278 0.9617537313432836 0.9037344398340249 0.9617537313432836
1 0.10622406639004149 0.9449626865671642 0.12033195020746888 0.9449626865671642 0.12033195020746888 0.9617537313432836 0.10622406639004149 0.9617537313432836
1 0.7892116182572614 0.03824626865671642 0.804149377593361 0.03824626865671642 0.804149377593361 0.054104477611940295 0.7892116182572614 0.054104477611940295
1 0.5618257261410788 0.03917910447761194 0.575103734439834 0.03917910447761194 0.575103734439834 0.054104477611940295 0.5618257261410788 0.054104477611940295
1 0.10622406639004149 0.03917910447761194 0.12033195020746888 0.03917910447761194 0.12033195020746888 0.054104477611940295 0.10622406639004149 0.054104477611940295
1 0.4473029045643153 0.5289179104477612 0.4630705394190871 0.5289179104477612 0.4630705394190871 0.5447761194029851 0.4473029045643153 0.5447761194029851
1 0.27717842323651454 0.6361940298507462 0.29128630705394193 0.6361940298507462 0.29128630705394193 0.6529850746268656 0.27717842323651454 0.6529850746268656
1 0.9037344398340249 0.03917910447761194 0.91701244813278 0.03917910447761194 0.91701244813278 0.054104477611940295 0.9037344398340249 0.054104477611940295
1 0.22074688796680497 0.38152985074626866 0.23319502074688797 0.38152985074626866 0.23319502074688797 0.39552238805970147 0.22074688796680497 0.39552238805970147
1 0.5618257261410788 0.49720149253731344 0.575103734439834 0.49720149253731344 0.575103734439834 0.5139925373134329 0.5618257261410788 0.5139925373134329
1 0.27717842323651454 0.9449626865671642 0.29128630705394193 0.9449626865671642 0.29128630705394193 0.9617537313432836 0.27717842323651454 0.9617537313432836
1 0.6755186721991701 0.9458955223880596 0.6896265560165975 0.9458955223880596 0.6896265560165975 0.9617537313432836 0.6755186721991701 0.9617537313432836
1 0.6746887966804979 0.3162313432835821 0.6896265560165975 0.3162313432835821 0.6896265560165975 0.33302238805970147 0.6746887966804979 0.33302238805970147
1 0.9029045643153527 0.49720149253731344 0.91701244813278 0.49720149253731344 0.91701244813278 0.5130597014925373 0.9029045643153527 0.5130597014925373
1 0.03983402489626556 0.9449626865671642 0.05394190871369294 0.9449626865671642 0.05394190871369294 0.9617537313432836 0.03983402489626556 0.9617537313432836
1 0.7892116182572614 0.6791044776119403 0.8033195020746888 0.6791044776119403 0.8033195020746888 0.6949626865671642 0.7892116182572614 0.6949626865671642
1 0.6755186721991701 0.03824626865671642 0.6896265560165975 0.03824626865671642 0.6896265560165975 0.054104477611940295 0.6755186721991701 0.054104477611940295
2 0.3526970954356846 0.5298507462686567 0.366804979253112 0.5298507462686567 0.366804979253112 0.5457089552238806 0.3526970954356846 0.5457089552238806
