0 0.39177101967799643 0.6619469026548672 0.4293381037567084 0.6619469026548672 0.4293381037567084 0.6973451327433628 0.39177101967799643 0.6973451327433628
2 0.6457960644007156 0.7292035398230088 0.669051878354204 0.7292035398230088 0.669051878354204 0.7522123893805309 0.6457960644007156 0.7522123893805309
2 0.334525939177102 0.8265486725663717 0.3559928443649374 0.8265486725663717 0.3559928443649374 0.8495575221238938 0.334525939177102 0.8495575221238938
2 0.1252236135957066 0.27256637168141595 0.1520572450805009 0.27256637168141595 0.1520572450805009 0.2991150442477876 0.1252236135957066 0.2991150442477876
2 0.2629695885509839 0.36106194690265486 0.28622540250447226 0.36106194690265486 0.28622540250447226 0.384070796460177 0.2629695885509839 0.384070796460177
2 0.2629695885509839 0.19469026548672566 0.28622540250447226 0.19469026548672566 0.28622540250447226 0.21769911504424777 0.2629695885509839 0.21769911504424777
2 0.1252236135957066 0.7557522123893805 0.1520572450805009 0.7557522123893805 0.1520572450805009 0.7823008849557522 0.1252236135957066 0.7823008849557522
2 0.6422182468694096 0.431858407079646 0.6708407871198568 0.431858407079646 0.6708407871198568 0.46017699115044247 0.6422182468694096 0.46017699115044247
2 0.3953488372093023 0.0743362831858407 0.42397137745974955 0.0743362831858407 0.42397137745974955 0.10088495575221239 0.3953488372093023 0.10088495575221239
2 0.1252236135957066 0.4389380530973451 0.1520572450805009 0.4389380530973451 0.1520572450805009 0.463716814159292 0.1252236135957066 0.463716814159292
2 0.5420393559928444 0.7292035398230088 0.5670840787119857 0.7292035398230088 0.5670840787119857 0.7522123893805309 0.5420393559928444 0.7522123893805309
