0 0.20348837209302326 0.47680890538033394 0.23255813953488372 0.47680890538033394 0.23255813953488372 0.5139146567717996 0.20348837209302326 0.5139146567717996
1 0.8473837209302325 0.4063079777365492 0.8837209302325582 0.4063079777365492 0.8837209302325582 0.45269016697588127 0.8473837209302325 0.45269016697588127
1 0.3372093023255814 0.47866419294990725 0.37209302325581395 0.47866419294990725 0.37209302325581395 0.5231910946196661 0.3372093023255814 0.5231910946196661
1 0.20203488372093023 0.24489795918367346 0.23837209302325582 0.24489795918367346 0.23837209302325582 0.29313543599257885 0.20203488372093023 0.29313543599257885
0 0.3386627906976744 0.2430426716141002 0.3691860465116279 0.2430426716141002 0.3691860465116279 0.2820037105751392 0.3386627906976744 0.2820037105751392
2 0.6627906976744186 0.5732838589981447 0.684593023255814 0.5732838589981447 0.684593023255814 0.601113172541744 0.6627906976744186 0.601113172541744
2 0.2747093023255814 0.7365491651205937 0.2965116279069767 0.7365491651205937 0.2965116279069767 0.7625231910946196 0.2747093023255814 0.7625231910946196
2 0.34156976744186046 0.575139146567718 0.3648255813953488 0.575139146567718 0.3648255813953488 0.6029684601113172 0.34156976744186046 0.6029684601113172
2 0.5479651162790697 0.3710575139146568 0.5712209302325582 0.3710575139146568 0.5712209302325582 0.4007421150278293 0.5479651162790697 0.4007421150278293
2 0.3895348837209302 0.25788497217068646 0.40988372093023256 0.25788497217068646 0.40988372093023256 0.28385899814471244 0.3895348837209302 0.28385899814471244
2 0.3895348837209302 0.37291280148423006 0.4113372093023256 0.37291280148423006 0.4113372093023256 0.39888682745825604 0.3895348837209302 0.39888682745825604
2 0.16279069767441862 0.3710575139146568 0.18604651162790697 0.3710575139146568 0.18604651162790697 0.4007421150278293 0.16279069767441862 0.4007421150278293
