2 0.6263565891472869 0.7201195219123506 0.6410852713178296 0.7201195219123506 0.6410852713178296 0.7390438247011952 0.6263565891472869 0.7390438247011952
1 0.15968992248062017 0.9432270916334662 0.17441860465116282 0.9432270916334662 0.17441860465116282 0.9621513944223108 0.15968992248062017 0.9621513944223108
1 0.06976744186046512 0.4033864541832669 0.08372093023255814 0.4033864541832669 0.08372093023255814 0.4213147410358566 0.06976744186046512 0.4213147410358566
1 0.5643410852713179 0.5806772908366534 0.5775193798449614 0.5806772908366534 0.5775193798449614 0.5976095617529881 0.5643410852713179 0.5976095617529881
1 0.224031007751938 0.5806772908366534 0.2364341085271318 0.5806772908366534 0.2364341085271318 0.5976095617529881 0.224031007751938 0.5976095617529881
1 0.537984496124031 0.7211155378486056 0.5503875968992248 0.7211155378486056 0.5503875968992248 0.7380478087649402 0.537984496124031 0.7380478087649402
1 0.448062015503876 0.7898406374501991 0.45968992248062013 0.7898406374501991 0.45968992248062013 0.8057768924302787 0.448062015503876 0.8057768924302787
1 0.8511627906976744 0.4940239043824701 0.8651162790697674 0.4940239043824701 0.8651162790697674 0.5109561752988048 0.8511627906976744 0.5109561752988048
1 0.448062015503876 0.1952191235059761 0.45968992248062013 0.1952191235059761 0.45968992248062013 0.21115537848605578 0.448062015503876 0.21115537848605578
1 0.3395348837209302 0.944223107569721 0.35271317829457366 0.944223107569721 0.35271317829457366 0.9611553784860557 0.3395348837209302 0.9611553784860557
1 0.6263565891472869 0.944223107569721 0.6395348837209304 0.944223107569721 0.6395348837209304 0.9611553784860557 0.6263565891472869 0.9611553784860557
1 0.44728682170542633 0.944223107569721 0.45968992248062013 0.944223107569721 0.45968992248062013 0.9601593625498007 0.44728682170542633 0.9601593625498007
1 0.851937984496124 0.944223107569721 0.8643410852713178 0.944223107569721 0.8643410852713178 0.9611553784860557 0.851937984496124 0.9611553784860557
2 0.6271317829457365 0.8635458167330676 0.6403100775193798 0.8635458167330676 0.6403100775193798 0.8794820717131473 0.6271317829457365 0.8794820717131473
1 0.44883720930232557 0.3336653386454183 0.45968992248062013 0.3336653386454183 0.45968992248062013 0.34860557768924305 0.44883720930232557 0.34860557768924305
1 0.15968992248062017 0.03884462151394422 0.1736434108527132 0.03884462151394422 0.1736434108527132 0.05776892430278884 0.15968992248062017 0.05776892430278884
2 0.6271317829457365 0.26195219123505975 0.6403100775193798 0.26195219123505975 0.6403100775193798 0.2798804780876494 0.6271317829457365 0.2798804780876494
1 0.537984496124031 0.2639442231075697 0.5496124031007752 0.2639442231075697 0.5496124031007752 0.2798804780876494 0.537984496124031 0.2798804780876494
1 0.537984496124031 0.8625498007968128 0.5511627906976744 0.8625498007968128 0.5511627906976744 0.8794820717131474 0.537984496124031 0.8794820717131474
1 0.7162790697674418 0.40438247011952183 0.7294573643410853 0.40438247011952183 0.7294573643410853 0.42031872509960155 0.7162790697674418 0.42031872509960155
1 0.6271317829457365 0.03884462151394422 0.6403100775193798 0.03884462151394422 0.6403100775193798 0.05677290836653386 0.6271317829457365 0.05677290836653386
1 0.851937984496124 0.03884462151394422 0.8651162790697674 0.03884462151394422 0.8651162790697674 0.05677290836653386 0.851937984496124 0.05677290836653386
1 0.3395348837209302 0.03884462151394422 0.35271317829457366 0.03884462151394422 0.35271317829457366 0.05677290836653386 0.3395348837209302 0.05677290836653386
1 0.44728682170542633 0.0398406374501992 0.45968992248062013 0.0398406374501992 0.45968992248062013 0.055776892430278883 0.44728682170542633 0.055776892430278883
2 0.15813953488372093 0.47310756972111556 0.17286821705426356 0.47310756972111556 0.17286821705426356 0.4910358565737052 0.15813953488372093 0.4910358565737052
2 0.6271317829457365 0.1205179282868526 0.6395348837209303 0.1205179282868526 0.6395348837209303 0.13745019920318724 0.6271317829457365 0.13745019920318724
2 0.6271317829457365 0.47410358565737054 0.6395348837209303 0.47410358565737054 0.6395348837209303 0.48904382470119523 0.6271317829457365 0.48904382470119523
0 0.38655986448310947 0.4844068098027609 0.4090404846381482 0.4844068098027609 0.4090404846381482 0.5132912719541552 0.38655986448310947 0.5132912719541552
1 0.16046511627906976 0.651394422310757 0.17519379844961241 0.651394422310757 0.17519379844961241 0.6693227091633466 0.16046511627906976 0.6693227091633466
1 0.6263565891472869 0.650398406374502 0.64031007751938 0.650398406374502 0.64031007751938 0.6693227091633466 0.6263565891472869 0.6693227091633466
1 0.44883720930232557 0.650398406374502 0.4604651162790698 0.650398406374502 0.4604651162790698 0.6683266932270916 0.44883720930232557 0.6683266932270916
1 0.5372093023255814 0.1205179282868526 0.5511627906976744 0.1205179282868526 0.5511627906976744 0.1394422310756972 0.5372093023255814 0.1394422310756972
