2 0.8232600732600733 0.26627218934911245 0.8415750915750917 0.26627218934911245 0.8415750915750917 0.2899408284023669 0.8232600732600733 0.2899408284023669
1 0.3663003663003663 0.26745562130177514 0.38278388278388276 0.26745562130177514 0.38278388278388276 0.28875739644970416 0.3663003663003663 0.28875739644970416
1 0.36721611721611724 0.05088757396449704 0.3827838827838828 0.05088757396449704 0.3827838827838828 0.07100591715976332 0.36721611721611724 0.07100591715976332
1 0.5082417582417582 0.6201183431952663 0.5247252747252747 0.6201183431952663 0.5247252747252747 0.6414201183431952 0.5082417582417582 0.6414201183431952
1 0.4249084249084249 0.9337278106508876 0.4413919413919414 0.9337278106508876 0.4413919413919414 0.9550295857988166 0.4249084249084249 0.9550295857988166
1 0.19413919413919417 0.30650887573964497 0.21153846153846156 0.30650887573964497 0.21153846153846156 0.3301775147928994 0.19413919413919417 0.3301775147928994
1 0.4249084249084249 0.6201183431952663 0.44047619047619047 0.6201183431952663 0.44047619047619047 0.6402366863905326 0.4249084249084249 0.6402366863905326
1 0.6538461538461539 0.05088757396449704 0.6694139194139194 0.05088757396449704 0.6694139194139194 0.07100591715976332 0.6538461538461539 0.07100591715976332
1 0.826007326007326 0.05088757396449704 0.8406593406593407 0.05088757396449704 0.8406593406593407 0.07100591715976332 0.826007326007326 0.07100591715976332
2 0.6520146520146519 0.26745562130177514 0.6703296703296703 0.26745562130177514 0.6703296703296703 0.28994082840236685 0.6520146520146519 0.28994082840236685
1 0.28113553113553114 0.9337278106508876 0.2976190476190476 0.9337278106508876 0.2976190476190476 0.9550295857988166 0.28113553113553114 0.9550295857988166
2 0.3663003663003663 0.30532544378698223 0.38461538461538464 0.30532544378698223 0.38461538461538464 0.3289940828402367 0.3663003663003663 0.3289940828402367
1 0.19505494505494508 0.05088757396449704 0.21062271062271065 0.05088757396449704 0.21062271062271065 0.07100591715976332 0.19505494505494508 0.07100591715976332
1 0.739010989010989 0.49467455621301776 0.7545787545787546 0.49467455621301776 0.7545787545787546 0.5136094674556213 0.739010989010989 0.5136094674556213
1 0.825091575091575 0.2331360946745562 0.8406593406593407 0.2331360946745562 0.8406593406593407 0.2532544378698225 0.825091575091575 0.2532544378698225
1 0.28205128205128205 0.49467455621301776 0.2967032967032967 0.49467455621301776 0.2967032967032967 0.5136094674556213 0.28205128205128205 0.5136094674556213
