0 0.8217821782178218 0.3723076923076923 0.84996191926885 0.3723076923076923 0.84996191926885 0.42615384615384616 0.8217821782178218 0.42615384615384616
0 0.8217821782178218 0.556923076923077 0.84996191926885 0.556923076923077 0.84996191926885 0.6123076923076923 0.8217821782178218 0.6123076923076923
1 0.8804265041888805 0.29384615384615387 0.8933739527798934 0.29384615384615387 0.8933739527798934 0.32 0.8804265041888805 0.32
1 0.7479055597867479 0.9138461538461539 0.7600913937547601 0.9138461538461539 0.7600913937547601 0.936923076923077 0.7479055597867479 0.936923076923077
1 0.8301599390708302 0.9138461538461539 0.8408225437928408 0.9138461538461539 0.8408225437928408 0.936923076923077 0.8301599390708302 0.936923076923077
1 0.6047220106626048 0.9123076923076923 0.6169078446306169 0.9123076923076923 0.6169078446306169 0.936923076923077 0.6047220106626048 0.936923076923077
1 0.7471439451637472 0.06769230769230769 0.7608530083777608 0.06769230769230769 0.7608530083777608 0.09230769230769231 0.7471439451637472 0.09230769230769231
1 0.5544554455445545 0.4 0.5658796648895659 0.4 0.5658796648895659 0.4230769230769231 0.5544554455445545 0.4230769230769231
1 0.8293983244478295 0.48923076923076925 0.8423457730388424 0.48923076923076925 0.8423457730388424 0.5153846153846153 0.8293983244478295 0.5153846153846153
1 0.6047220106626048 0.5815384615384616 0.6184310738766184 0.5815384615384616 0.6184310738766184 0.6092307692307692 0.6047220106626048 0.6092307692307692
1 0.6565118050266565 0.06923076923076923 0.6686976389946687 0.06923076923076923 0.6686976389946687 0.09230769230769231 0.6565118050266565 0.09230769230769231
1 0.4630616907844631 0.3984615384615385 0.4744859101294745 0.3984615384615385 0.4744859101294745 0.4230769230769231 0.4630616907844631 0.4230769230769231
1 0.02284843869002285 0.9123076923076923 0.03655750190403656 0.9123076923076923 0.03655750190403656 0.9384615384615385 0.02284843869002285 0.9384615384615385
1 0.5544554455445545 0.6861538461538461 0.5666412795125667 0.6861538461538461 0.5666412795125667 0.7107692307692308 0.5544554455445545 0.7107692307692308
1 0.07387661843107388 0.06923076923076923 0.08682406702208682 0.06923076923076923 0.08682406702208682 0.09230769230769231 0.07387661843107388 0.09230769230769231
1 0.12490479817212491 0.9107692307692308 0.13861386138613863 0.9107692307692308 0.13861386138613863 0.9384615384615385 0.12490479817212491 0.9384615384615385
1 0.12490479817212491 0.5615384615384615 0.13861386138613863 0.5615384615384615 0.13861386138613863 0.5892307692307692 0.12490479817212491 0.5892307692307692
1 0.2162985529322163 0.9123076923076923 0.23000761614623003 0.9123076923076923 0.23000761614623003 0.9384615384615385 0.2162985529322163 0.9384615384615385
1 0.21706016755521707 0.5615384615384615 0.23000761614623003 0.5615384615384615 0.23000761614623003 0.5892307692307692 0.21706016755521707 0.5892307692307692
2 0.5041888804265042 0.3984615384615385 0.5156130997715156 0.3984615384615385 0.5156130997715156 0.42153846153846153 0.5041888804265042 0.42153846153846153
1 0.8293983244478295 0.06769230769230769 0.8415841584158416 0.06769230769230769 0.8415841584158416 0.09230769230769231 0.8293983244478295 0.09230769230769231
1 0.07311500380807312 0.3953846153846154 0.08758568164508759 0.3953846153846154 0.08758568164508759 0.4230769230769231 0.07311500380807312 0.4230769230769231
1 0.4623000761614623 0.9123076923076923 0.4744859101294745 0.9123076923076923 0.4744859101294745 0.9384615384615385 0.4623000761614623 0.9384615384615385
1 0.5544554455445545 0.06923076923076923 0.5658796648895659 0.06923076923076923 0.5658796648895659 0.09230769230769231 0.5544554455445545 0.09230769230769231
1 0.4630616907844631 0.06923076923076923 0.4737242955064737 0.06923076923076923 0.4737242955064737 0.09230769230769231 0.4630616907844631 0.09230769230769231
1 0.12490479817212491 0.29384615384615387 0.13861386138613863 0.29384615384615387 0.13861386138613863 0.32 0.12490479817212491 0.32
1 0.8796648895658797 0.6846153846153846 0.8941355674028941 0.6846153846153846 0.8941355674028941 0.7107692307692308 0.8796648895658797 0.7107692307692308
1 0.8286367098248286 0.7646153846153846 0.8438690022848438 0.7646153846153846 0.8438690022848438 0.7953846153846154 0.8286367098248286 0.7953846153846154
1 0.1766945925361767 0.5615384615384615 0.18964204112718966 0.5615384615384615 0.18964204112718966 0.5892307692307692 0.1766945925361767 0.5892307692307692
1 0.7471439451637472 0.48923076923076925 0.7608530083777608 0.48923076923076925 0.7608530083777608 0.5153846153846153 0.7471439451637472 0.5153846153846153
1 0.8293983244478295 0.2123076923076923 0.8423457730388424 0.2123076923076923 0.8423457730388424 0.23846153846153847 0.8293983244478295 0.23846153846153847
1 0.7463823305407464 0.7646153846153846 0.7623762376237624 0.7646153846153846 0.7623762376237624 0.7953846153846154 0.7463823305407464 0.7953846153846154
