0 0.6518668012108981 0.7016574585635359 0.6831483350151363 0.7016574585635359 0.6831483350151363 0.7430939226519336 0.6518668012108981 0.7430939226519336
1 0.8133198789101918 0.7196132596685083 0.8314833501513623 0.7196132596685083 0.8314833501513623 0.7430939226519336 0.8133198789101918 0.7430939226519336
1 0.8123107971745711 0.649171270718232 0.8304742684157417 0.649171270718232 0.8304742684157417 0.675414364640884 0.8123107971745711 0.675414364640884
1 0.8123107971745711 0.05662983425414364 0.8304742684157417 0.05662983425414364 0.8304742684157417 0.08149171270718232 0.8123107971745711 0.08149171270718232
1 0.2623612512613522 0.05662983425414364 0.2795156407669021 0.05662983425414364 0.2795156407669021 0.08011049723756905 0.2623612512613522 0.08011049723756905
1 0.15640766902119072 0.9295580110497237 0.17457114026236126 0.9295580110497237 0.17457114026236126 0.9530386740331491 0.15640766902119072 0.9530386740331491
1 0.8123107971745711 0.9295580110497237 0.8304742684157417 0.9295580110497237 0.8304742684157417 0.9544198895027624 0.8123107971745711 0.9544198895027624
1 0.36528758829465185 0.718232044198895 0.384460141271443 0.718232044198895 0.384460141271443 0.744475138121547 0.36528758829465185 0.744475138121547
1 0.15640766902119072 0.5041436464088398 0.17356205852674067 0.5041436464088398 0.17356205852674067 0.5276243093922651 0.15640766902119072 0.5276243093922651
1 0.2623612512613522 0.2596685082872928 0.2795156407669021 0.2596685082872928 0.2795156407669021 0.2831491712707182 0.2623612512613522 0.2831491712707182
1 0.36528758829465185 0.47513812154696133 0.384460141271443 0.47513812154696133 0.384460141271443 0.5 0.36528758829465185 0.5
1 0.2623612512613522 0.8176795580110496 0.2785065590312815 0.8176795580110496 0.2785065590312815 0.8397790055248618 0.2623612512613522 0.8397790055248618
1 0.36730575176589303 0.9295580110497237 0.384460141271443 0.9295580110497237 0.384460141271443 0.9530386740331491 0.36730575176589303 0.9530386740331491
2 0.050454086781029264 0.5718232044198894 0.06760847628657922 0.5718232044198894 0.06760847628657922 0.5980662983425414 0.050454086781029264 0.5980662983425414
2 0.47124117053481335 0.5718232044198894 0.49041372351160445 0.5718232044198894 0.49041372351160445 0.5980662983425414 0.47124117053481335 0.5980662983425414
