0 0.27478042659974905 0.6483516483516484 0.30112923462986196 0.6483516483516484 0.30112923462986196 0.684981684981685 0.27478042659974905 0.684981684981685
1 0.7440401505646173 0.4542124542124542 0.7703889585947302 0.4542124542124542 0.7703889585947302 0.4926739926739927 0.7440401505646173 0.4926739926739927
0 0.39272271016311167 0.3791208791208791 0.4165621079046424 0.3791208791208791 0.4165621079046424 0.4139194139194139 0.39272271016311167 0.4139194139194139
2 0.27603513174404015 0.6153846153846154 0.29736511919698866 0.6153846153846154 0.29736511919698866 0.6465201465201466 0.27603513174404015 0.6465201465201466
0 0.5495608531994981 0.2087912087912088 0.5721455457967377 0.2087912087912088 0.5721455457967377 0.24175824175824176 0.5495608531994981 0.24175824175824176
2 0.2785445420326223 0.3882783882783883 0.2961104140526976 0.3882783882783883 0.2961104140526976 0.41208791208791207 0.2785445420326223 0.41208791208791207
2 0.2785445420326223 0.9029304029304029 0.2961104140526976 0.9029304029304029 0.2961104140526976 0.9285714285714286 0.2785445420326223 0.9285714285714286
2 0.5533249686323714 0.9047619047619048 0.5696361355081555 0.9047619047619048 0.5696361355081555 0.9285714285714286 0.5533249686323714 0.9285714285714286
2 0.3952321204516938 0.1043956043956044 0.4127979924717691 0.1043956043956044 0.4127979924717691 0.1282051282051282 0.3952321204516938 0.1282051282051282
2 0.8531994981179423 0.46153846153846156 0.8707653701380175 0.46153846153846156 0.8707653701380175 0.48534798534798534 0.8531994981179423 0.48534798534798534
2 0.5533249686323714 0.1043956043956044 0.5683814303638645 0.1043956043956044 0.5683814303638645 0.1282051282051282 0.5533249686323714 0.1282051282051282
2 0.6511919698870765 0.7893772893772893 0.6687578419071518 0.7893772893772893 0.6687578419071518 0.815018315018315 0.6511919698870765 0.815018315018315
2 0.3939774153074027 0.32967032967032966 0.4127979924717691 0.32967032967032966 0.4127979924717691 0.35714285714285715 0.3939774153074027 0.35714285714285715
2 0.4717691342534504 0.21245421245421245 0.49435382685069007 0.21245421245421245 0.49435382685069007 0.2454212454212454 0.4717691342534504 0.2454212454212454
2 0.5495608531994981 0.6153846153846154 0.5708908406524467 0.6153846153846154 0.5708908406524467 0.6446886446886447 0.5495608531994981 0.6446886446886447
2 0.1618569636135508 0.3882783882783883 0.18193224592220827 0.3882783882783883 0.18193224592220827 0.42124542124542125 0.1618569636135508 0.42124542124542125
