0 0.6041834271922767 0.4304123711340206 0.6162510056315366 0.4304123711340206 0.6162510056315366 0.4497422680412371 0.6041834271922767 0.4497422680412371
0 0.7385358004827031 0.4304123711340206 0.7506033789219629 0.4304123711340206 0.7506033789219629 0.4497422680412371 0.7385358004827031 0.4497422680412371
0 0.7964601769911503 0.3402061855670103 0.8077232502011262 0.3402061855670103 0.8077232502011262 0.3582474226804124 0.7964601769911503 0.3582474226804124
0 0.5470635559131134 0.42912371134020616 0.5599356395816573 0.42912371134020616 0.5599356395816573 0.4497422680412371 0.5470635559131134 0.4497422680412371
0 0.7956556717618664 0.42912371134020616 0.8077232502011262 0.42912371134020616 0.8077232502011262 0.4497422680412371 0.7956556717618664 0.4497422680412371
0 0.6041834271922767 0.3389175257731959 0.6170555108608206 0.3389175257731959 0.6170555108608206 0.3595360824742268 0.6041834271922767 0.3595360824742268
0 0.2413515687851971 0.125 0.252614641995173 0.125 0.252614641995173 0.14304123711340205 0.2413515687851971 0.14304123711340205
0 0.43201930812550277 0.42912371134020616 0.4456958970233306 0.42912371134020616 0.4456958970233306 0.45103092783505155 0.43201930812550277 0.45103092783505155
0 0.33628318584070793 0.42783505154639173 0.3491552695092518 0.42783505154639173 0.3491552695092518 0.4497422680412371 0.33628318584070793 0.4497422680412371
0 0.7377312952534191 0.3376288659793814 0.7514078841512469 0.3376288659793814 0.7514078841512469 0.3595360824742268 0.7377312952534191 0.3595360824742268
0 0.2968624296057924 0.42783505154639173 0.31134352373290425 0.42783505154639173 0.31134352373290425 0.4497422680412371 0.2968624296057924 0.4497422680412371
0 0.4312148028962188 0.3376288659793814 0.4456958970233306 0.3376288659793814 0.4456958970233306 0.3595360824742268 0.4312148028962188 0.3595360824742268
0 0.7956556717618664 0.5528350515463918 0.8093322606596942 0.5528350515463918 0.8093322606596942 0.5734536082474226 0.7956556717618664 0.5734536082474226
0 0.8535800482703138 0.3376288659793814 0.8664521319388575 0.3376288659793814 0.8664521319388575 0.3595360824742268 0.8535800482703138 0.3595360824742268
0 0.7385358004827031 0.2603092783505155 0.7514078841512469 0.2603092783505155 0.7514078841512469 0.2809278350515464 0.7385358004827031 0.2809278350515464
0 0.7956556717618664 0.2615979381443299 0.8085277554304102 0.2615979381443299 0.8085277554304102 0.27963917525773196 0.7956556717618664 0.27963917525773196
0 0.6991150442477876 0.336340206185567 0.7135961383748994 0.336340206185567 0.7135961383748994 0.3595360824742268 0.6991150442477876 0.3595360824742268
0 0.2405470635559131 0.7061855670103092 0.25341914722445696 0.7061855670103092 0.25341914722445696 0.7255154639175257 0.2405470635559131 0.7255154639175257
0 0.7377312952534191 0.5528350515463918 0.7522123893805309 0.5528350515463918 0.7522123893805309 0.5747422680412371 0.7377312952534191 0.5747422680412371
0 0.6999195494770716 0.42912371134020616 0.7135961383748994 0.42912371134020616 0.7135961383748994 0.45103092783505155 0.6999195494770716 0.45103092783505155
0 0.39420756234915527 0.4304123711340206 0.4070796460176991 0.4304123711340206 0.4070796460176991 0.4497422680412371 0.39420756234915527 0.4497422680412371
0 0.5462590506838294 0.3376288659793814 0.5599356395816573 0.3376288659793814 0.5599356395816573 0.3595360824742268 0.5462590506838294 0.3595360824742268
0 0.8141592920353982 0.7061855670103092 0.82864038616251 0.7061855670103092 0.82864038616251 0.7268041237113402 0.8141592920353982 0.7268041237113402
0 0.5076427996781979 0.336340206185567 0.5221238938053097 0.336340206185567 0.5221238938053097 0.3595360824742268 0.5076427996781979 0.3595360824742268
0 0.33628318584070793 0.336340206185567 0.3499597747385358 0.336340206185567 0.3499597747385358 0.3595360824742268 0.33628318584070793 0.3595360824742268
0 0.35559131134352373 0.7835051546391752 0.36765888978278355 0.7835051546391752 0.36765888978278355 0.8015463917525774 0.35559131134352373 0.8015463917525774
0 0.7385358004827031 0.7822164948453608 0.7514078841512469 0.7822164948453608 0.7514078841512469 0.8015463917525774 0.7385358004827031 0.8015463917525774
0 0.5470635559131134 0.7061855670103092 0.5599356395816573 0.7061855670103092 0.5599356395816573 0.7255154639175257 0.5470635559131134 0.7255154639175257
0 0.39420756234915527 0.3376288659793814 0.4070796460176991 0.3376288659793814 0.4070796460176991 0.3595360824742268 0.39420756234915527 0.3595360824742268
1 0.2397425583266291 0.6778350515463918 0.25502815768302495 0.6778350515463918 0.25502815768302495 0.7010309278350515 0.2397425583266291 0.7010309278350515
0 0.33628318584070793 0.5528350515463918 0.3499597747385358 0.5528350515463918 0.3499597747385358 0.5734536082474226 0.33628318584070793 0.5734536082474226
1 0.8921962992759452 0.7087628865979382 0.9058728881737731 0.7087628865979382 0.9058728881737731 0.7306701030927835 0.8921962992759452 0.7306701030927835
0 0.6049879324215607 0.7061855670103092 0.6170555108608206 0.7061855670103092 0.6170555108608206 0.7242268041237113 0.6049879324215607 0.7242268041237113
0 0.5848753016894609 0.21391752577319587 0.5985518905872887 0.21391752577319587 0.5985518905872887 0.23582474226804123 0.5848753016894609 0.23582474226804123
0 0.7763475462590507 0.7048969072164948 0.7908286403861624 0.7048969072164948 0.7908286403861624 0.7268041237113402 0.7763475462590507 0.7268041237113402
0 0.5478680611423974 0.2152061855670103 0.5591311343523733 0.2152061855670103 0.5591311343523733 0.23195876288659795 0.5478680611423974 0.23195876288659795
0 0.35559131134352373 0.7074742268041238 0.36765888978278355 0.7074742268041238 0.36765888978278355 0.7242268041237113 0.35559131134352373 0.7242268041237113
1 0.5092518101367659 0.4329896907216495 0.5213193885760257 0.4329896907216495 0.5213193885760257 0.4536082474226804 0.5092518101367659 0.4536082474226804
0 0.39420756234915527 0.5528350515463918 0.4070796460176991 0.5528350515463918 0.4070796460176991 0.5734536082474226 0.39420756234915527 0.5734536082474226
2 0.24215607401448108 0.634020618556701 0.251810136765889 0.634020618556701 0.251810136765889 0.6494845360824743 0.24215607401448108 0.6494845360824743
0 0.3169750603378922 0.7061855670103092 0.329847144006436 0.7061855670103092 0.329847144006436 0.7242268041237113 0.3169750603378922 0.7242268041237113
0 0.7385358004827031 0.7048969072164948 0.7522123893805309 0.7048969072164948 0.7522123893805309 0.7242268041237113 0.7385358004827031 0.7242268041237113
0 0.1255028157683025 0.3672680412371134 0.13837489943684633 0.3672680412371134 0.13837489943684633 0.38788659793814434 0.1255028157683025 0.38788659793814434
0 0.7763475462590507 0.7822164948453608 0.7900241351568784 0.7822164948453608 0.7900241351568784 0.8028350515463918 0.7763475462590507 0.8028350515463918
0 0.6999195494770716 0.2615979381443299 0.7127916331456154 0.2615979381443299 0.7127916331456154 0.2809278350515464 0.6999195494770716 0.2809278350515464
2 0.24215607401448108 0.49871134020618557 0.251810136765889 0.49871134020618557 0.251810136765889 0.5128865979381443 0.24215607401448108 0.5128865979381443
0 0.39420756234915527 0.7822164948453608 0.4062751407884151 0.7822164948453608 0.4062751407884151 0.8015463917525774 0.39420756234915527 0.8015463917525774
2 0.6057924376508447 0.7435567010309279 0.6146419951729686 0.7435567010309279 0.6146419951729686 0.7577319587628866 0.6057924376508447 0.7577319587628866
2 0.6065969428801287 0.9278350515463918 0.6154465004022526 0.9278350515463918 0.6154465004022526 0.9420103092783505 0.6065969428801287 0.9420103092783505
2 0.5872888173773129 0.12886597938144329 0.5969428801287208 0.12886597938144329 0.5969428801287208 0.14432989690721648 0.5872888173773129 0.14432989690721648
2 0.6065969428801287 0.3131443298969072 0.6154465004022526 0.3131443298969072 0.6154465004022526 0.3286082474226804 0.6065969428801287 0.3286082474226804
2 0.8930008045052292 0.6365979381443299 0.9034593724859211 0.6365979381443299 0.9034593724859211 0.6520618556701031 0.8930008045052292 0.6520618556701031
0 0.5092518101367659 0.7061855670103092 0.5213193885760257 0.7061855670103092 0.5213193885760257 0.7242268041237113 0.5092518101367659 0.7242268041237113
2 0.740949316170555 0.9265463917525772 0.749798873692679 0.9265463917525772 0.749798873692679 0.9407216494845361 0.740949316170555 0.9407216494845361
2 0.8930008045052292 0.49742268041237114 0.9026548672566371 0.49742268041237114 0.9026548672566371 0.5128865979381443 0.8930008045052292 0.5128865979381443
2 0.5494770716009654 0.9265463917525772 0.5583266291230893 0.9265463917525772 0.5583266291230893 0.9407216494845361 0.5494770716009654 0.9407216494845361
2 0.740144810941271 0.12886597938144329 0.749798873692679 0.12886597938144329 0.749798873692679 0.14432989690721648 0.740144810941271 0.14432989690721648
2 0.3386967015285599 0.06829896907216494 0.3475462590506838 0.06829896907216494 0.3475462590506838 0.08247422680412371 0.3386967015285599 0.08247422680412371
2 0.2992759452936444 0.3440721649484536 0.3081255028157683 0.3440721649484536 0.3081255028157683 0.3582474226804124 0.2992759452936444 0.3582474226804124
2 0.740949316170555 0.06829896907216494 0.749798873692679 0.06829896907216494 0.749798873692679 0.08247422680412371 0.740949316170555 0.08247422680412371
2 0.3958165728077232 0.12886597938144329 0.4054706355591311 0.12886597938144329 0.4054706355591311 0.14432989690721648 0.3958165728077232 0.14432989690721648
2 0.5486725663716814 0.7435567010309279 0.5583266291230893 0.7435567010309279 0.5583266291230893 0.7577319587628866 0.5486725663716814 0.7577319587628866
2 0.3580048270313757 0.7448453608247423 0.36604987932421557 0.7448453608247423 0.36604987932421557 0.7564432989690721 0.3580048270313757 0.7564432989690721
2 0.24296057924376507 0.06829896907216494 0.251810136765889 0.06829896907216494 0.251810136765889 0.08118556701030928 0.24296057924376507 0.08118556701030928
2 0.5100563153660499 0.7435567010309279 0.5197103781174577 0.7435567010309279 0.5197103781174577 0.7577319587628866 0.5100563153660499 0.7577319587628866
2 0.3580048270313757 0.9265463917525772 0.36685438455349956 0.9265463917525772 0.36685438455349956 0.9407216494845361 0.3580048270313757 0.9407216494845361
2 0.5486725663716814 0.1765463917525773 0.5575221238938053 0.1765463917525773 0.5575221238938053 0.18943298969072164 0.5486725663716814 0.18943298969072164
2 0.5880933226065969 0.06829896907216494 0.5969428801287208 0.06829896907216494 0.5969428801287208 0.08247422680412371 0.5880933226065969 0.08247422680412371
2 0.5486725663716814 0.8646907216494846 0.5591311343523733 0.8646907216494846 0.5591311343523733 0.8814432989690721 0.5486725663716814 0.8814432989690721
2 0.3966210780370072 0.9265463917525772 0.4054706355591311 0.9265463917525772 0.4054706355591311 0.9407216494845361 0.3966210780370072 0.9407216494845361
2 0.3572003218020917 0.865979381443299 0.36685438455349956 0.865979381443299 0.36685438455349956 0.8801546391752577 0.3572003218020917 0.8801546391752577
2 0.7795655671761866 0.9265463917525772 0.7892196299275945 0.9265463917525772 0.7892196299275945 0.9420103092783505 0.7795655671761866 0.9420103092783505
2 0.3185840707964602 0.7435567010309279 0.327433628318584 0.7435567010309279 0.327433628318584 0.7577319587628866 0.3185840707964602 0.7577319587628866
2 0.7787610619469026 0.8646907216494846 0.7900241351568784 0.8646907216494846 0.7900241351568784 0.8814432989690721 0.7787610619469026 0.8814432989690721
2 0.4730490748189863 0.9278350515463918 0.4810941271118262 0.9278350515463918 0.4810941271118262 0.9420103092783505 0.4730490748189863 0.9420103092783505
2 0.8930008045052292 0.3904639175257732 0.9018503620273531 0.3904639175257732 0.9018503620273531 0.40335051546391754 0.8930008045052292 0.40335051546391754
2 0.5108608205953339 0.9265463917525772 0.5197103781174577 0.9265463917525772 0.5197103781174577 0.9420103092783505 0.5108608205953339 0.9420103092783505
2 0.7980691874497183 0.06829896907216494 0.8069187449718422 0.06829896907216494 0.8069187449718422 0.08118556701030928 0.7980691874497183 0.08118556701030928
2 0.3966210780370072 0.06829896907216494 0.4054706355591311 0.06829896907216494 0.4054706355591311 0.08247422680412371 0.3966210780370072 0.08247422680412371
2 0.7015285599356396 0.7899484536082474 0.7111826226870475 0.7899484536082474 0.7111826226870475 0.8028350515463918 0.7015285599356396 0.8028350515463918
2 0.43443282381335474 0.5605670103092784 0.44328238133547865 0.5605670103092784 0.44328238133547865 0.5747422680412371 0.43443282381335474 0.5747422680412371
2 0.7023330651649236 0.9278350515463918 0.7111826226870475 0.9278350515463918 0.7111826226870475 0.9420103092783505 0.7023330651649236 0.9420103092783505
2 0.5494770716009654 0.06701030927835051 0.5583266291230893 0.06701030927835051 0.5583266291230893 0.08118556701030928 0.5494770716009654 0.08118556701030928
2 0.3386967015285599 0.5914948453608248 0.3467417538213998 0.5914948453608248 0.3467417538213998 0.6030927835051546 0.3386967015285599 0.6030927835051546
2 0.12791633145615447 0.4368556701030928 0.13596138374899436 0.4368556701030928 0.13596138374899436 0.4497422680412371 0.12791633145615447 0.4497422680412371
2 0.7015285599356396 0.5605670103092784 0.7111826226870475 0.5605670103092784 0.7111826226870475 0.5747422680412371 0.7015285599356396 0.5747422680412371
0 0.7023330651649236 0.7061855670103092 0.7135961383748994 0.7061855670103092 0.7135961383748994 0.7229381443298969 0.7023330651649236 0.7229381443298969
2 0.7980691874497183 0.5914948453608248 0.8061142397425582 0.5914948453608248 0.8061142397425582 0.6030927835051546 0.7980691874497183 0.6030927835051546
2 0.43443282381335474 0.7899484536082474 0.44328238133547865 0.7899484536082474 0.44328238133547865 0.8028350515463918 0.43443282381335474 0.8028350515463918
2 0.3748994368463395 0.7435567010309279 0.3837489943684634 0.7435567010309279 0.3837489943684634 0.7564432989690721 0.3748994368463395 0.7564432989690721
2 0.43443282381335474 0.06829896907216494 0.44328238133547865 0.06829896907216494 0.44328238133547865 0.08118556701030928 0.43443282381335474 0.08118556701030928
2 0.5100563153660499 0.06829896907216494 0.5189058728881737 0.06829896907216494 0.5189058728881737 0.08118556701030928 0.5100563153660499 0.08118556701030928
0 0.3934030571198713 0.7100515463917526 0.4078841512469831 0.7100515463917526 0.4078841512469831 0.7255154639175257 0.3934030571198713 0.7255154639175257
0 0.43201930812550277 0.711340206185567 0.4473049074818986 0.711340206185567 0.4473049074818986 0.7280927835051546 0.43201930812550277 0.7280927835051546
