1 0.18374558303886926 0.5858798735511064 0.2049469964664311 0.5858798735511064 0.2049469964664311 0.6048472075869337 0.18374558303886926 0.6048472075869337
1 0.3121319199057715 0.04531085353003162 0.3321554770318021 0.04531085353003162 0.3321554770318021 0.06322444678609063 0.3121319199057715 0.06322444678609063
1 0.5877502944640753 0.044257112750263436 0.6101295641931684 0.044257112750263436 0.6101295641931684 0.06322444678609063 0.5877502944640753 0.06322444678609063
1 0.7196702002355713 0.04531085353003162 0.7385159010600707 0.04531085353003162 0.7385159010600707 0.06217070600632245 0.7196702002355713 0.06217070600632245
1 0.18374558303886926 0.25922023182297155 0.2049469964664311 0.25922023182297155 0.2049469964664311 0.27713382507903056 0.18374558303886926 0.27713382507903056
1 0.18374558303886926 0.20864067439409906 0.2049469964664311 0.20864067439409906 0.2049469964664311 0.22655426765015807 0.18374558303886926 0.22655426765015807
1 0.3498233215547703 0.4394099051633298 0.37220259128386335 0.4394099051633298 0.37220259128386335 0.45837723919915696 0.3498233215547703 0.45837723919915696
1 0.44169611307420487 0.04531085353003162 0.4605418138987043 0.04531085353003162 0.4605418138987043 0.06217070600632245 0.44169611307420487 0.06217070600632245
1 0.8468786808009423 0.25922023182297155 0.866902237926973 0.25922023182297155 0.866902237926973 0.27713382507903056 0.8468786808009423 0.27713382507903056
1 0.8480565371024735 0.20864067439409906 0.866902237926973 0.20864067439409906 0.866902237926973 0.22550052687038988 0.8480565371024735 0.22550052687038988
2 0.8457008244994111 0.5858798735511064 0.866902237926973 0.5858798735511064 0.866902237926973 0.6048472075869337 0.8457008244994111 0.6048472075869337
1 0.5147232037691402 0.9009483667017913 0.5347467608951708 0.9009483667017913 0.5347467608951708 0.9188619599578504 0.5147232037691402 0.9188619599578504
1 0.6819787985865724 0.4394099051633298 0.702002355712603 0.4394099051633298 0.702002355712603 0.45837723919915696 0.6819787985865724 0.45837723919915696
2 0.5123819532489069 0.3888130968622101 0.5428808790375323 0.3888130968622101 0.5428808790375323 0.417462482946794 0.5123819532489069 0.417462482946794
