2 0.4487320837927233 0.38945233265720075 0.4652701212789416 0.38945233265720075 0.4652701212789416 0.41987829614604455 0.4487320837927233 0.41987829614604455
2 0.03528114663726571 0.6430020283975659 0.05181918412348401 0.6430020283975659 0.05181918412348401 0.6734279918864098 0.03528114663726571 0.6734279918864098
2 0.24145534729878718 0.07099391480730223 0.25909592061742004 0.07099391480730223 0.25909592061742004 0.10344827586206896 0.24145534729878718 0.10344827586206896
2 0.34619625137816984 0.8985801217038539 0.3616317530319736 0.8985801217038539 0.3616317530319736 0.9249492900608519 0.34619625137816984 0.9249492900608519
2 0.6549062844542448 0.896551724137931 0.6714443219404631 0.896551724137931 0.6714443219404631 0.9269776876267748 0.6549062844542448 0.9269776876267748
2 0.8621830209481807 0.5801217038539553 0.878721058434399 0.5801217038539553 0.878721058434399 0.6105476673427992 0.8621830209481807 0.6105476673427992
2 0.24145534729878718 0.3265720081135903 0.25909592061742004 0.3265720081135903 0.25909592061742004 0.35699797160243407 0.24145534729878718 0.35699797160243407
2 0.6549062844542448 0.07099391480730223 0.6725468577728776 0.07099391480730223 0.6725468577728776 0.10344827586206896 0.6549062844542448 0.10344827586206896
0 0.3439911797133407 0.6774847870182554 0.3649393605292172 0.6774847870182554 0.3649393605292172 0.713995943204868 0.3439911797133407 0.713995943204868
2 0.4476295479603087 0.06896551724137931 0.4663726571113561 0.06896551724137931 0.4663726571113561 0.10344827586206896 0.4476295479603087 0.10344827586206896
2 0.10363836824696802 0.768762677484787 0.12127894156560089 0.768762677484787 0.12127894156560089 0.8012170385395537 0.10363836824696802 0.8012170385395537
2 0.6538037486218302 0.32454361054766734 0.6736493936052922 0.32454361054766734 0.6736493936052922 0.359026369168357 0.6538037486218302 0.359026369168357
2 0.34509371554575524 0.19878296146044627 0.36163175303197354 0.19878296146044627 0.36163175303197354 0.2292089249492901 0.34509371554575524 0.2292089249492901
2 0.7574421168687983 0.06896551724137931 0.7761852260198456 0.06896551724137931 0.7761852260198456 0.10547667342799188 0.7574421168687983 0.10547667342799188
2 0.34509371554575524 0.6430020283975659 0.36163175303197354 0.6430020283975659 0.36163175303197354 0.6754563894523327 0.34509371554575524 0.6754563894523327
2 0.3748621830209482 0.7748478701825557 0.3869900771775083 0.7748478701825557 0.3869900771775083 0.7991886409736308 0.3748621830209482 0.7991886409736308
