1 0.48637015781922527 0.5215311004784688 0.5107604017216643 0.5215311004784688 0.5107604017216643 0.5430622009569378 0.48637015781922527 0.5430622009569378
1 0.48637015781922527 0.715311004784689 0.5107604017216643 0.715311004784689 0.5107604017216643 0.735645933014354 0.48637015781922527 0.735645933014354
1 0.14490674318507893 0.15550239234449761 0.16929698708751795 0.15550239234449761 0.16929698708751795 0.17583732057416268 0.14490674318507893 0.17583732057416268
1 0.3070301291248207 0.04784688995215311 0.3314203730272597 0.04784688995215311 0.3314203730272597 0.06818181818181818 0.3070301291248207 0.06818181818181818
1 0.30559540889526543 0.41148325358851673 0.33285509325681495 0.41148325358851673 0.33285509325681495 0.43421052631578944 0.30559540889526543 0.43421052631578944
1 0.6685796269727403 0.04784688995215311 0.6929698708751794 0.04784688995215311 0.6929698708751794 0.06818181818181818 0.6685796269727403 0.06818181818181818
1 0.48637015781922527 0.3026315789473684 0.5107604017216643 0.3026315789473684 0.5107604017216643 0.32296650717703346 0.48637015781922527 0.32296650717703346
1 0.6671449067431852 0.41267942583732053 0.6929698708751794 0.41267942583732053 0.6929698708751794 0.43301435406698563 0.6671449067431852 0.43301435406698563
2 0.06312769010043041 0.12679425837320574 0.08751793400286945 0.12679425837320574 0.08751793400286945 0.14593301435406697 0.06312769010043041 0.14593301435406697
2 0.48780487804878053 0.26674641148325356 0.5078909612625538 0.26674641148325356 0.5078909612625538 0.2834928229665072 0.48780487804878053 0.2834928229665072
2 0.48780487804878053 0.48684210526315785 0.5078909612625538 0.48684210526315785 0.5078909612625538 0.5011961722488039 0.48780487804878053 0.5011961722488039
0 0.296987087517934 0.20095693779904306 0.34146341463414637 0.20095693779904306 0.34146341463414637 0.23564593301435405 0.296987087517934 0.23564593301435405
