1 0.12025316455696203 0.9044684129429893 0.14303797468354432 0.9044684129429893 0.14303797468354432 0.9306625577812019 0.12025316455696203 0.9306625577812019
1 0.5139240506329114 0.06933744221879816 0.5354430379746835 0.06933744221879816 0.5354430379746835 0.09707241910631742 0.5139240506329114 0.09707241910631742
1 0.7025316455696202 0.9029275808936826 0.7253164556962025 0.9029275808936826 0.7253164556962025 0.9306625577812019 0.7025316455696202 0.9306625577812019
1 0.21518987341772153 0.9044684129429893 0.23670886075949368 0.9044684129429893 0.23670886075949368 0.9306625577812019 0.21518987341772153 0.9306625577812019
1 0.7025316455696202 0.06933744221879816 0.7253164556962025 0.06933744221879816 0.7253164556962025 0.09861325115562404 0.7025316455696202 0.09861325115562404
1 0.6265822784810127 0.9029275808936826 0.6481012658227848 0.9029275808936826 0.6481012658227848 0.9306625577812019 0.6265822784810127 0.9306625577812019
1 0.1189873417721519 0.588597842835131 0.14303797468354432 0.588597842835131 0.14303797468354432 0.6163328197226503 0.1189873417721519 0.6163328197226503
1 0.7582278481012659 0.9044684129429893 0.779746835443038 0.9044684129429893 0.779746835443038 0.9306625577812019 0.7582278481012659 0.9306625577812019
1 0.7037974683544304 0.4098613251155624 0.7265822784810126 0.4098613251155624 0.7265822784810126 0.4375963020030817 0.7037974683544304 0.4375963020030817
1 0.7025316455696202 0.7349768875192604 0.7265822784810126 0.7349768875192604 0.7265822784810126 0.7642526964560863 0.7025316455696202 0.7642526964560863
1 0.5253164556962026 0.9029275808936826 0.5481012658227848 0.9029275808936826 0.5481012658227848 0.9306625577812019 0.5253164556962026 0.9306625577812019
1 0.30253164556962026 0.9029275808936826 0.3240506329113924 0.9029275808936826 0.3240506329113924 0.9306625577812019 0.30253164556962026 0.9306625577812019
1 0.3924050632911392 0.07087827426810478 0.4151898734177215 0.07087827426810478 0.4151898734177215 0.09707241910631742 0.3924050632911392 0.09707241910631742
1 0.4607594936708861 0.9029275808936826 0.48227848101265824 0.9029275808936826 0.48227848101265824 0.9306625577812019 0.4607594936708861 0.9306625577812019
1 0.5582278481012658 0.9029275808936826 0.5810126582278481 0.9029275808936826 0.5810126582278481 0.9306625577812019 0.5582278481012658 0.9306625577812019
1 0.38734177215189874 0.48073959938366717 0.4126582278481013 0.48073959938366717 0.4126582278481013 0.5115562403697997 0.38734177215189874 0.5115562403697997
1 0.5481012658227848 0.19414483821263484 0.5734177215189874 0.19414483821263484 0.5734177215189874 0.22342064714946072 0.5481012658227848 0.22342064714946072
1 0.8835443037974684 0.5701078582434514 0.9063291139240507 0.5701078582434514 0.9063291139240507 0.5978428351309707 0.8835443037974684 0.5978428351309707
1 0.7025316455696202 0.49768875192604006 0.7253164556962025 0.49768875192604006 0.7253164556962025 0.5254237288135594 0.7025316455696202 0.5254237288135594
1 0.359493670886076 0.9029275808936826 0.3822784810126582 0.9029275808936826 0.3822784810126582 0.9306625577812019 0.359493670886076 0.9306625577812019
0 0.04050632911392405 0.7087827426810478 0.07721518987341772 0.7087827426810478 0.07721518987341772 0.7642526964560863 0.04050632911392405 0.7642526964560863
1 0.39113924050632914 0.4067796610169492 0.4151898734177215 0.4067796610169492 0.4151898734177215 0.43605546995377503 0.39113924050632914 0.43605546995377503
1 0.8835443037974684 0.3559322033898305 0.9063291139240507 0.3559322033898305 0.9063291139240507 0.3836671802773498 0.8835443037974684 0.3836671802773498
1 0.3848101265822785 0.7673343605546996 0.40759493670886077 0.7673343605546996 0.40759493670886077 0.7935285053929122 0.3848101265822785 0.7935285053929122
1 0.45949367088607596 0.19414483821263484 0.48227848101265824 0.19414483821263484 0.48227848101265824 0.2218798151001541 0.45949367088607596 0.2218798151001541
1 0.38354430379746834 0.7426810477657936 0.4050632911392405 0.7426810477657936 0.4050632911392405 0.7704160246533128 0.38354430379746834 0.7704160246533128
2 0.4139240506329114 0.9075500770416025 0.4316455696202532 0.9075500770416025 0.4316455696202532 0.9275808936825887 0.4139240506329114 0.9275808936825887
2 0.3949367088607595 0.29892141756548535 0.4126582278481013 0.29892141756548535 0.4126582278481013 0.3204930662557781 0.3949367088607595 0.3204930662557781
2 0.5164556962025316 0.046224961479198766 0.5341772151898734 0.046224961479198766 0.5341772151898734 0.06779661016949153 0.5164556962025316 0.06779661016949153
2 0.3632911392405063 0.7473035439137135 0.37848101265822787 0.7473035439137135 0.37848101265822787 0.7642526964560863 0.3632911392405063 0.7642526964560863
1 0.39113924050632914 0.5993836671802774 0.4139240506329114 0.5993836671802774 0.4139240506329114 0.6271186440677966 0.39113924050632914 0.6271186440677966
