0 0.4294865609099534 0.26994085927612443 0.44455029208028946 0.26994085927612443 0.44455029208028946 0.29259458095897234 0.4294865609099534 0.29259458095897234
1 0.3787062005013267 0.27222520477179185 0.39376993167166274 0.27222520477179185 0.39376993167166274 0.29487892645463976 0.3787062005013267 0.29487892645463976
1 0.4290094745642727 0.35056133020273433 0.44407320573460873 0.35056133020273433 0.44407320573460873 0.37321505188558224 0.4290094745642727 0.37321505188558224
1 0.547883489029716 0.27355764980843406 0.562947220200052 0.27355764980843406 0.562947220200052 0.29621137149128196 0.547883489029716 0.29621137149128196
0 0.7323290845886443 0.2686084142394822 0.7485515643105446 0.2686084142394822 0.7485515643105446 0.2912621359223301 0.7323290845886443 0.2912621359223301
2 0.19119351100811122 0.1553398058252427 0.20393974507531862 0.1553398058252427 0.20393974507531862 0.1715210355987055 0.19119351100811122 0.1715210355987055
1 0.1196236112966018 0.6709496797172974 0.13468734246693784 0.6709496797172974 0.13468734246693784 0.6936034014001452 0.1196236112966018 0.6936034014001452
0 0.4275782155272306 0.41585760517799353 0.44380069524913096 0.41585760517799353 0.44380069524913096 0.4368932038834951 0.4275782155272306 0.4368932038834951
1 0.59675550405562 0.5210355987055016 0.6141367323290846 0.5210355987055016 0.6141367323290846 0.5453074433656958 0.59675550405562 0.5453074433656958
0 0.19078435928770549 0.27127330431276664 0.2058480904580415 0.27127330431276664 0.2058480904580415 0.2923089030182683 0.19078435928770549 0.2923089030182683
1 0.2954808806488992 0.6456310679611651 0.31170336037079954 0.6456310679611651 0.31170336037079954 0.668284789644013 0.2954808806488992 0.668284789644013
0 0.4275782155272306 0.5194174757281553 0.44380069524913096 0.5194174757281553 0.44380069524913096 0.5420711974110033 0.4275782155272306 0.5420711974110033
0 0.5986638494383427 0.26994085927612443 0.614886329160243 0.26994085927612443 0.614886329160243 0.29259458095897234 0.5986638494383427 0.29259458095897234
2 0.8238702201622248 0.8122977346278317 0.8366164542294322 0.8122977346278317 0.8366164542294322 0.8300970873786407 0.8238702201622248 0.8300970873786407
1 0.20509849362688296 0.8090614886731392 0.2213209733487833 0.8090614886731392 0.2213209733487833 0.8317152103559873 0.20509849362688296 0.8317152103559873
1 0.7323290845886443 0.4174757281553398 0.7497103128621089 0.4174757281553398 0.7497103128621089 0.441747572815534 0.7323290845886443 0.441747572815534
1 0.4795173244874216 0.273177105230817 0.4945810556577577 0.273177105230817 0.4945810556577577 0.2942127039363186 0.4795173244874216 0.2942127039363186
1 0.6825028968713789 0.27289142729011295 0.6987253765932793 0.27289142729011295 0.6987253765932793 0.29554514897296086 0.6825028968713789 0.29554514897296086
1 0.8690614136732329 0.4190938511326861 0.8864426419466975 0.4190938511326861 0.8864426419466975 0.441747572815534 0.8690614136732329 0.441747572815534
0 0.11819235225955968 0.5194174757281553 0.1332560834298957 0.5194174757281553 0.1332560834298957 0.5420711974110033 0.11819235225955968 0.5420711974110033
2 0.6002317497103129 0.813915857605178 0.6106604866743917 0.813915857605178 0.6106604866743917 0.8284789644012945 0.6002317497103129 0.8284789644012945
2 0.19119351100811122 0.11650485436893204 0.20393974507531862 0.11650485436893204 0.20393974507531862 0.13592233009708737 0.19119351100811122 0.13592233009708737
2 0.5990730011587485 0.1553398058252427 0.6106604866743917 0.1553398058252427 0.6106604866743917 0.1715210355987055 0.5990730011587485 0.1715210355987055
2 0.4298957126303592 0.813915857605178 0.44148319814600234 0.813915857605178 0.44148319814600234 0.8284789644012945 0.4298957126303592 0.8284789644012945
2 0.7346465816917729 0.8122977346278317 0.7473928157589803 0.8122977346278317 0.7473928157589803 0.8284789644012945 0.7346465816917729 0.8284789644012945
2 0.6882966396292005 0.8122977346278317 0.7010428736964078 0.8122977346278317 0.7010428736964078 0.8300970873786407 0.6882966396292005 0.8300970873786407
1 0.16924522315366425 0.7395770672841623 0.1843089543240003 0.7395770672841623 0.1843089543240003 0.7606126659896639 0.16924522315366425 0.7606126659896639
2 0.4298957126303592 0.1553398058252427 0.44148319814600234 0.1553398058252427 0.44148319814600234 0.1715210355987055 0.4298957126303592 0.1715210355987055
2 0.19235225955967553 0.3284789644012945 0.2027809965237543 0.3284789644012945 0.2027809965237543 0.343042071197411 0.19235225955967553 0.343042071197411
2 0.29779837775202783 0.813915857605178 0.3093858632676709 0.813915857605178 0.3093858632676709 0.8284789644012945 0.29779837775202783 0.8284789644012945
0 0.2954808806488992 0.5194174757281553 0.3105446118192352 0.5194174757281553 0.3105446118192352 0.5420711974110033 0.2954808806488992 0.5420711974110033
2 0.7346465816917729 0.156957928802589 0.746234067207416 0.156957928802589 0.746234067207416 0.1715210355987055 0.7346465816917729 0.1715210355987055
2 0.5538818076477404 0.813915857605178 0.5643105446118193 0.813915857605178 0.5643105446118193 0.8284789644012945 0.5538818076477404 0.8284789644012945
0 0.59675550405562 0.41585760517799353 0.6129779837775203 0.41585760517799353 0.6129779837775203 0.4368932038834951 0.59675550405562 0.4368932038834951
