1 0.4899135446685879 0.5384615384615384 0.5115273775216138 0.5384615384615384 0.5115273775216138 0.5604395604395604 0.4899135446685879 0.5604395604395604
1 0.4931889787211983 0.19104793559918715 0.5119209671938207 0.19104793559918715 0.5119209671938207 0.2114560988644933 0.4931889787211983 0.2114560988644933
1 0.138328530259366 0.7551020408163265 0.15850144092219023 0.7551020408163265 0.15850144092219023 0.7786499215070642 0.138328530259366 0.7786499215070642
1 0.2579250720461095 0.5368916797488226 0.27809798270893366 0.5368916797488226 0.27809798270893366 0.5604395604395604 0.2579250720461095 0.5604395604395604
1 0.7060518731988472 0.5368916797488226 0.7276657060518731 0.5368916797488226 0.7276657060518731 0.5604395604395604 0.7060518731988472 0.5604395604395604
1 0.707492795389049 0.18838304552590268 0.7276657060518732 0.18838304552590268 0.7276657060518732 0.2103610675039247 0.707492795389049 0.2103610675039247
1 0.2579250720461095 0.18838304552590268 0.27809798270893366 0.18838304552590268 0.27809798270893366 0.2103610675039247 0.2579250720461095 0.2103610675039247
1 0.49135446685878964 0.6766091051805337 0.5115273775216138 0.6766091051805337 0.5115273775216138 0.6985871271585558 0.49135446685878964 0.6985871271585558
1 0.8270893371757925 0.7551020408163265 0.8487031700288185 0.7551020408163265 0.8487031700288185 0.7786499215070642 0.8270893371757925 0.7786499215070642
1 0.49135446685878964 0.8006279434850864 0.5100864553314121 0.8006279434850864 0.5100864553314121 0.8210361067503925 0.49135446685878964 0.8210361067503925
1 0.49135446685878964 0.9560439560439561 0.5115273775216138 0.9560439560439561 0.5115273775216138 0.978021978021978 0.49135446685878964 0.978021978021978
2 0.49462990091140013 0.1782516522213867 0.5090391228134175 0.1782516522213867 0.5090391228134175 0.1923803806358294 0.49462990091140013 0.1923803806358294
