0 0.2885714285714286 0.2153179190751445 0.30857142857142855 0.2153179190751445 0.30857142857142855 0.24421965317919073 0.2885714285714286 0.24421965317919073
1 0.08 0.6546242774566474 0.09523809523809523 0.6546242774566474 0.09523809523809523 0.676300578034682 0.08 0.676300578034682
1 0.2895238095238095 0.17630057803468208 0.3057142857142857 0.17630057803468208 0.3057142857142857 0.20086705202312138 0.2895238095238095 0.20086705202312138
1 0.379047619047619 0.926300578034682 0.3942857142857143 0.926300578034682 0.3942857142857143 0.9479768786127167 0.379047619047619 0.9479768786127167
1 0.08095238095238096 0.926300578034682 0.09523809523809523 0.926300578034682 0.09523809523809523 0.9479768786127167 0.08095238095238096 0.9479768786127167
1 0.379047619047619 0.653179190751445 0.3942857142857143 0.653179190751445 0.3942857142857143 0.676300578034682 0.379047619047619 0.676300578034682
1 0.2219047619047619 0.926300578034682 0.23714285714285716 0.926300578034682 0.23714285714285716 0.9479768786127167 0.2219047619047619 0.9479768786127167
1 0.22285714285714286 0.722543352601156 0.23714285714285716 0.722543352601156 0.23714285714285716 0.7442196531791907 0.22285714285714286 0.7442196531791907
1 0.7971428571428572 0.4508670520231214 0.8114285714285714 0.4508670520231214 0.8114285714285714 0.4710982658959537 0.7971428571428572 0.4710982658959537
1 0.005714285714285714 0.926300578034682 0.02095238095238095 0.926300578034682 0.02095238095238095 0.9479768786127167 0.005714285714285714 0.9479768786127167
1 0.7961904761904762 0.5057803468208092 0.8114285714285714 0.5057803468208092 0.8114285714285714 0.5289017341040462 0.7961904761904762 0.5289017341040462
1 0.5876190476190476 0.926300578034682 0.6028571428571429 0.926300578034682 0.6028571428571429 0.9479768786127167 0.5876190476190476 0.9479768786127167
1 0.379047619047619 0.8020231213872832 0.3942857142857143 0.8020231213872832 0.3942857142857143 0.8236994219653179 0.379047619047619 0.8236994219653179
1 0.5285714285714286 0.926300578034682 0.5428571428571428 0.926300578034682 0.5428571428571428 0.9479768786127167 0.5285714285714286 0.9479768786127167
1 0.6628571428571428 0.926300578034682 0.6771428571428572 0.926300578034682 0.6771428571428572 0.949421965317919 0.6628571428571428 0.949421965317919
1 0.6628571428571428 0.4508670520231214 0.6771428571428572 0.4508670520231214 0.6771428571428572 0.4710982658959537 0.6628571428571428 0.4710982658959537
1 0.15428571428571428 0.22254335260115607 0.17047619047619048 0.22254335260115607 0.17047619047619048 0.24421965317919073 0.15428571428571428 0.24421965317919073
1 0.8352380952380952 0.44942196531791906 0.8495238095238096 0.44942196531791906 0.8495238095238096 0.47254335260115604 0.8352380952380952 0.47254335260115604
1 0.8342857142857143 0.926300578034682 0.8495238095238096 0.926300578034682 0.8495238095238096 0.9479768786127167 0.8342857142857143 0.9479768786127167
1 0.2895238095238095 0.02023121387283237 0.3038095238095238 0.02023121387283237 0.3038095238095238 0.04046242774566474 0.2895238095238095 0.04046242774566474
1 0.8342857142857143 0.6083815028901733 0.8485714285714285 0.6083815028901733 0.8485714285714285 0.6315028901734103 0.8342857142857143 0.6315028901734103
1 0.15523809523809523 0.018786127167630055 0.16952380952380952 0.018786127167630055 0.16952380952380952 0.03901734104046243 0.15523809523809523 0.03901734104046243
1 0.23333333333333334 0.08815028901734104 0.24666666666666667 0.08815028901734104 0.24666666666666667 0.10982658959537572 0.23333333333333334 0.10982658959537572
1 0.5447619047619048 0.02023121387283237 0.5580952380952381 0.02023121387283237 0.5580952380952381 0.03901734104046243 0.5447619047619048 0.03901734104046243
1 0.38 0.02023121387283237 0.3923809523809524 0.02023121387283237 0.3923809523809524 0.03901734104046243 0.38 0.03901734104046243
1 0.5438095238095239 0.22254335260115607 0.5580952380952381 0.22254335260115607 0.5580952380952381 0.24277456647398843 0.5438095238095239 0.24277456647398843
1 0.6638095238095238 0.02167630057803468 0.6761904761904762 0.02167630057803468 0.6761904761904762 0.03901734104046243 0.6638095238095238 0.03901734104046243
1 0.9771428571428571 0.6098265895953757 0.9904761904761905 0.6098265895953757 0.9904761904761905 0.6315028901734103 0.9771428571428571 0.6315028901734103
1 0.8352380952380952 0.02023121387283237 0.8485714285714285 0.02023121387283237 0.8485714285714285 0.03901734104046243 0.8352380952380952 0.03901734104046243
