1 0.2642777155655095 0.2835820895522388 0.2777155655095185 0.2835820895522388 0.2777155655095185 0.3034825870646766 0.2642777155655095 0.3034825870646766
1 0.5621500559910414 0.6268656716417911 0.5778275475923852 0.6268656716417911 0.5778275475923852 0.6500829187396352 0.5621500559910414 0.6500829187396352
1 0.25643896976483765 0.8640132669983417 0.2698768197088466 0.8640132669983417 0.2698768197088466 0.8855721393034827 0.25643896976483765 0.8855721393034827
1 0.5621500559910414 0.714759535655058 0.5789473684210527 0.714759535655058 0.5789473684210527 0.7396351575456053 0.5621500559910414 0.7396351575456053
1 0.25643896976483765 0.6782752902155887 0.2698768197088466 0.6782752902155887 0.2698768197088466 0.6965174129353234 0.25643896976483765 0.6965174129353234
0 0.1948488241881299 0.2802653399668325 0.21052631578947367 0.2802653399668325 0.21052631578947367 0.3150912106135987 0.1948488241881299 0.3150912106135987
1 0.08734602463605823 0.7661691542288558 0.10078387458006718 0.7661691542288558 0.10078387458006718 0.7877280265339967 0.08734602463605823 0.7877280265339967
1 0.6338185890257558 0.3598673300165838 0.6517357222844345 0.3598673300165838 0.6517357222844345 0.3864013266998342 0.6338185890257558 0.3864013266998342
1 0.8723404255319149 0.8142620232172472 0.8891377379619261 0.8142620232172472 0.8891377379619261 0.8391376451077944 0.8723404255319149 0.8391376451077944
1 0.3896976483762598 0.7661691542288558 0.4042553191489362 0.7661691542288558 0.4042553191489362 0.7877280265339967 0.3896976483762598 0.7877280265339967
1 0.2026875699888018 0.44112769485903813 0.21612541993281076 0.44112769485903813 0.21612541993281076 0.46102819237147596 0.2026875699888018 0.46102819237147596
1 0.10862262038073908 0.3880597014925373 0.12206047032474804 0.3880597014925373 0.12206047032474804 0.40796019900497515 0.10862262038073908 0.40796019900497515
2 0.3706606942889138 0.5091210613598673 0.3818589025755879 0.5091210613598673 0.3818589025755879 0.527363184079602 0.3706606942889138 0.527363184079602
1 0.4490481522956327 0.3615257048092869 0.4658454647256439 0.3615257048092869 0.4658454647256439 0.38474295190713104 0.4490481522956327 0.38474295190713104
1 0.8096304591265397 0.5406301824212272 0.8275475923852184 0.5406301824212272 0.8275475923852184 0.5688225538971807 0.8096304591265397 0.5688225538971807
1 0.1937290033594625 0.13101160862354894 0.20604703247480402 0.13101160862354894 0.20604703247480402 0.1492537313432836 0.1937290033594625 0.1492537313432836
1 0.8723404255319149 0.7048092868988391 0.8880179171332587 0.7048092868988391 0.8880179171332587 0.7280265339966833 0.8723404255319149 0.7280265339966833
2 0.7491601343784995 0.5472636815920399 0.761478163493841 0.5472636815920399 0.761478163493841 0.5638474295190713 0.7491601343784995 0.5638474295190713
1 0.8734602463605823 0.7296849087893864 0.8880179171332587 0.7296849087893864 0.8880179171332587 0.7512437810945274 0.8734602463605823 0.7512437810945274
2 0.4143337066069429 0.36650082918739635 0.4232922732362822 0.36650082918739635 0.4232922732362822 0.3814262023217247 0.4143337066069429 0.3814262023217247
2 0.3908174692049272 0.867330016583748 0.40201567749160133 0.867330016583748 0.40201567749160133 0.8822553897180763 0.3908174692049272 0.8822553897180763
2 0.3706606942889138 0.36650082918739635 0.3818589025755879 0.36650082918739635 0.3818589025755879 0.3814262023217247 0.3706606942889138 0.3814262023217247
2 0.8734602463605823 0.603648424543947 0.8857782754759238 0.603648424543947 0.8857782754759238 0.6218905472636816 0.8734602463605823 0.6218905472636816
2 0.08846584546472565 0.867330016583748 0.09966405375139978 0.867330016583748 0.09966405375139978 0.8839137645107794 0.08846584546472565 0.8839137645107794
1 0.6338185890257558 0.7131011608623549 0.6517357222844345 0.7131011608623549 0.6517357222844345 0.7396351575456053 0.6338185890257558 0.7396351575456053
2 0.8141097424412094 0.26865671641791045 0.826427771556551 0.26865671641791045 0.826427771556551 0.285240464344942 0.8141097424412094 0.285240464344942
1 0.8734602463605823 0.9121061359867331 0.8891377379619261 0.9121061359867331 0.8891377379619261 0.9369817578772803 0.8734602463605823 0.9369817578772803
0 0.44680851063829785 0.7611940298507462 0.4669652855543113 0.7611940298507462 0.4669652855543113 0.7943615257048093 0.44680851063829785 0.7943615257048093
0 0.4501679731243001 0.19071310116086235 0.46808510638297873 0.19071310116086235 0.46808510638297873 0.23217247097844113 0.4501679731243001 0.23217247097844113
0 0.027995520716685332 0.7562189054726368 0.04591265397536394 0.7562189054726368 0.04591265397536394 0.7976782752902156 0.027995520716685332 0.7976782752902156
