1 0.35413416536661463 0.2769607843137255 0.3806552262090483 0.2769607843137255 0.3806552262090483 0.31862745098039214 0.35413416536661463 0.31862745098039214
1 0.656786271450858 0.2769607843137255 0.6848673946957878 0.2769607843137255 0.6848673946957878 0.31862745098039214 0.656786271450858 0.31862745098039214
1 0.2574102964118565 0.6691176470588235 0.2839313572542902 0.6691176470588235 0.2839313572542902 0.7083333333333334 0.2574102964118565 0.7083333333333334
1 0.6583463338533542 0.10294117647058823 0.6833073322932918 0.10294117647058823 0.6833073322932918 0.14460784313725492 0.6583463338533542 0.14460784313725492
1 0.35257410296411856 0.10294117647058823 0.38065522620904835 0.10294117647058823 0.38065522620904835 0.14460784313725492 0.35257410296411856 0.14460784313725492
1 0.5616224648985959 0.6666666666666665 0.5897035881435257 0.6666666666666665 0.5897035881435257 0.7083333333333331 0.5616224648985959 0.7083333333333331
1 0.46333853354134164 0.2769607843137255 0.4914196567862715 0.2769607843137255 0.4914196567862715 0.31862745098039214 0.46333853354134164 0.31862745098039214
1 0.46333853354134164 0.23284313725490197 0.4914196567862715 0.23284313725490197 0.4914196567862715 0.27450980392156865 0.46333853354134164 0.27450980392156865
1 0.1606864274570983 0.23284313725490197 0.18720748829953202 0.23284313725490197 0.18720748829953202 0.27205882352941174 0.1606864274570983 0.27205882352941174
1 0.1606864274570983 0.2769607843137255 0.1887675507020281 0.2769607843137255 0.1887675507020281 0.31862745098039214 0.1606864274570983 0.31862745098039214
2 0.6599063962558502 0.23774509803921567 0.6817472698907956 0.23774509803921567 0.6817472698907956 0.27205882352941174 0.6599063962558502 0.27205882352941174
1 0.2574102964118565 0.4485294117647058 0.2839313572542902 0.4485294117647058 0.2839313572542902 0.4926470588235293 0.2574102964118565 0.4926470588235293
1 0.5600624024960998 0.4485294117647058 0.5897035881435257 0.4485294117647058 0.5897035881435257 0.4926470588235293 0.5600624024960998 0.4926470588235293
2 0.35569422776911075 0.2352941176470588 0.38065522620904835 0.2352941176470588 0.38065522620904835 0.27205882352941174 0.35569422776911075 0.27205882352941174
2 0.5616224648985959 0.34068627450980393 0.5881435257410297 0.34068627450980393 0.5881435257410297 0.3872549019607843 0.5616224648985959 0.3872549019607843
2 0.2603693221679567 0.3444370419720187 0.2832682527820767 0.3444370419720187 0.2832682527820767 0.3830779480346436 0.2603693221679567 0.3830779480346436
