1 0.4092071611253197 0.2983947119924457 0.4360613810741688 0.2983947119924457 0.4360613810741688 0.3182247403210576 0.4092071611253197 0.3182247403210576
1 0.7928388746803069 0.6817752596789424 0.8222506393861893 0.6817752596789424 0.8222506393861893 0.7025495750708215 0.7928388746803069 0.7025495750708215
1 0.6214833759590793 0.0009442870632672333 0.6521739130434784 0.0009442870632672333 0.6521739130434784 0.022662889518413595 0.6214833759590793 0.022662889518413595
1 0.6649616368286445 0.2983947119924457 0.6918158567774936 0.2983947119924457 0.6918158567774936 0.3182247403210576 0.6649616368286445 0.3182247403210576
1 0.29923273657289 0.6827195467422097 0.3273657289002558 0.6827195467422097 0.3273657289002558 0.7025495750708216 0.29923273657289 0.7025495750708216
1 0.26342710997442453 0.2983947119924457 0.2902813299232736 0.2983947119924457 0.2902813299232736 0.3182247403210576 0.26342710997442453 0.3182247403210576
1 0.329923273657289 0.0018885741265344666 0.3554987212276215 0.0018885741265344666 0.3554987212276215 0.021718602455146365 0.329923273657289 0.021718602455146365
1 0.5447570332480819 0.6827195467422097 0.5716112531969311 0.6827195467422097 0.5716112531969311 0.7016052880075544 0.5447570332480819 0.7016052880075544
1 0.47570332480818417 0.0018885741265344666 0.5038363171355499 0.0018885741265344666 0.5038363171355499 0.021718602455146365 0.47570332480818417 0.021718602455146365
1 0.15728900255754474 0.6827195467422097 0.18414322250639387 0.6827195467422097 0.18414322250639387 0.7016052880075544 0.15728900255754474 0.7016052880075544
