0 0.17017017017017017 0.20353982300884954 0.1831831831831832 0.20353982300884954 0.1831831831831832 0.2323008849557522 0.17017017017017017 0.2323008849557522
0 0.6476476476476476 0.14601769911504425 0.6626626626626626 0.14601769911504425 0.6626626626626626 0.17699115044247787 0.6476476476476476 0.17699115044247787
0 0.8898898898898899 0.504424778761062 0.9049049049049049 0.504424778761062 0.9049049049049049 0.5376106194690266 0.8898898898898899 0.5376106194690266
0 0.7217217217217217 0.504424778761062 0.7377377377377378 0.504424778761062 0.7377377377377378 0.5376106194690266 0.7217217217217217 0.5376106194690266
0 0.17017017017017017 0.4314159292035398 0.1841841841841842 0.4314159292035398 0.1841841841841842 0.4646017699115044 0.17017017017017017 0.4646017699115044
1 0.24624624624624625 0.20575221238938052 0.26126126126126126 0.20575221238938052 0.26126126126126126 0.23672566371681417 0.24624624624624625 0.23672566371681417
0 0.8538538538538538 0.504424778761062 0.8688688688688688 0.504424778761062 0.8688688688688688 0.5353982300884955 0.8538538538538538 0.5353982300884955
1 0.8288288288288288 0.5265486725663717 0.8418418418418419 0.5265486725663717 0.8418418418418419 0.5553097345132744 0.8288288288288288 0.5553097345132744
0 0.5815815815815816 0.6703539823008849 0.5975975975975976 0.6703539823008849 0.5975975975975976 0.7057522123893806 0.5815815815815816 0.7057522123893806
1 0.4944944944944945 0.5066371681415929 0.5105105105105106 0.5066371681415929 0.5105105105105106 0.5420353982300885 0.4944944944944945 0.5420353982300885
1 0.24624624624624625 0.11946902654867256 0.2602602602602603 0.11946902654867256 0.2602602602602603 0.14823008849557523 0.24624624624624625 0.14823008849557523
2 0.24724724724724725 0.08849557522123894 0.25925925925925924 0.08849557522123894 0.25925925925925924 0.11504424778761062 0.24724724724724725 0.11504424778761062
1 0.32232232232232233 0.1172566371681416 0.33733733733733734 0.1172566371681416 0.33733733733733734 0.14601769911504425 0.32232232232232233 0.14601769911504425
1 0.6486486486486487 0.27654867256637167 0.6626626626626626 0.27654867256637167 0.6626626626626626 0.3053097345132743 0.6486486486486487 0.3053097345132743
0 0.1981981981981982 0.2013274336283186 0.2132132132132132 0.2013274336283186 0.2132132132132132 0.2345132743362832 0.1981981981981982 0.2345132743362832
1 0.24524524524524524 0.5796460176991151 0.26126126126126126 0.5796460176991151 0.26126126126126126 0.6128318584070797 0.24524524524524524 0.6128318584070797
0 0.2932932932932933 0.19911504424778761 0.30930930930930933 0.19911504424778761 0.30930930930930933 0.2345132743362832 0.2932932932932933 0.2345132743362832
1 0.24624624624624625 0.7566371681415929 0.2602602602602603 0.7566371681415929 0.2602602602602603 0.7876106194690266 0.24624624624624625 0.7876106194690266
1 0.3913913913913914 0.581858407079646 0.4064064064064064 0.581858407079646 0.4064064064064064 0.6128318584070797 0.3913913913913914 0.6128318584070797
1 0.4954954954954955 0.35398230088495575 0.5115115115115115 0.35398230088495575 0.5115115115115115 0.3915929203539823 0.4954954954954955 0.3915929203539823
1 0.1991991991991992 0.11946902654867256 0.2122122122122122 0.11946902654867256 0.2122122122122122 0.14601769911504425 0.1991991991991992 0.14601769911504425
1 0.17117117117117117 0.11946902654867256 0.1831831831831832 0.11946902654867256 0.1831831831831832 0.14601769911504425 0.17117117117117117 0.14601769911504425
1 0.24524524524524524 0.3053097345132743 0.26126126126126126 0.3053097345132743 0.26126126126126126 0.3407079646017699 0.24524524524524524 0.3407079646017699
1 0.5825825825825826 0.3584070796460177 0.5965965965965966 0.3584070796460177 0.5965965965965966 0.38716814159292035 0.5825825825825826 0.38716814159292035
1 0.8718718718718719 0.3738938053097345 0.8858858858858859 0.3738938053097345 0.8858858858858859 0.4026548672566372 0.8718718718718719 0.4026548672566372
1 0.3073073073073073 0.6371681415929203 0.32232232232232233 0.6371681415929203 0.32232232232232233 0.6703539823008849 0.3073073073073073 0.6703539823008849
1 0.8068068068068068 0.4358407079646018 0.8208208208208209 0.4358407079646018 0.8208208208208209 0.4668141592920354 0.8068068068068068 0.4668141592920354
1 0.2932932932932933 0.1172566371681416 0.3083083083083083 0.1172566371681416 0.3083083083083083 0.14823008849557523 0.2932932932932933 0.14823008849557523
1 0.20020020020020018 0.4358407079646018 0.21421421421421422 0.4358407079646018 0.21421421421421422 0.4690265486725664 0.20020020020020018 0.4690265486725664
1 0.5815815815815816 0.48672566371681414 0.5975975975975976 0.48672566371681414 0.5975975975975976 0.5154867256637168 0.5815815815815816 0.5154867256637168
1 0.7417417417417418 0.3738938053097345 0.7547547547547547 0.3738938053097345 0.7547547547547547 0.4026548672566372 0.7417417417417418 0.4026548672566372
1 0.5425425425425425 0.21902654867256638 0.5575575575575575 0.21902654867256638 0.5575575575575575 0.252212389380531 0.5425425425425425 0.252212389380531
1 0.3913913913913914 0.27654867256637167 0.4074074074074074 0.27654867256637167 0.4074074074074074 0.30973451327433627 0.3913913913913914 0.30973451327433627
1 0.43343343343343343 0.27654867256637167 0.44844844844844844 0.27654867256637167 0.44844844844844844 0.3075221238938053 0.43343343343343343 0.3075221238938053
1 0.7857857857857857 0.5265486725663717 0.7987987987987988 0.5265486725663717 0.7987987987987988 0.5553097345132744 0.7857857857857857 0.5553097345132744
1 0.18518518518518517 0.6393805309734513 0.1981981981981982 0.6393805309734513 0.1981981981981982 0.668141592920354 0.18518518518518517 0.668141592920354
1 0.8298298298298298 0.7057522123893806 0.8408408408408409 0.7057522123893806 0.8408408408408409 0.7300884955752213 0.8298298298298298 0.7300884955752213
1 0.2932932932932933 0.4358407079646018 0.3083083083083083 0.4358407079646018 0.3083083083083083 0.47123893805309736 0.2932932932932933 0.47123893805309736
1 0.1021021021021021 0.27654867256637167 0.11511511511511512 0.27654867256637167 0.11511511511511512 0.3075221238938053 0.1021021021021021 0.3075221238938053
1 0.5395395395395395 0.754424778761062 0.5545545545545546 0.754424778761062 0.5545545545545546 0.7876106194690266 0.5395395395395395 0.7876106194690266
1 0.1021021021021021 0.584070796460177 0.11411411411411411 0.584070796460177 0.11411411411411411 0.6128318584070797 0.1021021021021021 0.6128318584070797
1 0.3213213213213213 0.2013274336283186 0.3383383383383383 0.2013274336283186 0.3383383383383383 0.23672566371681417 0.3213213213213213 0.23672566371681417
1 0.7867867867867868 0.7057522123893806 0.7977977977977978 0.7057522123893806 0.7977977977977978 0.7300884955752213 0.7867867867867868 0.7300884955752213
2 0.7427427427427428 0.08849557522123894 0.7537537537537538 0.08849557522123894 0.7537537537537538 0.11283185840707964 0.7427427427427428 0.11283185840707964
2 0.8728728728728729 0.08628318584070796 0.8848848848848849 0.08628318584070796 0.8848848848848849 0.11283185840707964 0.8728728728728729 0.11283185840707964
0 0.7227227227227228 0.6725663716814159 0.7377377377377378 0.6725663716814159 0.7377377377377378 0.7035398230088495 0.7227227227227228 0.7035398230088495
2 0.5445445445445445 0.08849557522123894 0.5565565565565566 0.08849557522123894 0.5565565565565566 0.11504424778761062 0.5445445445445445 0.11504424778761062
0 0.7597597597597597 0.504424778761062 0.7737737737737738 0.504424778761062 0.7737737737737738 0.5309734513274336 0.7597597597597597 0.5309734513274336
1 0.7587587587587588 0.5265486725663717 0.7727727727727728 0.5265486725663717 0.7727727727727728 0.5553097345132744 0.7587587587587588 0.5553097345132744
0 0.3203203203203203 0.42920353982300885 0.3383383383383383 0.42920353982300885 0.3383383383383383 0.4690265486725664 0.3203203203203203 0.4690265486725664
