1 0.5426267281105991 0.5038167938931297 0.5576036866359447 0.5038167938931297 0.5576036866359447 0.5368956743002544 0.5426267281105991 0.5368956743002544
1 0.934331797235023 0.43256997455470736 0.9470046082949308 0.43256997455470736 0.9470046082949308 0.46055979643765904 0.934331797235023 0.46055979643765904
1 0.8179723502304147 0.5063613231552163 0.8294930875576036 0.5063613231552163 0.8294930875576036 0.5343511450381679 0.8179723502304147 0.5343511450381679
1 0.6267281105990783 0.5038167938931297 0.6394009216589862 0.5038167938931297 0.6394009216589862 0.5343511450381678 0.6267281105990783 0.5343511450381678
1 0.826036866359447 0.7099236641221374 0.8387096774193549 0.7099236641221374 0.8387096774193549 0.7379134860050891 0.826036866359447 0.7379134860050891
1 0.8248847926267281 0.26463104325699743 0.8387096774193549 0.26463104325699743 0.8387096774193549 0.2951653944020356 0.8248847926267281 0.2951653944020356
1 0.37557603686635943 0.5038167938931297 0.39055299539170507 0.5038167938931297 0.39055299539170507 0.5368956743002544 0.37557603686635943 0.5368956743002544
1 0.934331797235023 0.5063613231552163 0.9470046082949308 0.5063613231552163 0.9470046082949308 0.5343511450381679 0.934331797235023 0.5343511450381679
1 0.4608294930875576 0.5038167938931297 0.4735023041474654 0.5038167938931297 0.4735023041474654 0.5343511450381678 0.4608294930875576 0.5343511450381678
1 0.716589861751152 0.5038167938931297 0.7304147465437788 0.5038167938931297 0.7304147465437788 0.5368956743002544 0.716589861751152 0.5368956743002544
1 0.20967741935483872 0.5038167938931297 0.22465437788018433 0.5038167938931297 0.22465437788018433 0.5368956743002544 0.20967741935483872 0.5368956743002544
1 0.8248847926267281 0.19338422391857507 0.8398617511520737 0.19338422391857507 0.8398617511520737 0.22391857506361323 0.8248847926267281 0.22391857506361323
1 0.29377880184331795 0.5038167938931297 0.30645161290322576 0.5038167938931297 0.30645161290322576 0.5343511450381678 0.29377880184331795 0.5343511450381678
1 0.8248847926267281 0.8549618320610687 0.8387096774193549 0.8549618320610687 0.8387096774193549 0.8854961832061069 0.8248847926267281 0.8854961832061069
1 0.8248847926267281 0.7811704834605598 0.8387096774193549 0.7811704834605598 0.8387096774193549 0.811704834605598 0.8248847926267281 0.811704834605598
1 0.934331797235023 0.5801526717557252 0.945852534562212 0.5801526717557252 0.945852534562212 0.6055979643765903 0.934331797235023 0.6055979643765903
1 0.12672811059907835 0.5038167938931297 0.14055299539170507 0.5038167938931297 0.14055299539170507 0.5343511450381678 0.12672811059907835 0.5343511450381678
1 0.826036866359447 0.3384223918575064 0.8387096774193549 0.3384223918575064 0.8387096774193549 0.36895674300254455 0.826036866359447 0.36895674300254455
1 0.826036866359447 0.11959287531806616 0.8398617511520737 0.11959287531806616 0.8398617511520737 0.1475826972010178 0.826036866359447 0.1475826972010178
