0 0.8398009950248756 0.33579335793357934 0.8597014925373134 0.33579335793357934 0.8597014925373134 0.37084870848708484 0.8398009950248756 0.37084870848708484
0 0.7552238805970148 0.33579335793357934 0.7751243781094527 0.33579335793357934 0.7751243781094527 0.37084870848708484 0.7552238805970148 0.37084870848708484
0 0.045771144278606964 0.15682656826568264 0.06666666666666667 0.15682656826568264 0.06666666666666667 0.19372693726937268 0.045771144278606964 0.19372693726937268
1 0.2975124378109453 0.6586715867158671 0.3144278606965174 0.6586715867158671 0.3144278606965174 0.6881918819188192 0.2975124378109453 0.6881918819188192
1 0.2975124378109453 0.8597785977859779 0.3134328358208955 0.8597785977859779 0.3134328358208955 0.8892988929889298 0.2975124378109453 0.8892988929889298
1 0.5024875621890547 0.5830258302583026 0.5184079601990049 0.5830258302583026 0.5184079601990049 0.6143911439114391 0.5024875621890547 0.6143911439114391
0 0.13233830845771144 0.15498154981549814 0.15323383084577114 0.15498154981549814 0.15323383084577114 0.19557195571955718 0.13233830845771144 0.19557195571955718
1 0.6378109452736318 0.02952029520295203 0.6537313432835821 0.02952029520295203 0.6537313432835821 0.05904059040590406 0.6378109452736318 0.05904059040590406
1 0.29651741293532335 0.496309963099631 0.3144278606965174 0.496309963099631 0.3144278606965174 0.5276752767527675 0.29651741293532335 0.5276752767527675
1 0.44477611940298506 0.8597785977859779 0.46069651741293527 0.8597785977859779 0.46069651741293527 0.8874538745387454 0.44477611940298506 0.8874538745387454
1 0.22288557213930346 0.02952029520295203 0.23880597014925373 0.02952029520295203 0.23880597014925373 0.05904059040590406 0.22288557213930346 0.05904059040590406
1 0.44378109452736314 0.6734317343173432 0.46069651741293527 0.6734317343173432 0.46069651741293527 0.7047970479704797 0.44378109452736314 0.7047970479704797
1 0.4457711442786069 0.03136531365313653 0.4597014925373134 0.03136531365313653 0.4597014925373134 0.05904059040590406 0.4457711442786069 0.05904059040590406
1 0.04875621890547263 0.8597785977859779 0.06467661691542288 0.8597785977859779 0.06467661691542288 0.8874538745387454 0.04875621890547263 0.8874538745387454
1 0.04875621890547263 0.3929889298892989 0.06567164179104477 0.3929889298892989 0.06567164179104477 0.4225092250922509 0.04875621890547263 0.4225092250922509
1 0.8407960199004975 0.03136531365313653 0.8547263681592039 0.03136531365313653 0.8547263681592039 0.05719557195571955 0.8407960199004975 0.05719557195571955
0 0.5004975124378109 0.16789667896678967 0.5194029850746268 0.16789667896678967 0.5194029850746268 0.2011070110701107 0.5004975124378109 0.2011070110701107
1 0.37412935323383084 0.02952029520295203 0.3890547263681592 0.02952029520295203 0.3890547263681592 0.05719557195571955 0.37412935323383084 0.05719557195571955
1 0.13532338308457711 0.8597785977859779 0.15024875621890546 0.8597785977859779 0.15024875621890546 0.8892988929889298 0.13532338308457711 0.8892988929889298
1 0.5601990049751243 0.8579335793357933 0.5761194029850746 0.8579335793357933 0.5761194029850746 0.8874538745387454 0.5601990049751243 0.8874538745387454
1 0.5024875621890547 0.02952029520295203 0.5174129353233831 0.02952029520295203 0.5174129353233831 0.05904059040590406 0.5024875621890547 0.05904059040590406
1 0.6378109452736318 0.17527675276752766 0.6537313432835821 0.17527675276752766 0.6537313432835821 0.2029520295202952 0.6378109452736318 0.2029520295202952
1 0.19601990049751242 0.26199261992619927 0.21194029850746268 0.26199261992619927 0.21194029850746268 0.2915129151291513 0.19601990049751242 0.2915129151291513
0 0.5004975124378109 0.33579335793357934 0.5194029850746268 0.33579335793357934 0.5194029850746268 0.37084870848708484 0.5004975124378109 0.37084870848708484
1 0.5611940298507462 0.02952029520295203 0.5761194029850746 0.02952029520295203 0.5761194029850746 0.05904059040590406 0.5611940298507462 0.05904059040590406
0 0.6358208955223881 0.33579335793357934 0.6557213930348258 0.33579335793357934 0.6557213930348258 0.37084870848708484 0.6358208955223881 0.37084870848708484
1 0.8417910447761193 0.6512915129151291 0.8567164179104477 0.6512915129151291 0.8567164179104477 0.6789667896678967 0.8417910447761193 0.6789667896678967
1 0.9293532338308457 0.6512915129151291 0.9452736318407959 0.6512915129151291 0.9452736318407959 0.6808118081180812 0.9293532338308457 0.6808118081180812
1 0.13532338308457711 0.03136531365313653 0.15024875621890546 0.03136531365313653 0.15024875621890546 0.05904059040590406 0.13532338308457711 0.05904059040590406
1 0.7582089552238805 0.02952029520295203 0.7731343283582089 0.02952029520295203 0.7731343283582089 0.05719557195571955 0.7582089552238805 0.05719557195571955
1 0.8039800995024875 0.34501845018450183 0.8199004975124378 0.34501845018450183 0.8199004975124378 0.3726937269372694 0.8039800995024875 0.3726937269372694
1 0.6776119402985075 0.12361623616236161 0.6925373134328358 0.12361623616236161 0.6925373134328358 0.15129151291512916 0.6776119402985075 0.15129151291512916
1 0.2606965174129353 0.17527675276752766 0.2766169154228856 0.17527675276752766 0.2766169154228856 0.2047970479704797 0.2606965174129353 0.2047970479704797
1 0.9283582089552238 0.466789667896679 0.9442786069651741 0.466789667896679 0.9442786069651741 0.496309963099631 0.9283582089552238 0.496309963099631
1 0.3731343283582089 0.26199261992619927 0.3890547263681592 0.26199261992619927 0.3890547263681592 0.2915129151291513 0.3731343283582089 0.2915129151291513
1 0.2606965174129353 0.12361623616236161 0.27562189054726366 0.12361623616236161 0.27562189054726366 0.15313653136531366 0.2606965174129353 0.15313653136531366
2 0.5601990049751243 0.6734317343173432 0.5761194029850746 0.6734317343173432 0.5761194029850746 0.7029520295202952 0.5601990049751243 0.7029520295202952
1 0.22089552238805968 0.17343173431734316 0.23880597014925373 0.17343173431734316 0.23880597014925373 0.2066420664206642 0.22089552238805968 0.2066420664206642
1 0.44378109452736314 0.496309963099631 0.46069651741293527 0.496309963099631 0.46069651741293527 0.525830258302583 0.44378109452736314 0.525830258302583
1 0.13432835820895522 0.3929889298892989 0.15024875621890546 0.3929889298892989 0.15024875621890546 0.4225092250922509 0.13432835820895522 0.4225092250922509
1 0.5601990049751243 0.49815498154981547 0.5761194029850746 0.49815498154981547 0.5761194029850746 0.5276752767527675 0.5601990049751243 0.5276752767527675
2 0.5601990049751243 0.34501845018450183 0.5771144278606964 0.34501845018450183 0.5771144278606964 0.37453874538745385 0.5601990049751243 0.37453874538745385
2 0.44477611940298506 0.17527675276752766 0.46069651741293527 0.17527675276752766 0.46069651741293527 0.2029520295202952 0.44477611940298506 0.2029520295202952
1 0.10945273631840795 0.39114391143911437 0.1253731343283582 0.39114391143911437 0.1253731343283582 0.4206642066420664 0.10945273631840795 0.4206642066420664
1 0.40895522388059696 0.26383763837638374 0.42388059701492536 0.26383763837638374 0.42388059701492536 0.2915129151291513 0.40895522388059696 0.2915129151291513
2 0.4457711442786069 0.34501845018450183 0.46069651741293527 0.34501845018450183 0.46069651741293527 0.3726937269372694 0.4457711442786069 0.3726937269372694
2 0.22288557213930346 0.26383763837638374 0.23781094527363184 0.26383763837638374 0.23781094527363184 0.2915129151291513 0.22288557213930346 0.2915129151291513
2 0.3731343283582089 0.17712177121771217 0.38805970149253727 0.17712177121771217 0.38805970149253727 0.2029520295202952 0.3731343283582089 0.2029520295202952
2 0.22189054726368157 0.39114391143911437 0.23880597014925373 0.39114391143911437 0.23880597014925373 0.4206642066420664 0.22189054726368157 0.4206642066420664
2 0.6985074626865672 0.03136531365313653 0.7114427860696517 0.03136531365313653 0.7114427860696517 0.05350553505535055 0.6985074626865672 0.05350553505535055
2 0.354228855721393 0.5 0.3701492537313433 0.5 0.3701492537313433 0.529520295202952 0.354228855721393 0.529520295202952
2 0.3980099502487562 0.033210332103321034 0.40895522388059696 0.033210332103321034 0.40895522388059696 0.05350553505535055 0.3980099502487562 0.05350553505535055
1 0.4835820895522388 0.0 0.49353233830845766 0.0 0.49353233830845766 0.007380073800738007 0.4835820895522388 0.007380073800738007
2 0.12238805970149252 0.8634686346863468 0.13233830845771144 0.8634686346863468 0.13233830845771144 0.8837638376383764 0.12238805970149252 0.8837638376383764
