1 0.5883069427527405 0.16134751773049646 0.610231425091352 0.16134751773049646 0.610231425091352 0.1950354609929078 0.5883069427527405 0.1950354609929078
1 0.4750304506699148 0.324468085106383 0.4981729598051158 0.324468085106383 0.4981729598051158 0.35638297872340424 0.4750304506699148 0.35638297872340424
1 0.8136419001218027 0.49113475177304966 0.833130328867235 0.49113475177304966 0.833130328867235 0.5195035460992907 0.8136419001218027 0.5195035460992907
1 0.5858708891595615 0.4858156028368794 0.610231425091352 0.4858156028368794 0.610231425091352 0.5195035460992907 0.5858708891595615 0.5195035460992907
2 0.40316686967113274 0.6524822695035462 0.42143727161997563 0.6524822695035462 0.42143727161997563 0.6773049645390072 0.40316686967113274 0.6773049645390072
1 0.40194884287454324 0.3280141843971631 0.4226552984165652 0.3280141843971631 0.4226552984165652 0.35638297872340424 0.40194884287454324 0.35638297872340424
1 0.584652862362972 0.6471631205673759 0.6126674786845311 0.6471631205673759 0.6126674786845311 0.6861702127659575 0.584652862362972 0.6861702127659575
1 0.40316686967113274 0.8705673758865248 0.4226552984165652 0.8705673758865248 0.4226552984165652 0.900709219858156 0.40316686967113274 0.900709219858156
2 0.32886723507917176 0.6524822695035462 0.3471376370280146 0.6524822695035462 0.3471376370280146 0.6773049645390072 0.32886723507917176 0.6773049645390072
1 0.7015834348355664 0.8705673758865248 0.7210718635809987 0.8705673758865248 0.7210718635809987 0.898936170212766 0.7015834348355664 0.898936170212766
1 0.4774665042630938 0.8705673758865248 0.4981729598051157 0.8705673758865248 0.4981729598051157 0.900709219858156 0.4774665042630938 0.900709219858156
1 0.32886723507917176 0.3280141843971631 0.34835566382460414 0.3280141843971631 0.34835566382460414 0.35638297872340424 0.32886723507917176 0.35638297872340424
1 0.7003654080389768 0.49113475177304966 0.7210718635809987 0.49113475177304966 0.7210718635809987 0.5195035460992907 0.7003654080389768 0.5195035460992907
1 0.5895249695493301 0.8687943262411347 0.610231425091352 0.8687943262411347 0.610231425091352 0.900709219858156 0.5895249695493301 0.900709219858156
1 0.6613885505481121 0.48936170212765956 0.6845310596833131 0.48936170212765956 0.6845310596833131 0.5195035460992907 0.6613885505481121 0.5195035460992907
