1 0.4885906040268456 0.05991735537190083 0.512751677852349 0.05991735537190083 0.512751677852349 0.09710743801652892 0.4885906040268456 0.09710743801652892
1 0.487248322147651 0.7479338842975206 0.512751677852349 0.7479338842975206 0.512751677852349 0.7871900826446281 0.487248322147651 0.7871900826446281
1 0.487248322147651 0.1652892561983471 0.512751677852349 0.1652892561983471 0.512751677852349 0.20454545454545456 0.487248322147651 0.20454545454545456
2 0.4885906040268456 0.02066115702479339 0.512751677852349 0.02066115702479339 0.512751677852349 0.05991735537190083 0.4885906040268456 0.05991735537190083
1 0.13691275167785236 0.3305785123966942 0.16241610738255033 0.3305785123966942 0.16241610738255033 0.36983471074380164 0.13691275167785236 0.36983471074380164
1 0.32348993288590605 0.2871900826446281 0.3530201342281879 0.2871900826446281 0.3530201342281879 0.3305785123966942 0.32348993288590605 0.3305785123966942
2 0.7865771812080536 0.16735537190082644 0.8080536912751678 0.16735537190082644 0.8080536912751678 0.20041322314049587 0.7865771812080536 0.20041322314049587
1 0.9597315436241609 0.30785123966942146 0.9879194630872482 0.30785123966942146 0.9879194630872482 0.3512396694214876 0.9597315436241609 0.3512396694214876
2 0.32617449664429526 0.5371900826446281 0.3516778523489933 0.5371900826446281 0.3516778523489933 0.5785123966942148 0.32617449664429526 0.5785123966942148
1 0.487248322147651 0.8512396694214877 0.512751677852349 0.8512396694214877 0.512751677852349 0.890495867768595 0.487248322147651 0.890495867768595
1 0.6496644295302013 0.30991735537190085 0.6751677852348993 0.30991735537190085 0.6751677852348993 0.34917355371900827 0.6496644295302013 0.34917355371900827
1 0.32617449664429526 0.8512396694214877 0.348993288590604 0.8512396694214877 0.348993288590604 0.8863636363636364 0.32617449664429526 0.8863636363636364
2 0.6496644295302013 0.5371900826446281 0.6751677852348993 0.5371900826446281 0.6751677852348993 0.5785123966942148 0.6496644295302013 0.5785123966942148
1 0.7328859060402685 0.5433884297520661 0.7543624161073825 0.5433884297520661 0.7543624161073825 0.5743801652892562 0.7328859060402685 0.5743801652892562
1 0.6510067114093959 0.8533057851239669 0.6738255033557046 0.8533057851239669 0.6738255033557046 0.8863636363636364 0.6510067114093959 0.8863636363636364
1 0.3208053691275168 0.05578512396694215 0.3530201342281879 0.05578512396694215 0.3530201342281879 0.10330578512396695 0.3208053691275168 0.10330578512396695
1 0.6469798657718121 0.05578512396694215 0.676510067114094 0.05578512396694215 0.676510067114094 0.10330578512396695 0.6469798657718121 0.10330578512396695
1 0.8939597315436242 0.16735537190082644 0.9181208053691275 0.16735537190082644 0.9181208053691275 0.2024793388429752 0.8939597315436242 0.2024793388429752
1 0.23355704697986573 0.5433884297520661 0.2536912751677852 0.5433884297520661 0.2536912751677852 0.5743801652892562 0.23355704697986573 0.5743801652892562
1 0.7342281879194631 0.8533057851239669 0.7543624161073825 0.8533057851239669 0.7543624161073825 0.8863636363636364 0.7342281879194631 0.8863636363636364
1 0.13020134228187918 0.05371900826446281 0.16375838926174494 0.05371900826446281 0.16375838926174494 0.10537190082644628 0.13020134228187918 0.10537190082644628
1 0.23355704697986573 0.8533057851239669 0.25503355704697983 0.8533057851239669 0.25503355704697983 0.8863636363636364 0.23355704697986573 0.8863636363636364
1 0.138255033557047 0.8512396694214877 0.1597315436241611 0.8512396694214877 0.1597315436241611 0.8863636363636364 0.138255033557047 0.8863636363636364
1 0.7328859060402685 0.3140495867768595 0.7543624161073825 0.3140495867768595 0.7543624161073825 0.34710743801652894 0.7328859060402685 0.34710743801652894
2 0.8953020134228189 0.3140495867768595 0.916778523489933 0.3140495867768595 0.916778523489933 0.34710743801652894 0.8953020134228189 0.34710743801652894
1 0.7865771812080536 0.0640495867768595 0.8080536912751678 0.0640495867768595 0.8080536912751678 0.09710743801652892 0.7865771812080536 0.09710743801652892
