2 0.1836027713625866 0.8092909535452323 0.20207852193995382 0.8092909535452323 0.20207852193995382 0.8484107579462102 0.1836027713625866 0.8484107579462102
1 0.6385681293302541 0.3569682151589242 0.6628175519630485 0.3569682151589242 0.6628175519630485 0.4083129584352078 0.6385681293302541 0.4083129584352078
2 0.8013856812933026 0.8092909535452323 0.8187066974595842 0.8092909535452323 0.8187066974595842 0.8484107579462102 0.8013856812933026 0.8484107579462102
1 0.3394919168591224 0.3594132029339853 0.3625866050808314 0.3594132029339853 0.3625866050808314 0.4083129584352078 0.3394919168591224 0.4083129584352078
2 0.4376443418013857 0.3643031784841076 0.45496535796766746 0.3643031784841076 0.45496535796766746 0.4034229828850856 0.4376443418013857 0.4034229828850856
2 0.18013856812933027 0.3569682151589242 0.20323325635103925 0.3569682151589242 0.20323325635103925 0.4058679706601467 0.18013856812933027 0.4058679706601467
2 0.8002309468822171 0.3594132029339853 0.8198614318706697 0.3594132029339853 0.8198614318706697 0.4034229828850856 0.8002309468822171 0.4034229828850856
2 0.8013856812933026 0.117359413202934 0.8187066974595842 0.117359413202934 0.8187066974595842 0.15158924205378974 0.8013856812933026 0.15158924205378974
2 0.1812933025404157 0.5623471882640587 0.20092378752886836 0.5623471882640587 0.20092378752886836 0.5990220048899756 0.1812933025404157 0.5990220048899756
2 0.1836027713625866 0.117359413202934 0.20092378752886836 0.117359413202934 0.20092378752886836 0.15403422982885087 0.1836027713625866 0.15403422982885087
2 0.5415704387990762 0.36674816625916873 0.558891454965358 0.36674816625916873 0.558891454965358 0.40097799511002447 0.5415704387990762 0.40097799511002447
2 0.8025404157043879 0.5647921760391198 0.8187066974595842 0.5647921760391198 0.8187066974595842 0.5990220048899756 0.8025404157043879 0.5990220048899756
