1 0.8275030156815439 0.36574074074074076 0.8504221954161639 0.36574074074074076 0.8504221954161639 0.4074074074074074 0.8275030156815439 0.4074074074074074
1 0.5054282267792521 0.8495370370370371 0.5271411338962606 0.8495370370370371 0.5271411338962606 0.8888888888888888 0.5054282267792521 0.8888888888888888
1 0.5061225769069113 0.3657068127421226 0.5266292114063081 0.3657068127421226 0.5266292114063081 0.4027438497791596 0.5061225769069113 0.4027438497791596
1 0.8275030156815439 0.8472222222222221 0.8504221954161639 0.8472222222222221 0.8504221954161639 0.886574074074074 0.8275030156815439 0.886574074074074
1 0.8287092882991556 0.22916666666666663 0.8492159227985525 0.22916666666666663 0.8492159227985525 0.2685185185185185 0.8287092882991556 0.2685185185185185
1 0.21972404404301432 0.3663730352604437 0.24023067854241117 0.3663730352604437 0.24023067854241117 0.4034100722974807 0.21972404404301432 0.4034100722974807
1 0.22074788902291917 0.8518518518518519 0.2388419782870929 0.8518518518518519 0.2388419782870929 0.8842592592592593 0.22074788902291917 0.8842592592592593
1 0.11391922875702484 0.3683717028154071 0.13201331802119853 0.3683717028154071 0.13201331802119853 0.4030939250376293 0.11391922875702484 0.4030939250376293
1 0.6875753920386007 0.8495370370370371 0.7056694813027744 0.8495370370370371 0.7056694813027744 0.8842592592592593 0.6875753920386007 0.8842592592592593
1 0.4359763374477328 0.8491869617785673 0.45529437954110197 0.8491869617785673 0.45529437954110197 0.8862579268142226 0.4359763374477328 0.8862579268142226
1 0.36308805790108567 0.8495370370370371 0.3823884197828709 0.8495370370370371 0.3823884197828709 0.8865740740740741 0.36308805790108567 0.8865740740740741
1 0.4356291623839032 0.3663730352604435 0.456171157306468 0.3663730352604435 0.456171157306468 0.4084237051841981 0.4356291623839032 0.4084237051841981
1 0.11218335343787694 0.8495370370370371 0.13148371531966221 0.8495370370370371 0.13148371531966221 0.8865740740740741 0.11218335343787694 0.8865740740740741
1 0.9036806182287803 0.367705480297086 0.9217747074929541 0.367705480297086 0.9217747074929541 0.4024277025193082 0.9036806182287803 0.4024277025193082
