1 0.4337979094076655 0.019801980198019802 0.4616724738675958 0.019801980198019802 0.4616724738675958 0.07920792079207921 0.4337979094076655 0.07920792079207921
1 0.6742160278745645 0.30033003300330036 0.7020905923344948 0.30033003300330036 0.7020905923344948 0.3531353135313532 0.6742160278745645 0.3531353135313532
1 0.4337979094076655 0.297029702970297 0.4634146341463415 0.297029702970297 0.4634146341463415 0.35313531353135313 0.4337979094076655 0.35313531353135313
1 0.837979094076655 0.5841584158415841 0.867595818815331 0.5841584158415841 0.867595818815331 0.636963696369637 0.837979094076655 0.636963696369637
1 0.1794425087108014 0.30033003300330036 0.20557491289198607 0.30033003300330036 0.20557491289198607 0.34653465346534656 0.1794425087108014 0.34653465346534656
1 0.6724738675958188 0.49504950495049505 0.705574912891986 0.49504950495049505 0.705574912891986 0.5577557755775577 0.6724738675958188 0.5577557755775577
1 0.1794425087108014 0.0231023102310231 0.20557491289198607 0.0231023102310231 0.20557491289198607 0.07260726072607261 0.1794425087108014 0.07260726072607261
1 0.1794425087108014 0.6435643564356436 0.20557491289198607 0.6435643564356436 0.20557491289198607 0.693069306930693 0.1794425087108014 0.693069306930693
1 0.8397212543554007 0.5082508250825083 0.867595818815331 0.5082508250825083 0.867595818815331 0.5577557755775577 0.8397212543554007 0.5577557755775577
1 0.4337979094076655 0.5775577557755776 0.4616724738675958 0.5775577557755776 0.4616724738675958 0.6336633663366337 0.4337979094076655 0.6336633663366337
2 0.837979094076655 0.30033003300330036 0.867595818815331 0.30033003300330036 0.867595818815331 0.35973597359735976 0.837979094076655 0.35973597359735976
1 0.837979094076655 0.636963696369637 0.867595818815331 0.636963696369637 0.867595818815331 0.6963696369636965 0.837979094076655 0.6963696369636965
