1 0.25930372148859543 0.36247334754797433 0.27611044417767105 0.36247334754797433 0.27611044417767105 0.3923240938166311 0.25930372148859543 0.3923240938166311
1 0.25930372148859543 0.8550106609808102 0.27490996398559425 0.8550106609808102 0.27490996398559425 0.8848614072494669 0.25930372148859543 0.8848614072494669
1 0.25930372148859543 0.14498933901918976 0.27490996398559425 0.14498933901918976 0.27490996398559425 0.17484008528784648 0.25930372148859543 0.17484008528784648
2 0.08763505402160865 0.14285714285714285 0.10444177671068428 0.14285714285714285 0.10444177671068428 0.17484008528784648 0.08763505402160865 0.17484008528784648
1 0.7563025210084033 0.8592750533049041 0.773109243697479 0.8592750533049041 0.773109243697479 0.8869936034115139 0.7563025210084033 0.8869936034115139
1 0.7262905162064826 0.36886993603411516 0.7430972388955582 0.36886993603411516 0.7430972388955582 0.39658848614072495 0.7262905162064826 0.39658848614072495
2 0.7262905162064826 0.6417910447761195 0.7418967587034814 0.6417910447761195 0.7418967587034814 0.6695095948827293 0.7262905162064826 0.6695095948827293
1 0.7575030012004802 0.6439232409381662 0.773109243697479 0.6439232409381662 0.773109243697479 0.6695095948827291 0.7575030012004802 0.6695095948827291
1 0.4141656662665066 0.36247334754797433 0.43337334933973587 0.36247334754797433 0.43337334933973587 0.394456289978678 0.4141656662665066 0.394456289978678
1 0.9135654261704683 0.6417910447761195 0.930372148859544 0.6417910447761195 0.930372148859544 0.6716417910447763 0.9135654261704683 0.6716417910447763
1 0.7575030012004802 0.14925373134328357 0.773109243697479 0.14925373134328357 0.773109243697479 0.1791044776119403 0.7575030012004802 0.1791044776119403
1 0.41536614645858344 0.14498933901918976 0.4309723889555822 0.14498933901918976 0.4309723889555822 0.17484008528784648 0.41536614645858344 0.17484008528784648
2 0.5858343337334934 0.14925373134328357 0.6038415366146458 0.14925373134328357 0.6038415366146458 0.1791044776119403 0.5858343337334934 0.1791044776119403
1 0.4141656662665066 0.6353944562899787 0.43217286914765907 0.6353944562899787 0.43217286914765907 0.6673773987206824 0.4141656662665066 0.6673773987206824
1 0.25930372148859543 0.6375266524520256 0.27490996398559425 0.6375266524520256 0.27490996398559425 0.6673773987206824 0.25930372148859543 0.6673773987206824
1 0.9135654261704683 0.14925373134328357 0.930372148859544 0.14925373134328357 0.930372148859544 0.1791044776119403 0.9135654261704683 0.1791044776119403
