1 0.10694183864915573 0.7923211169284468 0.11757348342714197 0.7923211169284468 0.11757348342714197 0.8219895287958116 0.10694183864915573 0.8219895287958116
1 0.8899312070043778 0.11518324607329843 0.900562851782364 0.11518324607329843 0.900562851782364 0.14485165794066318 0.8899312070043778 0.14485165794066318
1 0.08317698561601 0.6771378708551483 0.09505941213258287 0.6771378708551483 0.09505941213258287 0.7068062827225131 0.08317698561601 0.7068062827225131
2 0.24577861163227016 0.3961605584642234 0.257661038148843 0.3961605584642234 0.257661038148843 0.4293193717277487 0.24577861163227016 0.4293193717277487
2 0.5234521575984991 0.4013961605584642 0.535334584115072 0.4013961605584642 0.535334584115072 0.43455497382198954 0.5234521575984991 0.43455497382198954
1 0.48467792370231394 0.03664921465968587 0.49468417761100686 0.03664921465968587 0.49468417761100686 0.06457242582897034 0.48467792370231394 0.06457242582897034
2 0.8492808005003127 0.39965095986038396 0.8630393996247655 0.39965095986038396 0.8630393996247655 0.4363001745200698 0.8492808005003127 0.4363001745200698
1 0.5634771732332708 0.11518324607329843 0.5734834271419638 0.11518324607329843 0.5734834271419638 0.1431064572425829 0.5634771732332708 0.1431064572425829
1 0.3621013133208255 0.6771378708551483 0.37273295809881174 0.6771378708551483 0.37273295809881174 0.7068062827225131 0.3621013133208255 0.7068062827225131
0 0.09943714821763602 0.6509598603839442 0.12257661038148843 0.6509598603839442 0.12257661038148843 0.7260034904013962 0.09943714821763602 0.7260034904013962
1 0.8098811757348343 0.03664921465968587 0.8205128205128205 0.03664921465968587 0.8205128205128205 0.06631762652705062 0.8098811757348343 0.06631762652705062
1 0.38711694809255787 0.7923211169284468 0.3971232020012508 0.7923211169284468 0.3971232020012508 0.8219895287958116 0.38711694809255787 0.8219895287958116
0 0.3808630393996248 0.6579406631762653 0.4002501563477173 0.6579406631762653 0.4002501563477173 0.7225130890052356 0.3808630393996248 0.7225130890052356
2 0.44152595372107567 0.3054101221640489 0.4546591619762351 0.3054101221640489 0.4546591619762351 0.3403141361256545 0.44152595372107567 0.3403141361256545
2 0.1669793621013133 0.3054101221640489 0.17698561601000626 0.3054101221640489 0.17698561601000626 0.33158813263525305 0.1669793621013133 0.33158813263525305
2 0.7686053783614759 0.3054101221640489 0.7817385866166354 0.3054101221640489 0.7817385866166354 0.3403141361256545 0.7686053783614759 0.3403141361256545
2 0.08005003126954346 0.794066317626527 0.08943089430894309 0.794066317626527 0.08943089430894309 0.8202443280977313 0.08005003126954346 0.8202443280977313
0 0.4809255784865541 0.08726003490401396 0.4984365228267667 0.08726003490401396 0.4984365228267667 0.16753926701570682 0.4809255784865541 0.16753926701570682
0 0.8055034396497811 0.08376963350785341 0.8267667292057536 0.08376963350785341 0.8267667292057536 0.16404886561954626 0.8055034396497811 0.16404886561954626
