1 0.6993865030674846 0.38605898123324395 0.745398773006135 0.38605898123324395 0.745398773006135 0.42359249329758714 0.6993865030674846 0.42359249329758714
1 0.3987730061349693 0.21983914209115285 0.44785276073619634 0.21983914209115285 0.44785276073619634 0.2627345844504022 0.3987730061349693 0.2627345844504022
1 0.665644171779141 0.5924932975871313 0.7085889570552146 0.5924932975871313 0.7085889570552146 0.6300268096514745 0.665644171779141 0.6300268096514745
1 0.6932515337423313 0.7238605898123325 0.745398773006135 0.7238605898123325 0.745398773006135 0.7667560321715817 0.6932515337423313 0.7667560321715817
1 0.6993865030674846 0.2546916890080429 0.745398773006135 0.2546916890080429 0.745398773006135 0.29222520107238603 0.6993865030674846 0.29222520107238603
1 0.401840490797546 0.13136729222520108 0.44785276073619634 0.13136729222520108 0.44785276073619634 0.16890080428954424 0.401840490797546 0.16890080428954424
1 0.401840490797546 0.7935656836461128 0.44785276073619634 0.7935656836461128 0.44785276073619634 0.8310991957104559 0.401840490797546 0.8310991957104559
1 0.6993865030674846 0.13136729222520108 0.745398773006135 0.13136729222520108 0.745398773006135 0.16890080428954424 0.6993865030674846 0.16890080428954424
1 0.3987730061349693 0.8739946380697051 0.44785276073619634 0.8739946380697051 0.44785276073619634 0.9168900804289544 0.3987730061349693 0.9168900804289544
1 0.696319018404908 0.7935656836461128 0.745398773006135 0.7935656836461128 0.745398773006135 0.833780160857909 0.696319018404908 0.833780160857909
2 0.665644171779141 0.6327077747989276 0.705521472392638 0.6327077747989276 0.705521472392638 0.6675603217158177 0.665644171779141 0.6675603217158177
1 0.696319018404908 0.9061662198391421 0.745398773006135 0.9061662198391421 0.745398773006135 0.9436997319034852 0.696319018404908 0.9436997319034852
