1 0.1562475208589067 0.6899866108678357 0.1741732570945021 0.6899866108678357 0.1741732570945021 0.7191128244600687 0.1562475208589067 0.7191128244600687
1 0.6606914212548015 0.6893203883495146 0.6798975672215108 0.6893203883495146 0.6798975672215108 0.7203883495145631 0.6606914212548015 0.7203883495145631
1 0.264241252737185 0.5347037250247407 0.2821669889727804 0.5347037250247407 0.2821669889727804 0.5618881910441581 0.264241252737185 0.5618881910441581
1 0.7528809218950064 0.33592233009708733 0.7733674775928298 0.33592233009708733 0.7733674775928298 0.3650485436893203 0.7528809218950064 0.3650485436893203
1 0.7554417413572342 0.20776699029126214 0.7733674775928295 0.20776699029126214 0.7733674775928295 0.23495145631067962 0.7554417413572342 0.23495145631067962
1 0.5300896286811779 0.537864077669903 0.5480153649167733 0.537864077669903 0.5480153649167733 0.566990291262136 0.5300896286811779 0.566990291262136
1 0.322663252240717 0.1262135922330097 0.3418693982074264 0.1262135922330097 0.3418693982074264 0.1553398058252427 0.322663252240717 0.1553398058252427
1 0.7541613316261203 0.5398058252427185 0.7720870678617158 0.5398058252427185 0.7720870678617158 0.566990291262136 0.7541613316261203 0.566990291262136
1 0.32394366197183105 0.258252427184466 0.34186939820742646 0.258252427184466 0.34186939820742646 0.2854368932038835 0.32394366197183105 0.2854368932038835
1 0.15668683532361266 0.8706260551218282 0.175892981290322 0.8706260551218282 0.175892981290322 0.8997522687140613 0.15668683532361266 0.8997522687140613
2 0.32522407170294493 0.07184466019417475 0.3393085787451985 0.07184466019417475 0.3393085787451985 0.09126213592233008 0.32522407170294493 0.09126213592233008
2 0.7567221510883484 0.15145631067961166 0.7708066581306019 0.15145631067961166 0.7708066581306019 0.17281553398058253 0.7567221510883484 0.17281553398058253
