1 0.44936960006161036 0.0894212759653337 0.459853001342915 0.0894212759653337 0.459853001342915 0.11246865112538491 0.44936960006161036 0.11246865112538491
0 0.6167734420500873 0.5902688860435339 0.6307513104251602 0.5902688860435339 0.6307513104251602 0.6235595390524967 0.6167734420500873 0.6235595390524967
0 0.790331974373908 0.5915492957746479 0.8037274315666861 0.5915492957746479 0.8037274315666861 0.6235595390524968 0.790331974373908 0.6235595390524968
0 0.8514851485148515 0.2855313700384123 0.8648806057076296 0.2855313700384123 0.8648806057076296 0.31626120358514725 0.8514851485148515 0.31626120358514725
1 0.6884100174723354 0.559539052496799 0.7000582411182295 0.559539052496799 0.7000582411182295 0.5851472471190782 0.6884100174723354 0.5851472471190782
1 0.45078625509609777 0.471190781049936 0.4624344787419918 0.471190781049936 0.4624344787419918 0.4967989756722151 0.45078625509609777 0.4967989756722151
1 0.44379732090856144 0.9052496798975672 0.45544554455445546 0.9052496798975672 0.45544554455445546 0.9295774647887324 0.44379732090856144 0.9295774647887324
2 0.6185206755969714 0.293213828425096 0.6301688992428655 0.293213828425096 0.6301688992428655 0.31882202304737517 0.6185206755969714 0.31882202304737517
1 0.4909726266744322 0.9039692701664532 0.5020384391380315 0.9039692701664532 0.5020384391380315 0.9295774647887324 0.4909726266744322 0.9295774647887324
0 0.1904484566103669 0.2855313700384123 0.203843913803145 0.2855313700384123 0.203843913803145 0.31626120358514725 0.1904484566103669 0.31626120358514725
1 0.5608619685497962 0.9039692701664532 0.5719277810133955 0.9039692701664532 0.5719277810133955 0.9295774647887324 0.5608619685497962 0.9295774647887324
1 0.8619685497961561 0.9026888604353394 0.8736167734420501 0.9026888604353394 0.8736167734420501 0.9295774647887324 0.8619685497961561 0.9295774647887324
0 0.6872451951077462 0.5928297055057619 0.701223063482819 0.5928297055057619 0.701223063482819 0.6222791293213829 0.6872451951077462 0.6222791293213829
1 0.6185206755969714 0.9026888604353394 0.6301688992428655 0.9026888604353394 0.6301688992428655 0.9295774647887324 0.6185206755969714 0.9295774647887324
0 0.1432731508444962 0.2855313700384123 0.15608619685497963 0.2855313700384123 0.15608619685497963 0.31498079385403327 0.1432731508444962 0.31498079385403327
1 0.7920792079207921 0.6594110115236875 0.8031450203843914 0.6594110115236875 0.8031450203843914 0.6850192061459667 0.7920792079207921 0.6850192061459667
1 0.7920792079207921 0.9026888604353394 0.8037274315666861 0.9026888604353394 0.8037274315666861 0.9295774647887324 0.7920792079207921 0.9295774647887324
1 0.19277810133954573 0.8169014084507044 0.20326150262085033 0.8169014084507044 0.20326150262085033 0.8412291933418695 0.19277810133954573 0.8412291933418695
1 0.6179382644146768 0.08578745198463508 0.6301688992428655 0.08578745198463508 0.6301688992428655 0.11139564660691421 0.6179382644146768 0.11139564660691421
1 0.38672102504368083 0.9026888604353394 0.39895165987186954 0.9026888604353394 0.39895165987186954 0.9295774647887324 0.38672102504368083 0.9295774647887324
2 0.38672102504368083 0.293213828425096 0.39895165987186954 0.293213828425096 0.39895165987186954 0.31882202304737517 0.38672102504368083 0.31882202304737517
1 0.19219569015725102 0.14596670934699105 0.203843913803145 0.14596670934699105 0.203843913803145 0.1702944942381562 0.19219569015725102 0.1702944942381562
1 0.6191030867792662 0.6606914212548015 0.6290040768782761 0.6606914212548015 0.6290040768782761 0.6837387964148528 0.6191030867792662 0.6837387964148528
1 0.8538147932440303 0.088348271446863 0.8642981945253349 0.088348271446863 0.8642981945253349 0.11011523687580026 0.8538147932440303 0.11011523687580026
1 0.043680838672102505 0.5300896286811779 0.0553290623179965 0.5300896286811779 0.0553290623179965 0.5544174135723431 0.043680838672102505 0.5544174135723431
1 0.08544135696992158 0.29449423815621 0.09650716943352088 0.29449423815621 0.09650716943352088 0.31882202304737517 0.08544135696992158 0.31882202304737517
1 0.24053581828771112 0.9039692701664532 0.2521840419336051 0.9039692701664532 0.2521840419336051 0.9295774647887324 0.24053581828771112 0.9295774647887324
1 0.24053581828771112 0.08706786171574904 0.2516016307513104 0.08706786171574904 0.2516016307513104 0.11139564660691421 0.24053581828771112 0.11139564660691421
1 0.7128712871287128 0.559539052496799 0.7239370995923122 0.559539052496799 0.7239370995923122 0.5838668373879642 0.7128712871287128 0.5838668373879642
1 0.6884100174723354 0.9026888604353394 0.7000582411182295 0.9026888604353394 0.7000582411182295 0.9295774647887324 0.6884100174723354 0.9295774647887324
1 0.38672102504368083 0.5659411011523687 0.39836924868957485 0.5659411011523687 0.39836924868957485 0.5915492957746479 0.38672102504368083 0.5915492957746479
1 0.3873034362259755 0.088348271446863 0.39836924868957485 0.088348271446863 0.39836924868957485 0.11011523687580026 0.3873034362259755 0.11011523687580026
1 0.23995340710541643 0.5300896286811779 0.25101921956901574 0.5300896286811779 0.25101921956901574 0.5544174135723431 0.23995340710541643 0.5544174135723431
1 0.31683168316831684 0.9026888604353394 0.32906231799650554 0.9026888604353394 0.32906231799650554 0.9295774647887324 0.31683168316831684 0.9295774647887324
1 0.4903902154921374 0.6594110115236875 0.5014560279557367 0.6594110115236875 0.5014560279557367 0.6837387964148528 0.4903902154921374 0.6837387964148528
1 0.19219569015725102 0.9026888604353394 0.203843913803145 0.9026888604353394 0.203843913803145 0.9295774647887324 0.19219569015725102 0.9295774647887324
1 0.7920792079207921 0.08706786171574904 0.8031450203843914 0.08706786171574904 0.8031450203843914 0.11139564660691421 0.7920792079207921 0.11139564660691421
1 0.31683168316831684 0.6581306017925737 0.32847990681421085 0.6581306017925737 0.32847990681421085 0.6837387964148528 0.31683168316831684 0.6837387964148528
1 0.1432731508444962 0.9014084507042255 0.1555037856726849 0.9014084507042255 0.1555037856726849 0.9295774647887325 0.1432731508444962 0.9295774647887325
1 0.14385556202679092 0.08706786171574904 0.1555037856726849 0.08706786171574904 0.1555037856726849 0.11139564660691421 0.14385556202679092 0.11139564660691421
1 0.14385556202679092 0.5313700384122919 0.15492137449039023 0.5313700384122919 0.15492137449039023 0.5556978233034571 0.14385556202679092 0.5556978233034571
1 0.7122888759464182 0.08578745198463508 0.7239370995923122 0.08578745198463508 0.7239370995923122 0.11139564660691421 0.7122888759464182 0.11139564660691421
1 0.3174140943506115 0.08706786171574904 0.32847990681421085 0.08706786171574904 0.32847990681421085 0.11139564660691421 0.3174140943506115 0.11139564660691421
1 0.4909726266744322 0.088348271446863 0.5020384391380315 0.088348271446863 0.5020384391380315 0.11139564660691421 0.4909726266744322 0.11139564660691421
1 0.6884100174723354 0.08706786171574904 0.7000582411182295 0.08706786171574904 0.7000582411182295 0.11139564660691421 0.6884100174723354 0.11139564660691421
0 0.7134536983110076 0.14340588988476313 0.7251019219569016 0.14340588988476313 0.7251019219569016 0.17157490396927016 0.7134536983110076 0.17157490396927016
1 0.6534653465346536 0.761843790012804 0.6639487478159583 0.761843790012804 0.6639487478159583 0.7861715749039692 0.6534653465346536 0.7861715749039692
1 0.9079790331974374 0.3930857874519846 0.9202096680256261 0.3930857874519846 0.9202096680256261 0.41869398207426367 0.9079790331974374 0.41869398207426367
1 0.4117647058823529 0.08706786171574904 0.4222481071636575 0.08706786171574904 0.4222481071636575 0.11139564660691421 0.4117647058823529 0.11139564660691421
1 0.8625509609784507 0.6005121638924455 0.8724519510774607 0.6005121638924455 0.8724519510774607 0.6235595390524968 0.8625509609784507 0.6235595390524968
1 0.7524752475247525 0.47247119078104993 0.7635410599883518 0.47247119078104993 0.7635410599883518 0.4967989756722151 0.7524752475247525 0.4967989756722151
1 0.9079790331974374 0.6017925736235595 0.918462434478742 0.6017925736235595 0.918462434478742 0.6248399487836107 0.9079790331974374 0.6248399487836107
1 0.4117647058823529 0.5659411011523687 0.4222481071636575 0.5659411011523687 0.4222481071636575 0.58898847631242 0.4117647058823529 0.58898847631242
2 0.24053581828771112 0.293213828425096 0.2516016307513104 0.293213828425096 0.2516016307513104 0.3175416133162612 0.24053581828771112 0.3175416133162612
1 0.5259960434546128 0.7632973196050833 0.5370618559182121 0.7632973196050833 0.5370618559182121 0.7863446947651346 0.5259960434546128 0.7863446947651346
1 0.3523587652882935 0.7647508491973629 0.3628421665695981 0.7647508491973629 0.3628421665695981 0.7877982243574141 0.3523587652882935 0.7877982243574141
1 0.8276850358832675 0.764024084401223 0.8381684371645721 0.764024084401223 0.8381684371645721 0.7870714595612743 0.8276850358832675 0.7870714595612743
0 0.6866627839254513 0.14340588988476313 0.6988934187536401 0.14340588988476313 0.6988934187536401 0.17157490396927016 0.6866627839254513 0.17157490396927016
0 0.48864298194525335 0.14340588988476313 0.5002912055911474 0.14340588988476313 0.5002912055911474 0.17157490396927016 0.48864298194525335 0.17157490396927016
0 0.7128712871287128 0.2906530089628681 0.7256843331391962 0.2906530089628681 0.7256843331391962 0.31882202304737517 0.7128712871287128 0.31882202304737517
0 0.41209528439474963 0.14468629961587706 0.42432591922293833 0.14468629961587706 0.42432591922293833 0.17375519835768932 0.41209528439474963 0.17375519835768932
0 0.7903319743739077 0.1446862996158771 0.8019801980198017 0.1446862996158771 0.8019801980198017 0.17392831821885482 0.7903319743739077 0.17392831821885482
0 0.48864298194525335 0.2893725992317542 0.5014560279557367 0.2893725992317542 0.5014560279557367 0.31882202304737517 0.48864298194525335 0.31882202304737517
0 0.3150844496214328 0.14468629961587703 0.3278974956319162 0.14468629961587703 0.3278974956319162 0.1759354927461085 0.3150844496214328 0.1759354927461085
0 0.7903319743739082 0.29065300896286816 0.802562609202097 0.29065300896286816 0.802562609202097 0.323355731685379 0.7903319743739082 0.323355731685379
0 0.4123471170646477 0.29193341869398215 0.42399534071054173 0.29193341869398215 0.42399534071054173 0.3224558470280738 0.4123471170646477 0.3224558470280738
