0 0.779467680608365 0.38672768878718533 0.8048162230671736 0.38672768878718533 0.8048162230671736 0.43249427917620137 0.779467680608365 0.43249427917620137
0 0.5830164765525981 0.6475972540045767 0.6045627376425855 0.6475972540045767 0.6045627376425855 0.6864988558352403 0.5830164765525981 0.6864988558352403
0 0.4055766793409379 0.8787185354691076 0.42458808618504434 0.8787185354691076 0.42458808618504434 0.9130434782608695 0.4055766793409379 0.9130434782608695
0 0.21546261089987323 0.8810068649885584 0.23320659062103927 0.8810068649885584 0.23320659062103927 0.9130434782608695 0.21546261089987323 0.9130434782608695
0 0.5830164765525981 0.5423340961098398 0.6032953105196451 0.5423340961098398 0.6032953105196451 0.5789473684210527 0.5830164765525981 0.5789473684210527
0 0.688212927756654 0.3157894736842105 0.7072243346007604 0.3157894736842105 0.7072243346007604 0.34782608695652173 0.688212927756654 0.34782608695652173
0 0.2864385297845374 0.4279176201372998 0.3079847908745247 0.4279176201372998 0.3079847908745247 0.4645308924485126 0.2864385297845374 0.4645308924485126
1 0.6894803548795944 0.7734553775743707 0.70595690747782 0.7734553775743707 0.70595690747782 0.8009153318077803 0.6894803548795944 0.8009153318077803
1 0.42965779467680604 0.4393592677345538 0.4474017743979721 0.4393592677345538 0.4474017743979721 0.4668192219679634 0.42965779467680604 0.4668192219679634
0 0.6337135614702154 0.8787185354691076 0.6539923954372623 0.8787185354691076 0.6539923954372623 0.9130434782608695 0.6337135614702154 0.9130434782608695
1 0.2889733840304182 0.39816933638443935 0.30544993662864384 0.39816933638443935 0.30544993662864384 0.4279176201372998 0.2889733840304182 0.4279176201372998
2 0.879594423320659 0.40045766590389015 0.8986058301647655 0.40045766590389015 0.8986058301647655 0.43249427917620137 0.879594423320659 0.43249427917620137
1 0.688212927756654 0.40045766590389015 0.70595690747782 0.40045766590389015 0.70595690747782 0.43249427917620137 0.688212927756654 0.43249427917620137
1 0.8491761723700887 0.8146453089244852 0.8643852978453739 0.8146453089244852 0.8643852978453739 0.8421052631578947 0.8491761723700887 0.8421052631578947
1 0.5855513307984791 0.32265446224256294 0.6007604562737642 0.32265446224256294 0.6007604562737642 0.3524027459954233 0.5855513307984791 0.3524027459954233
1 0.7845373891001267 0.7116704805491991 0.7997465145754119 0.7116704805491991 0.7997465145754119 0.7391304347826086 0.7845373891001267 0.7391304347826086
1 0.5868187579214195 0.4393592677345538 0.6020278833967047 0.4393592677345538 0.6020278833967047 0.4668192219679634 0.5868187579214195 0.4668192219679634
2 0.44613434727503165 0.8878718535469108 0.4600760456273764 0.8878718535469108 0.4600760456273764 0.9130434782608695 0.44613434727503165 0.9130434782608695
2 0.7845373891001267 0.8832951945080092 0.8010139416983523 0.8832951945080092 0.8010139416983523 0.9130434782608695 0.7845373891001267 0.9130434782608695
2 0.5868187579214195 0.88558352402746 0.6007604562737642 0.88558352402746 0.6007604562737642 0.9130434782608695 0.5868187579214195 0.9130434782608695
1 0.4879594423320659 0.4393592677345538 0.5044359949302915 0.4393592677345538 0.5044359949302915 0.4668192219679634 0.4879594423320659 0.4668192219679634
2 0.16983523447401774 0.88558352402746 0.18377693282636248 0.88558352402746 0.18377693282636248 0.9130434782608695 0.16983523447401774 0.9130434782608695
2 0.14575411913814953 0.08466819221967964 0.16476552598225602 0.08466819221967964 0.16476552598225602 0.11899313501144165 0.14575411913814953 0.11899313501144165
2 0.6869455006337135 0.08466819221967964 0.7072243346007604 0.08466819221967964 0.7072243346007604 0.11899313501144165 0.6869455006337135 0.11899313501144165
2 0.42965779467680604 0.08466819221967964 0.4486692015209125 0.08466819221967964 0.4486692015209125 0.11899313501144165 0.42965779467680604 0.11899313501144165
1 0.14702154626108999 0.43707093821510296 0.16223067173637515 0.43707093821510296 0.16223067173637515 0.4645308924485126 0.14702154626108999 0.4645308924485126
2 0.35994930291508237 0.88558352402746 0.3738910012674271 0.88558352402746 0.3738910012674271 0.9130434782608695 0.35994930291508237 0.9130434782608695
2 0.2864385297845374 0.08466819221967964 0.30671736375158426 0.08466819221967964 0.30671736375158426 0.11899313501144165 0.2864385297845374 0.11899313501144165
2 0.3574144486692015 0.631578947368421 0.376425855513308 0.631578947368421 0.376425855513308 0.6613272311212814 0.3574144486692015 0.6613272311212814
2 0.6907477820025348 0.88558352402746 0.7046894803548795 0.88558352402746 0.7046894803548795 0.9107551487414187 0.6907477820025348 0.9107551487414187
1 0.6311787072243346 0.2379862700228833 0.6463878326996197 0.2379862700228833 0.6463878326996197 0.2654462242562929 0.6311787072243346 0.2654462242562929
2 0.0861850443599493 0.23569794050343248 0.10392902408111533 0.23569794050343248 0.10392902408111533 0.2654462242562929 0.0861850443599493 0.2654462242562929
2 0.5842839036755386 0.08695652173913043 0.6020278833967047 0.08695652173913043 0.6020278833967047 0.11899313501144165 0.5842839036755386 0.11899313501144165
2 0.0861850443599493 0.34553775743707094 0.10392902408111533 0.34553775743707094 0.10392902408111533 0.37528604118993136 0.0861850443599493 0.37528604118993136
2 0.6375158428390367 0.9702517162471396 0.6501901140684411 0.9702517162471396 0.6501901140684411 0.9931350114416476 0.6375158428390367 0.9931350114416476
1 0.4879594423320659 0.23569794050343248 0.5044359949302915 0.23569794050343248 0.5044359949302915 0.26773455377574373 0.4879594423320659 0.26773455377574373
1 0.16983523447401774 0.43707093821510296 0.18377693282636248 0.43707093821510296 0.18377693282636248 0.4645308924485126 0.16983523447401774 0.4645308924485126
2 0.3751584283903675 0.2379862700228833 0.38910012674271227 0.2379862700228833 0.38910012674271227 0.2608695652173913 0.3751584283903675 0.2608695652173913
2 0.1444866920152091 0.88558352402746 0.15842839036755385 0.88558352402746 0.15842839036755385 0.9130434782608695 0.1444866920152091 0.9130434782608695
1 0.6894803548795944 0.6567505720823799 0.70595690747782 0.6567505720823799 0.70595690747782 0.6864988558352403 0.6894803548795944 0.6864988558352403
2 0.4866920152091254 0.08695652173913043 0.5044359949302915 0.08695652173913043 0.5044359949302915 0.11670480549199085 0.4866920152091254 0.11670480549199085
2 0.8479087452471482 0.8810068649885584 0.8656527249683142 0.8810068649885584 0.8656527249683142 0.9130434782608695 0.8479087452471482 0.9130434782608695
1 0.33460076045627374 0.2334096109839817 0.3536121673003802 0.2334096109839817 0.3536121673003802 0.26773455377574373 0.33460076045627374 0.26773455377574373
2 0.40811153358681873 0.9725400457665904 0.4195183776932826 0.9725400457665904 0.4195183776932826 0.9908466819221968 0.40811153358681873 0.9908466819221968
1 0.6894803548795944 0.5491990846681922 0.70595690747782 0.5491990846681922 0.70595690747782 0.5812356979405034 0.6894803548795944 0.5812356979405034
2 0.6299112801013941 0.08695652173913043 0.6463878326996197 0.08695652173913043 0.6463878326996197 0.11670480549199085 0.6299112801013941 0.11670480549199085
2 0.8808618504435994 0.6407322654462243 0.8960709759188846 0.6407322654462243 0.8960709759188846 0.6681922196796338 0.8808618504435994 0.6681922196796338
2 0.879594423320659 0.5263157894736842 0.897338403041825 0.5263157894736842 0.897338403041825 0.5583524027459954 0.879594423320659 0.5583524027459954
2 0.8808618504435994 0.7482837528604119 0.8960709759188846 0.7482837528604119 0.8960709759188846 0.7734553775743707 0.8808618504435994 0.7734553775743707
2 0.2433460076045627 0.43707093821510296 0.2598225602027883 0.43707093821510296 0.2598225602027883 0.4645308924485126 0.2433460076045627 0.4645308924485126
2 0.6311787072243346 0.32494279176201374 0.6438529784537389 0.32494279176201374 0.6438529784537389 0.34782608695652173 0.6311787072243346 0.34782608695652173
2 0.5247148288973383 0.8901601830663616 0.5335868187579214 0.8901601830663616 0.5335868187579214 0.9107551487414187 0.5247148288973383 0.9107551487414187
2 0.3738910012674271 0.08695652173913043 0.3903675538656527 0.08695652173913043 0.3903675538656527 0.11670480549199085 0.3738910012674271 0.11670480549199085
