1 0.52267300060829 0.2857268024790751 0.545281696260464 0.2857268024790751 0.545281696260464 0.3179848669952042 0.52267300060829 0.3179848669952042
1 0.2782608695652174 0.5310173697270472 0.30434782608695654 0.5310173697270472 0.30434782608695654 0.56575682382134 0.2782608695652174 0.56575682382134
1 0.28 0.25891423914247413 0.3043478260869566 0.25891423914247413 0.3043478260869566 0.29365369323676693 0.28 0.29365369323676693
1 0.06086956521739131 0.2853598014888337 0.08521739130434783 0.2853598014888337 0.08521739130434783 0.3200992555831266 0.06086956521739131 0.3200992555831266
1 0.37913043478260877 0.0967741935483871 0.40347826086956534 0.0967741935483871 0.40347826086956534 0.12903225806451613 0.37913043478260877 0.12903225806451613
1 0.28 0.34491315136476425 0.30260869565217396 0.34491315136476425 0.30260869565217396 0.3771712158808933 0.28 0.3771712158808933
2 0.5217391304347826 0.2555831265508685 0.5443478260869565 0.2555831265508685 0.5443478260869565 0.2853598014888338 0.5217391304347826 0.2853598014888338
2 0.5234782608695652 0.09925558312655088 0.542608695652174 0.09925558312655088 0.542608695652174 0.12655086848635236 0.5234782608695652 0.12655086848635236
1 0.5182608695652174 0.6253101736972705 0.5408695652173914 0.6253101736972705 0.5408695652173914 0.6575682382133995 0.5182608695652174 0.6575682382133995
2 0.28347826086956524 0.09925558312655088 0.30434782608695654 0.09925558312655088 0.30434782608695654 0.12903225806451613 0.28347826086956524 0.12903225806451613
1 0.4365217391304348 0.5310173697270472 0.4591304347826087 0.5310173697270472 0.4591304347826087 0.5632754342431762 0.4365217391304348 0.5632754342431762
1 0.1482930220432755 0.19621327717005865 0.1709017176954494 0.19621327717005865 0.1709017176954494 0.22847134168618768 0.1482930220432755 0.22847134168618768
1 0.5217391304347826 0.04466501240694789 0.5443478260869565 0.04466501240694789 0.5443478260869565 0.07692307692307693 0.5217391304347826 0.07692307692307693
1 0.2817391304347826 0.04218362282878412 0.30434782608695654 0.04218362282878412 0.30434782608695654 0.07692307692307693 0.2817391304347826 0.07692307692307693
1 0.6730434782608695 0.49627791563275436 0.6956521739130435 0.49627791563275436 0.6956521739130435 0.5310173697270472 0.6730434782608695 0.5310173697270472
1 0.19652173913043477 0.6228287841191067 0.22086956521739132 0.6228287841191067 0.22086956521739132 0.6575682382133995 0.19652173913043477 0.6575682382133995
1 0.19826086956521738 0.4392059553349876 0.22086956521739132 0.4392059553349876 0.22086956521739132 0.47146401985111663 0.19826086956521738 0.47146401985111663
1 0.8573913043478261 0.49627791563275436 0.8817391304347826 0.49627791563275436 0.8817391304347826 0.533498759305211 0.8573913043478261 0.533498759305211
1 0.4365217391304348 0.8461538461538461 0.4591304347826087 0.8461538461538461 0.4591304347826087 0.8808933002481389 0.4365217391304348 0.8808933002481389
1 0.28127219534802883 0.8465208471440876 0.30562002143498535 0.8465208471440876 0.30562002143498535 0.8812603012383804 0.28127219534802883 0.8812603012383804
2 0.6034782608695652 0.4987593052109181 0.6243478260869565 0.4987593052109181 0.6243478260869565 0.5310173697270472 0.6034782608695652 0.5310173697270472
1 0.8595973698693623 0.8476697916856091 0.8822060655215362 0.8476697916856091 0.8822060655215362 0.8824092457799019 0.8595973698693623 0.8824092457799019
1 0.6 0.8411910669975186 0.6260869565217392 0.8411910669975186 0.6260869565217392 0.8808933002481389 0.6 0.8808933002481389
