1 0.5909433962264151 0.6177423710504996 0.6 0.6177423710504996 0.6 0.6527140156629759 0.5909433962264151 0.6527140156629759
1 0.919748427672956 0.43572778827977315 0.9293081761006289 0.43572778827977315 0.9293081761006289 0.4735349716446125 0.919748427672956 0.4735349716446125
1 0.29333333333333333 0.3449905482041588 0.3026415094339623 0.3449905482041588 0.3026415094339623 0.3799621928166352 0.29333333333333333 0.3799621928166352
1 0.5914465408805032 0.12003780718336482 0.600503144654088 0.12003780718336482 0.600503144654088 0.15406427221172023 0.5914465408805032 0.15406427221172023
1 0.4120754716981132 0.5935727788279773 0.42012578616352203 0.5935727788279773 0.42012578616352203 0.6247637051039697 0.4120754716981132 0.6247637051039697
1 0.7217610062893081 0.5926275992438563 0.7308176100628929 0.5926275992438563 0.7308176100628929 0.6275992438563327 0.7217610062893081 0.6275992438563327
1 0.19429290206648697 0.1303267620847961 0.20234321653189577 0.1303267620847961 0.20234321653189577 0.16057250877666757 0.19429290206648697 0.16057250877666757
1 0.6560071877807728 0.7453416149068325 0.6648122192273137 0.7453416149068325 0.6648122192273137 0.7793680799351879 0.6560071877807728 0.7793680799351879
1 0.1929559748427673 0.6134215500945179 0.20176100628930818 0.6134215500945179 0.20176100628930818 0.6455576559546313 0.1929559748427673 0.6455576559546313
1 0.12300449236298296 0.12784229003510666 0.1313063791554358 0.12784229003510666 0.1313063791554358 0.1590332163110991 0.12300449236298296 0.1590332163110991
1 0.8445283018867924 0.43761814744801514 0.8548427672955975 0.43761814744801514 0.8548427672955975 0.4763705103969754 0.8445283018867924 0.4763705103969754
1 0.889811320754717 0.43667296786389415 0.8988679245283019 0.43667296786389415 0.8988679245283019 0.47448015122873344 0.889811320754717 0.47448015122873344
1 0.19345911949685538 0.34688090737240074 0.20226415094339625 0.34688090737240074 0.20226415094339625 0.3799621928166352 0.19345911949685538 0.3799621928166352
1 0.6558490566037736 0.3506616257088847 0.6638993710691824 0.3506616257088847 0.6638993710691824 0.3809073724007561 0.6558490566037736 0.3809073724007561
1 0.7851572327044025 0.5935727788279773 0.7937106918238994 0.5935727788279773 0.7937106918238994 0.6266540642722117 0.7851572327044025 0.6266540642722117
2 0.7846540880503144 0.11625708884688091 0.7957232704402516 0.11625708884688091 0.7957232704402516 0.15784499054820417 0.7846540880503144 0.15784499054820417
1 0.41273674752920037 0.4403996759384283 0.42078706199460914 0.4403996759384283 0.42078706199460914 0.4725357817985418 0.41273674752920037 0.4725357817985418
2 0.29424618149146453 0.6203348636240886 0.30229649595687336 0.6203348636240886 0.30229649595687336 0.6505806103159602 0.29424618149146453 0.6505806103159602
1 0.41182389937106917 0.7400756143667295 0.420377358490566 0.7400756143667295 0.420377358490566 0.773156899810964 0.41182389937106917 0.773156899810964
1 0.8442767295597484 0.7372400756143668 0.8555974842767295 0.7372400756143668 0.8555974842767295 0.780718336483932 0.8442767295597484 0.780718336483932
1 0.09358490566037736 0.7391304347826086 0.10314465408805032 0.7391304347826086 0.10314465408805032 0.774102079395085 0.09358490566037736 0.774102079395085
1 0.12226415094339621 0.3516068052930057 0.13056603773584904 0.3516068052930057 0.13056603773584904 0.3809073724007561 0.12226415094339621 0.3809073724007561
1 0.7861347708894878 0.44180394274912244 0.7956298292902064 0.44180394274912244 0.7956298292902064 0.4759384283013772 0.7861347708894878 0.4759384283013772
1 0.3876729559748428 0.11909262759924384 0.3974842767295598 0.11909262759924384 0.3974842767295598 0.15689981096408318 0.3876729559748428 0.15689981096408318
1 0.06531536388140162 0.12441263840129625 0.07361725067385445 0.12441263840129625 0.07361725067385445 0.1556035646772887 0.06531536388140162 0.1556035646772887
1 0.3882551662174304 0.4418039427491224 0.3970601976639713 0.4418039427491224 0.3970601976639713 0.4758304077774778 0.3882551662174304 0.4758304077774778
1 0.5916981132075472 0.3487712665406427 0.6002515723270441 0.3487712665406427 0.6002515723270441 0.3809073724007561 0.5916981132075472 0.3809073724007561
1 0.0940880503144654 0.4829867674858223 0.10264150943396226 0.4829867674858223 0.10264150943396226 0.5141776937618148 0.0940880503144654 0.5141776937618148
1 0.7220125786163522 0.7465838509316769 0.7303144654088051 0.7465838509316769 0.7303144654088051 0.7787199567917903 0.7220125786163522 0.7787199567917903
1 0.8890566037735849 0.7381852551984878 0.89937106918239 0.7381852551984878 0.89937106918239 0.777882797731569 0.8890566037735849 0.777882797731569
2 0.3108499550763702 0.622819335673778 0.318900269541779 0.622819335673778 0.318900269541779 0.6511747231974075 0.3108499550763702 0.6511747231974075
1 0.4620449236298294 0.741317850391574 0.4713530997304583 0.741317850391574 0.4713530997304583 0.7762894950040504 0.4620449236298294 0.7762894950040504
1 0.06523629829290208 0.32757223872535784 0.07328661275831087 0.32757223872535784 0.07328661275831087 0.3587631650013503 0.06523629829290208 0.3587631650013503
1 0.8442767295597484 0.5907372400756143 0.8550943396226415 0.5907372400756143 0.8550943396226415 0.6304347826086957 0.8442767295597484 0.6304347826086957
1 0.5911949685534591 0.7429111531190926 0.599748427672956 0.7429111531190926 0.599748427672956 0.774102079395085 0.5911949685534591 0.774102079395085
1 0.09182389937106918 0.24858223062381848 0.09987421383647799 0.24858223062381848 0.09987421383647799 0.2797731568998109 0.09182389937106918 0.2797731568998109
2 0.19202875112309076 0.7084526059951393 0.20385265049415996 0.7084526059951393 0.20385265049415996 0.7594923035376723 0.19202875112309076 0.7594923035376723
1 0.3889955076370171 0.5984877126654063 0.39729739442946993 0.5984877126654063 0.39729739442946993 0.6296786389413987 0.3889955076370171 0.6296786389413987
1 0.4619658580413297 0.43880637321090993 0.4717771787960467 0.43880637321090993 0.4717771787960467 0.4766135565757492 0.4619658580413297 0.4766135565757492
2 0.29283018867924526 0.7175533351336754 0.3018867924528302 0.7175533351336754 0.3018867924528302 0.7563056980826357 0.29283018867924526 0.7563056980826357
1 0.3111015274034142 0.7195247096948421 0.319151841868823 0.7195247096948421 0.319151841868823 0.7478800972184715 0.3111015274034142 0.7478800972184715
1 0.4969344115004492 0.4419389684039967 0.5057394429469901 0.4419389684039967 0.5057394429469901 0.4759654334323521 0.4969344115004492 0.4759654334323521
1 0.34195148247978435 0.6196867404806913 0.35025336927223716 0.6196867404806913 0.35025336927223716 0.6489873075884418 0.34195148247978435 0.6489873075884418
1 0.24427672955974844 0.3487712665406427 0.2523270440251572 0.3487712665406427 0.2523270440251572 0.3790170132325142 0.24427672955974844 0.3790170132325142
2 0.24410422282120398 0.7186335403726709 0.2534123989218329 0.7186335403726709 0.2534123989218329 0.7507696462327843 0.24410422282120398 0.7507696462327843
1 0.24410422282120398 0.7426411018093438 0.2534123989218329 0.7426411018093438 0.2534123989218329 0.7823386443424252 0.24410422282120398 0.7823386443424252
2 0.0470440251572327 0.0661625708884688 0.05635220125786163 0.0661625708884688 0.05635220125786163 0.10207939508506617 0.0470440251572327 0.10207939508506617
1 0.3406289308176101 0.7427491223332433 0.35044025157232706 0.7427491223332433 0.35044025157232706 0.7815014852822036 0.3406289308176101 0.7815014852822036
2 0.5911949685534591 0.062381852551984876 0.6020125786163522 0.062381852551984876 0.6020125786163522 0.1001890359168242 0.5911949685534591 0.1001890359168242
1 0.29341239892183296 0.7449905482041589 0.3024690026954178 0.7449905482041589 0.3024690026954178 0.7809073724007561 0.29341239892183296 0.7809073724007561
1 0.19194968553459116 0.7390224142587091 0.20377358490566036 0.7390224142587091 0.20377358490566036 0.7834458547123954 0.19194968553459116 0.7834458547123954
2 0.3415489667565139 0.7180124223602484 0.34981491464510334 0.7180124223602484 0.34981491464510334 0.7527950310559006 0.3415489667565139 0.7527950310559006
1 0.3891608265947889 0.46956521739130436 0.3970961365678345 0.46956521739130436 0.3970961365678345 0.49565217391304345 0.3891608265947889 0.49565217391304345
1 0.7869182389937107 0.47080745341614905 0.7948535489667563 0.47080745341614905 0.7948535489667563 0.5031055900621118 0.7869182389937107 0.5031055900621118
