0 0.3456973293768546 0.27917981072555204 0.3931750741839763 0.27917981072555204 0.3931750741839763 0.3312302839116719 0.3456973293768546 0.3312302839116719
0 0.5727002967359051 0.5094637223974763 0.6231454005934718 0.5094637223974763 0.6231454005934718 0.5583596214511041 0.5727002967359051 0.5583596214511041
0 0.7537091988130564 0.8659305993690851 0.798219584569733 0.8659305993690851 0.798219584569733 0.919558359621451 0.7537091988130564 0.919558359621451
0 0.23887240356083086 0.862776025236593 0.28486646884273 0.862776025236593 0.28486646884273 0.916403785488959 0.23887240356083086 0.916403785488959
2 0.5816023738872403 0.3107255520504732 0.6097922848664689 0.3107255520504732 0.6097922848664689 0.34069400630914826 0.5816023738872403 0.34069400630914826
2 0.1543026706231454 0.5520504731861199 0.1824925816023739 0.5520504731861199 0.1824925816023739 0.5820189274447949 0.1543026706231454 0.5820189274447949
2 0.8204747774480713 0.8801261829652997 0.8427299703264095 0.8801261829652997 0.8427299703264095 0.9037854889589905 0.8204747774480713 0.9037854889589905
2 0.5816023738872403 0.48264984227129337 0.6097922848664689 0.48264984227129337 0.6097922848664689 0.5126182965299685 0.5816023738872403 0.5126182965299685
2 0.3560830860534125 0.11198738170347003 0.3798219584569733 0.11198738170347003 0.3798219584569733 0.13564668769716087 0.3560830860534125 0.13564668769716087
2 0.5816023738872403 0.8785488958990536 0.6053412462908012 0.8785488958990536 0.6053412462908012 0.9037854889589905 0.5816023738872403 0.9037854889589905
2 0.4599406528189911 0.10883280757097792 0.4851632047477745 0.10883280757097792 0.4851632047477745 0.13564668769716087 0.4599406528189911 0.13564668769716087
2 0.15578635014836795 0.4479495268138801 0.1824925816023739 0.4479495268138801 0.1824925816023739 0.4747634069400631 0.15578635014836795 0.4747634069400631
2 0.15727002967359052 0.30126182965299686 0.1824925816023739 0.30126182965299686 0.1824925816023739 0.3264984227129337 0.15727002967359052 0.3264984227129337
2 0.4629080118694362 0.22397476340694006 0.4881305637982196 0.22397476340694006 0.4881305637982196 0.250788643533123 0.4629080118694362 0.250788643533123
2 0.46142433234421365 0.7760252365930599 0.4881305637982196 0.7760252365930599 0.4881305637982196 0.8028391167192429 0.46142433234421365 0.8028391167192429
2 0.5830860534124629 0.11041009463722397 0.6097922848664689 0.11041009463722397 0.6097922848664689 0.13722397476340695 0.5830860534124629 0.13722397476340695
2 0.35459940652818994 0.5299684542586751 0.38130563798219586 0.5299684542586751 0.38130563798219586 0.5583596214511041 0.35459940652818994 0.5583596214511041
2 0.46142433234421365 0.8769716088328076 0.4881305637982196 0.8769716088328076 0.4881305637982196 0.9053627760252365 0.46142433234421365 0.9053627760252365
2 0.4599406528189911 0.05205047318611987 0.4851632047477745 0.05205047318611987 0.4851632047477745 0.07886435331230283 0.4599406528189911 0.07886435331230283
2 0.7700296735905044 0.5047318611987381 0.7967359050445104 0.5047318611987381 0.7967359050445104 0.5331230283911672 0.7700296735905044 0.5331230283911672
2 0.798219584569733 0.222397476340694 0.8249258160237389 0.222397476340694 0.8249258160237389 0.250788643533123 0.798219584569733 0.250788643533123
2 0.35163204747774485 0.8769716088328076 0.37833827893175076 0.8769716088328076 0.37833827893175076 0.9053627760252365 0.35163204747774485 0.9053627760252365
2 0.2789317507418398 0.8801261829652997 0.3026706231454006 0.8801261829652997 0.3026706231454006 0.9037854889589905 0.2789317507418398 0.9037854889589905
2 0.8827893175074184 0.28233438485804413 0.9124629080118695 0.28233438485804413 0.9124629080118695 0.3138801261829653 0.8827893175074184 0.3138801261829653
2 0.8175074183976262 0.5063091482649842 0.8427299703264095 0.5063091482649842 0.8427299703264095 0.5315457413249212 0.8175074183976262 0.5315457413249212
2 0.3189910979228487 0.305993690851735 0.3367952522255193 0.305993690851735 0.3367952522255193 0.3249211356466877 0.3189910979228487 0.3249211356466877
2 0.3189910979228487 0.8817034700315457 0.3367952522255193 0.8817034700315457 0.3367952522255193 0.9022082018927444 0.3189910979228487 0.9022082018927444
2 0.8575667655786351 0.8769716088328076 0.8857566765578635 0.8769716088328076 0.8857566765578635 0.9053627760252365 0.8575667655786351 0.9053627760252365
2 0.32047477744807124 0.11356466876971609 0.3367952522255193 0.11356466876971609 0.3367952522255193 0.13406940063091483 0.32047477744807124 0.13406940063091483
