0 0.2857142857142857 0.20186335403726707 0.3083623693379791 0.20186335403726707 0.3083623693379791 0.23913043478260868 0.2857142857142857 0.23913043478260868
0 0.5505226480836237 0.5683229813664595 0.5714285714285714 0.5683229813664595 0.5714285714285714 0.608695652173913 0.5505226480836237 0.608695652173913
1 0.8536585365853658 0.20496894409937888 0.8763066202090593 0.20496894409937888 0.8763066202090593 0.2453416149068323 0.8536585365853658 0.2453416149068323
1 0.2229965156794425 0.6459627329192547 0.24390243902439024 0.6459627329192547 0.24390243902439024 0.686335403726708 0.2229965156794425 0.686335403726708
0 0.5505226480836237 0.37267080745341613 0.5714285714285714 0.37267080745341613 0.5714285714285714 0.4130434782608695 0.5505226480836237 0.4130434782608695
1 0.44773519163763065 0.7608695652173912 0.4686411149825784 0.7608695652173912 0.4686411149825784 0.7981366459627328 0.44773519163763065 0.7981366459627328
1 0.3519163763066202 0.37577639751552794 0.37456445993031356 0.37577639751552794 0.37456445993031356 0.4161490683229813 0.3519163763066202 0.4161490683229813
1 0.3519163763066202 0.5714285714285714 0.37456445993031356 0.5714285714285714 0.37456445993031356 0.6118012422360248 0.3519163763066202 0.6118012422360248
1 0.3519163763066202 0.6459627329192547 0.37456445993031356 0.6459627329192547 0.37456445993031356 0.686335403726708 0.3519163763066202 0.686335403726708
1 0.9477351916376306 0.3322981366459627 0.9703832752613241 0.3322981366459627 0.9703832752613241 0.37267080745341613 0.9477351916376306 0.37267080745341613
2 0.289198606271777 0.32608695652173914 0.3048780487804878 0.32608695652173914 0.3048780487804878 0.35093167701863354 0.289198606271777 0.35093167701863354
2 0.7282229965156795 0.9099378881987576 0.7456445993031359 0.9099378881987576 0.7456445993031359 0.9378881987577639 0.7282229965156795 0.9378881987577639
2 0.3554006968641115 0.9099378881987576 0.37282229965156793 0.9099378881987576 0.37282229965156793 0.9378881987577639 0.3554006968641115 0.9378881987577639
2 0.8118466898954704 0.9099378881987576 0.8275261324041812 0.9099378881987576 0.8275261324041812 0.9378881987577639 0.8118466898954704 0.9378881987577639
2 0.2229965156794425 0.9068322981366459 0.2421602787456446 0.9068322981366459 0.2421602787456446 0.9409937888198757 0.2229965156794425 0.9409937888198757
2 0.5522648083623694 0.9068322981366459 0.5696864111498258 0.9068322981366459 0.5696864111498258 0.9409937888198757 0.5522648083623694 0.9409937888198757
2 0.7264808362369338 0.03105590062111801 0.7439024390243902 0.03105590062111801 0.7439024390243902 0.06211180124223602 0.7264808362369338 0.06211180124223602
1 0.7264808362369338 0.48136645962732916 0.7473867595818815 0.48136645962732916 0.7473867595818815 0.5186335403726707 0.7264808362369338 0.5186335403726707
2 0.2874564459930314 0.03105590062111801 0.3048780487804878 0.03105590062111801 0.3048780487804878 0.06211180124223602 0.2874564459930314 0.06211180124223602
2 0.5505226480836237 0.03105590062111801 0.5696864111498258 0.03105590062111801 0.5696864111498258 0.06211180124223602 0.5505226480836237 0.06211180124223602
1 0.13240418118466898 0.7577639751552795 0.15505226480836237 0.7577639751552795 0.15505226480836237 0.7981366459627328 0.13240418118466898 0.7981366459627328
2 0.5505226480836237 0.6180124223602484 0.5714285714285714 0.6180124223602484 0.5714285714285714 0.6583850931677018 0.5505226480836237 0.6583850931677018
