0 0.24771573604060915 0.38721136767317943 0.2700507614213198 0.38721136767317943 0.2700507614213198 0.42451154529307283 0.24771573604060915 0.42451154529307283
0 0.6893401015228426 0.5843694493783304 0.7106598984771574 0.5843694493783304 0.7106598984771574 0.6234458259325044 0.6893401015228426 0.6234458259325044
0 0.5065989847715736 0.38721136767317943 0.5299492385786803 0.38721136767317943 0.5299492385786803 0.4262877442273535 0.5065989847715736 0.4262877442273535
1 0.38781725888324875 0.5950266429840142 0.4071065989847716 0.5950266429840142 0.4071065989847716 0.6287744227353463 0.38781725888324875 0.6287744227353463
0 0.6487309644670051 0.5843694493783304 0.6720812182741117 0.5843694493783304 0.6720812182741117 0.6234458259325044 0.6487309644670051 0.6234458259325044
0 0.19289340101522845 0.38721136767317943 0.21725888324873097 0.38721136767317943 0.21725888324873097 0.4262877442273535 0.19289340101522845 0.4262877442273535
0 0.33096446700507615 0.5861456483126111 0.35634517766497464 0.5861456483126111 0.35634517766497464 0.630550621669627 0.33096446700507615 0.630550621669627
1 0.6517766497461929 0.2912966252220249 0.6720812182741117 0.2912966252220249 0.6720812182741117 0.3268206039076377 0.6517766497461929 0.3268206039076377
1 0.9055837563451777 0.2877442273534636 0.9248730964467006 0.2877442273534636 0.9248730964467006 0.32149200710479575 0.9055837563451777 0.32149200710479575
1 0.07614213197969544 0.5968028419182949 0.09543147208121829 0.5968028419182949 0.09543147208121829 0.630550621669627 0.07614213197969544 0.630550621669627
0 0.6487309644670051 0.38721136767317943 0.6720812182741117 0.38721136767317943 0.6720812182741117 0.4280639431616341 0.6487309644670051 0.4280639431616341
1 0.5076142131979696 0.07282415630550622 0.5279187817258884 0.07282415630550622 0.5279187817258884 0.108348134991119 0.5076142131979696 0.108348134991119
0 0.5583756345177665 0.38721136767317943 0.5807106598984771 0.38721136767317943 0.5807106598984771 0.42451154529307283 0.5583756345177665 0.42451154529307283
1 0.833502538071066 0.2877442273534636 0.8538071065989848 0.2877442273534636 0.8538071065989848 0.32149200710479575 0.833502538071066 0.32149200710479575
2 0.5106598984771574 0.023090586145648313 0.5238578680203045 0.023090586145648313 0.5238578680203045 0.046181172291296625 0.5106598984771574 0.046181172291296625
2 0.3370558375634518 0.8134991119005329 0.35126903553299493 0.8134991119005329 0.35126903553299493 0.8365896980461812 0.3370558375634518 0.8365896980461812
2 0.19796954314720813 0.6039076376554174 0.21218274111675128 0.6039076376554174 0.21218274111675128 0.6269982238010657 0.19796954314720813 0.6269982238010657
2 0.5116751269035533 0.6039076376554174 0.5248730964467005 0.6039076376554174 0.5248730964467005 0.6269982238010657 0.5116751269035533 0.6269982238010657
2 0.8375634517766498 0.5985790408525755 0.850761421319797 0.5985790408525755 0.850761421319797 0.6216696269982238 0.8375634517766498 0.6216696269982238
1 0.19695431472081218 0.4227353463587922 0.21421319796954316 0.4227353463587922 0.21421319796954316 0.45115452930728245 0.19695431472081218 0.45115452930728245
2 0.6923857868020304 0.8134991119005329 0.7076142131979696 0.8134991119005329 0.7076142131979696 0.8383658969804618 0.6923857868020304 0.8383658969804618
1 0.5096446700507614 0.4227353463587922 0.5258883248730964 0.4227353463587922 0.5258883248730964 0.45115452930728245 0.5096446700507614 0.45115452930728245
1 0.5624365482233503 0.42095914742451157 0.5807106598984771 0.42095914742451157 0.5807106598984771 0.45115452930728245 0.5624365482233503 0.45115452930728245
1 0.24974619289340103 0.42451154529307283 0.26802030456852793 0.42451154529307283 0.26802030456852793 0.45115452930728245 0.24974619289340103 0.45115452930728245
