1 0.792608695652174 0.7511926605504587 0.8182608695652174 0.7511926605504587 0.8182608695652174 0.7728440366972477 0.792608695652174 0.7728440366972477
0 0.40347826086956523 0.7269724770642202 0.4295652173913044 0.7269724770642202 0.4295652173913044 0.7475229357798165 0.40347826086956523 0.7475229357798165
0 0.5760869565217391 0.7269724770642202 0.6026086956521739 0.7269724770642202 0.6026086956521739 0.7478899082568807 0.5760869565217391 0.7478899082568807
1 0.1917391304347826 0.7511926605504587 0.21695652173913044 0.7511926605504587 0.21695652173913044 0.7724770642201835 0.1917391304347826 0.7724770642201835
1 0.4056521739130435 0.7519266055045871 0.4291304347826087 0.7519266055045871 0.4291304347826087 0.7721100917431193 0.4056521739130435 0.7721100917431193
1 0.5017391304347826 0.09394495412844037 0.5226086956521739 0.09394495412844037 0.5226086956521739 0.11229357798165138 0.5017391304347826 0.11229357798165138
2 0.30086956521739133 0.48660550458715596 0.3247826086956522 0.48660550458715596 0.3247826086956522 0.5071559633027523 0.30086956521739133 0.5071559633027523
1 0.5791304347826087 0.7526605504587156 0.6021739130434783 0.7526605504587156 0.6021739130434783 0.7721100917431193 0.5791304347826087 0.7721100917431193
1 0.6891304347826087 0.588256880733945 0.7108695652173913 0.588256880733945 0.7108695652173913 0.606605504587156 0.6891304347826087 0.606605504587156
1 0.30347826086956525 0.5886238532110092 0.3247826086956522 0.5886238532110092 0.3247826086956522 0.606605504587156 0.30347826086956525 0.606605504587156
2 0.5043478260869565 0.3662385321100917 0.5182608695652174 0.3662385321100917 0.5182608695652174 0.378348623853211 0.5043478260869565 0.378348623853211
2 0.6878260869565218 0.4873394495412844 0.7095652173913044 0.4873394495412844 0.7095652173913044 0.5071559633027523 0.6878260869565218 0.5071559633027523
2 0.6921739130434783 0.8612844036697248 0.7056521739130435 0.8612844036697248 0.7056521739130435 0.8726605504587156 0.6921739130434783 0.8726605504587156
2 0.3065217391304348 0.8612844036697248 0.31956521739130433 0.8612844036697248 0.31956521739130433 0.8726605504587156 0.3065217391304348 0.8726605504587156
