1 0.19862227324913892 0.12880886426592797 0.22043628013777267 0.12880886426592797 0.22043628013777267 0.15512465373961218 0.19862227324913892 0.15512465373961218
1 0.8541905855338691 0.7313019390581718 0.8760045924225028 0.7313019390581718 0.8760045924225028 0.7562326869806094 0.8541905855338691 0.7562326869806094
2 0.2927669345579793 0.7617728531855957 0.3157290470723307 0.7617728531855957 0.3157290470723307 0.7894736842105264 0.2927669345579793 0.7894736842105264
2 0.8794489092996556 0.703601108033241 0.9024110218140069 0.703601108033241 0.9024110218140069 0.7313019390581718 0.8794489092996556 0.7313019390581718
1 0.685419058553387 0.12326869806094183 0.7060849598163033 0.12326869806094183 0.7060849598163033 0.14958448753462603 0.685419058553387 0.14958448753462603
1 0.1354764638346728 0.20914127423822715 0.1549942594718714 0.20914127423822715 0.1549942594718714 0.23407202216066483 0.1354764638346728 0.23407202216066483
1 0.35361653272101035 0.8240997229916895 0.37543053960964407 0.8240997229916895 0.37543053960964407 0.8504155124653738 0.35361653272101035 0.8504155124653738
1 0.5981630309988519 0.3587257617728532 0.6176808266360505 0.3587257617728532 0.6176808266360505 0.38227146814404434 0.5981630309988519 0.38227146814404434
1 0.5281285878300803 0.28254847645429365 0.5464982778415614 0.28254847645429365 0.5464982778415614 0.3060941828254848 0.5281285878300803 0.3060941828254848
1 0.5970149253731343 0.19806094182825482 0.6199770378874856 0.19806094182825482 0.6199770378874856 0.22576177285318555 0.5970149253731343 0.22576177285318555
1 0.7554535017221585 0.3587257617728532 0.7749712973593572 0.3587257617728532 0.7749712973593572 0.38227146814404434 0.7554535017221585 0.38227146814404434
1 0.6636050516647533 0.8213296398891967 0.6877152698048222 0.8213296398891967 0.6877152698048222 0.850415512465374 0.6636050516647533 0.850415512465374
1 0.42824339839265213 0.20221606648199447 0.452353616532721 0.20221606648199447 0.452353616532721 0.23130193905817176 0.42824339839265213 0.23130193905817176
1 0.35706084959816303 0.2853185595567867 0.38002296211251435 0.2853185595567867 0.38002296211251435 0.31163434903047094 0.35706084959816303 0.31163434903047094
1 0.2927669345579793 0.6398891966759003 0.3157290470723307 0.6398891966759003 0.3157290470723307 0.667590027700831 0.2927669345579793 0.667590027700831
1 0.8553386911595866 0.5193905817174516 0.8748564867967852 0.5193905817174516 0.8748564867967852 0.5429362880886427 0.8553386911595866 0.5429362880886427
2 0.685419058553387 0.04847645429362881 0.7037887485648681 0.04847645429362881 0.7037887485648681 0.07063711911357341 0.685419058553387 0.07063711911357341
1 0.7543053960964409 0.4113573407202216 0.7749712973593571 0.4113573407202216 0.7749712973593571 0.4376731301939058 0.7543053960964409 0.4376731301939058
1 0.7543053960964409 0.1994459833795014 0.7761194029850746 0.1994459833795014 0.7761194029850746 0.22437673130193905 0.7543053960964409 0.22437673130193905
2 0.42824339839265213 0.9404432132963989 0.4500574052812859 0.9404432132963989 0.4500574052812859 0.9653739612188366 0.42824339839265213 0.9653739612188366
2 0.2927669345579793 0.9376731301939059 0.3157290470723307 0.9376731301939059 0.3157290470723307 0.9653739612188366 0.2927669345579793 0.9653739612188366
2 0.8828932261768084 0.4155124653739612 0.9001148105625719 0.4155124653739612 0.9001148105625719 0.4362880886426593 0.8828932261768084 0.4362880886426593
1 0.6842709529276694 0.28116343490304707 0.703788748564868 0.28116343490304707 0.703788748564868 0.3047091412742382 0.6842709529276694 0.3047091412742382
1 0.35706084959816303 0.12742382271468145 0.38002296211251435 0.12742382271468145 0.38002296211251435 0.15650969529085873 0.35706084959816303 0.15650969529085873
1 0.8553386911595866 0.6191135734072022 0.8760045924225027 0.6191135734072022 0.8760045924225027 0.6426592797783933 0.8553386911595866 0.6426592797783933
2 0.5958668197474167 0.8199445983379502 0.618828932261768 0.8199445983379502 0.618828932261768 0.8476454293628809 0.5958668197474167 0.8476454293628809
1 0.42824339839265213 0.36149584487534625 0.4500574052812859 0.36149584487534625 0.4500574052812859 0.3864265927977839 0.42824339839265213 0.3864265927977839
1 0.35361653272101035 0.6994459833795014 0.37543053960964407 0.6994459833795014 0.37543053960964407 0.7257617728531855 0.35361653272101035 0.7257617728531855
2 0.4293915040183697 0.04709141274238227 0.4500574052812859 0.04709141274238227 0.4500574052812859 0.07340720221606649 0.4293915040183697 0.07340720221606649
2 0.35706084959816303 0.0443213296398892 0.38002296211251435 0.0443213296398892 0.38002296211251435 0.07202216066481995 0.35706084959816303 0.07202216066481995
1 0.5269804822043628 0.12188365650969529 0.5499425947187141 0.12188365650969529 0.5499425947187141 0.14958448753462603 0.5269804822043628 0.14958448753462603
2 0.5269804822043628 0.04847645429362881 0.547646383467279 0.04847645429362881 0.547646383467279 0.07202216066481995 0.5269804822043628 0.07202216066481995
1 0.6647531572904707 0.8878116343490304 0.6854190585533869 0.8878116343490304 0.6854190585533869 0.9141274238227147 0.6647531572904707 0.9141274238227147
2 0.13432835820895522 0.04709141274238227 0.15384615384615385 0.04709141274238227 0.15384615384615385 0.07063711911357341 0.13432835820895522 0.07063711911357341
2 0.2927669345579793 0.04847645429362881 0.31343283582089554 0.04847645429362881 0.31343283582089554 0.07202216066481995 0.2927669345579793 0.07202216066481995
2 0.5993111366245695 0.04847645429362881 0.618828932261768 0.04847645429362881 0.618828932261768 0.07202216066481995 0.5993111366245695 0.07202216066481995
2 0.8564867967853043 0.9418282548476455 0.8737083811710677 0.9418282548476455 0.8737083811710677 0.9639889196675901 0.8564867967853043 0.9639889196675901
1 0.7520091848450058 0.6966759002770082 0.7772675086107922 0.6966759002770082 0.7772675086107922 0.7257617728531855 0.7520091848450058 0.7257617728531855
2 0.269804822043628 0.04709141274238227 0.29047072330654417 0.04709141274238227 0.29047072330654417 0.07202216066481995 0.269804822043628 0.07202216066481995
2 0.756601607347876 0.04847645429362881 0.7749712973593571 0.04847645429362881 0.7749712973593571 0.07063711911357341 0.756601607347876 0.07063711911357341
2 0.7933409873708382 0.41412742382271467 0.8094144661308842 0.41412742382271467 0.8094144661308842 0.43490304709141275 0.7933409873708382 0.43490304709141275
2 0.5981630309988519 0.9404432132963989 0.6199770378874856 0.9404432132963989 0.6199770378874856 0.9653739612188366 0.5981630309988519 0.9653739612188366
2 0.7554535017221585 0.9418282548476455 0.7749712973593572 0.9418282548476455 0.7749712973593572 0.9639889196675901 0.7554535017221585 0.9639889196675901
2 0.7554535017221585 0.8240997229916895 0.7749712973593572 0.8240997229916895 0.7749712973593572 0.8476454293628807 0.7554535017221585 0.8476454293628807
