2 0.3979763912310286 0.09482758620689655 0.4114671163575042 0.09482758620689655 0.4114671163575042 0.11494252873563218 0.3979763912310286 0.11494252873563218
2 0.8870151770657673 0.3390804597701149 0.9021922428330522 0.3390804597701149 0.9021922428330522 0.36494252873563215 0.8870151770657673 0.36494252873563215
2 0.7032040472175379 0.022988505747126436 0.7166947723440135 0.022988505747126436 0.7166947723440135 0.04597701149425287 0.7032040472175379 0.04597701149425287
2 0.5801011804384485 0.022988505747126436 0.5952782462057336 0.022988505747126436 0.5952782462057336 0.04597701149425287 0.5801011804384485 0.04597701149425287
2 0.30016863406408095 0.09482758620689655 0.311973018549747 0.09482758620689655 0.311973018549747 0.11206896551724138 0.30016863406408095 0.11206896551724138
2 0.45699831365935917 0.6695402298850575 0.4688026981450253 0.6695402298850575 0.4688026981450253 0.6896551724137931 0.45699831365935917 0.6896551724137931
2 0.178752107925801 0.5057471264367817 0.19561551433389543 0.5057471264367817 0.19561551433389543 0.5344827586206896 0.178752107925801 0.5344827586206896
2 0.23777403035413153 0.020114942528735632 0.25295109612141653 0.020114942528735632 0.25295109612141653 0.04597701149425287 0.23777403035413153 0.04597701149425287
2 0.12478920741989881 0.5028735632183908 0.14333895446880268 0.5028735632183908 0.14333895446880268 0.5373563218390804 0.12478920741989881 0.5373563218390804
2 0.23946037099494097 0.6695402298850575 0.25295109612141653 0.6695402298850575 0.25295109612141653 0.6925287356321839 0.23946037099494097 0.6925287356321839
2 0.8532883642495783 0.3390804597701149 0.8684654300168634 0.3390804597701149 0.8684654300168634 0.36494252873563215 0.8532883642495783 0.36494252873563215
2 0.7622259696458684 0.34770114942528735 0.7807757166947723 0.34770114942528735 0.7807757166947723 0.3793103448275862 0.7622259696458684 0.3793103448275862
2 0.39460370994940974 0.35344827586206895 0.40978077571669475 0.35344827586206895 0.40978077571669475 0.3793103448275862 0.39460370994940974 0.3793103448275862
2 0.45699831365935917 0.020114942528735632 0.4738617200674536 0.020114942528735632 0.4738617200674536 0.04597701149425287 0.45699831365935917 0.04597701149425287
2 0.699831365935919 0.3448275862068966 0.7183811129848229 0.3448275862068966 0.7183811129848229 0.3764367816091954 0.699831365935919 0.3764367816091954
2 0.5784148397976391 0.6695402298850575 0.5919055649241146 0.6695402298850575 0.5919055649241146 0.6896551724137931 0.5784148397976391 0.6896551724137931
2 0.23777403035413153 0.16091954022988506 0.25126475548060706 0.16091954022988506 0.25126475548060706 0.1867816091954023 0.23777403035413153 0.1867816091954023
2 0.39460370994940974 0.5172413793103449 0.4165261382799325 0.5172413793103449 0.4165261382799325 0.5402298850574713 0.39460370994940974 0.5402298850574713
2 0.7015177065767284 0.6695402298850575 0.715008431703204 0.6695402298850575 0.715008431703204 0.6896551724137931 0.7015177065767284 0.6896551724137931
2 0.7015177065767284 0.15804597701149425 0.7183811129848229 0.15804597701149425 0.7183811129848229 0.1867816091954023 0.7015177065767284 0.1867816091954023
2 0.4536256323777403 0.3448275862068966 0.4738617200674536 0.3448275862068966 0.4738617200674536 0.3764367816091954 0.4536256323777403 0.3764367816091954
2 0.5177065767284992 0.34770114942528735 0.5345699831365935 0.34770114942528735 0.5345699831365935 0.3793103448275862 0.5177065767284992 0.3793103448275862
2 0.4553119730185497 0.15804597701149425 0.4738617200674536 0.15804597701149425 0.4738617200674536 0.1867816091954023 0.4553119730185497 0.1867816091954023
2 0.1821247892074199 0.5948275862068966 0.1989881956155143 0.5948275862068966 0.1989881956155143 0.6206896551724138 0.1821247892074199 0.6206896551724138
2 0.8229342327150084 0.33620689655172414 0.8414839797639123 0.33620689655172414 0.8414839797639123 0.36494252873563215 0.8229342327150084 0.36494252873563215
2 0.18381112984822934 0.6637931034482758 0.20067453625632375 0.6637931034482758 0.20067453625632375 0.6925287356321839 0.18381112984822934 0.6925287356321839
2 0.18381112984822934 0.7126436781609196 0.20067453625632375 0.7126436781609196 0.20067453625632375 0.7442528735632183 0.18381112984822934 0.7442528735632183
0 0.8229342327150084 0.49137931034482757 0.8414839797639123 0.49137931034482757 0.8414839797639123 0.5201149425287356 0.8229342327150084 0.5201149425287356
2 0.4536256323777403 0.4942528735632184 0.4738617200674536 0.4942528735632184 0.4738617200674536 0.5172413793103449 0.4536256323777403 0.5172413793103449
2 0.699831365935919 0.49712643678160917 0.7234401349072512 0.49712643678160917 0.7234401349072512 0.5172413793103449 0.699831365935919 0.5172413793103449
2 0.23608768971332209 0.5028735632183908 0.25463743676222594 0.5028735632183908 0.25463743676222594 0.5344827586206896 0.23608768971332209 0.5344827586206896
2 0.12647554806070826 0.8160919540229885 0.1399662731871838 0.8160919540229885 0.1399662731871838 0.8390804597701149 0.12647554806070826 0.8390804597701149
2 0.5784148397976391 0.49137931034482757 0.5952782462057336 0.49137931034482757 0.5952782462057336 0.5201149425287356 0.5784148397976391 0.5201149425287356
2 0.1281618887015177 0.6637931034482758 0.14671163575042157 0.6637931034482758 0.14671163575042157 0.6954022988505747 0.1281618887015177 0.6954022988505747
0 0.4536256323777403 0.514367816091954 0.47554806070826305 0.514367816091954 0.47554806070826305 0.5316091954022989 0.4536256323777403 0.5316091954022989
0 0.7015177065767284 0.514367816091954 0.7217537942664418 0.514367816091954 0.7217537942664418 0.5316091954022989 0.7015177065767284 0.5316091954022989
