1 0.562200956937799 0.19540229885057472 0.5933014354066986 0.19540229885057472 0.5933014354066986 0.23275862068965517 0.562200956937799 0.23275862068965517
1 0.7177033492822966 0.46839080459770116 0.7511961722488039 0.46839080459770116 0.7511961722488039 0.5086206896551724 0.7177033492822966 0.5086206896551724
1 0.562200956937799 0.46839080459770116 0.5956937799043063 0.46839080459770116 0.5956937799043063 0.5086206896551724 0.562200956937799 0.5086206896551724
1 0.215311004784689 0.46551724137931033 0.2511961722488038 0.46551724137931033 0.2511961722488038 0.5086206896551724 0.215311004784689 0.5086206896551724
1 0.215311004784689 0.735632183908046 0.2535885167464115 0.735632183908046 0.2535885167464115 0.7816091954022989 0.215311004784689 0.7816091954022989
2 0.4258373205741627 0.04310344827586207 0.4569377990430622 0.04310344827586207 0.4569377990430622 0.07758620689655173 0.4258373205741627 0.07758620689655173
1 0.6555023923444976 0.46839080459770116 0.6889952153110048 0.46839080459770116 0.6889952153110048 0.5086206896551724 0.6555023923444976 0.5086206896551724
1 0.12679425837320574 0.1206896551724138 0.16028708133971292 0.1206896551724138 0.16028708133971292 0.16379310344827586 0.12679425837320574 0.16379310344827586
1 0.03588516746411483 0.19827586206896552 0.07177033492822966 0.19827586206896552 0.07177033492822966 0.23850574712643677 0.03588516746411483 0.23850574712643677
2 0.03588516746411483 0.5689655172413793 0.06937799043062201 0.5689655172413793 0.06937799043062201 0.6120689655172413 0.03588516746411483 0.6120689655172413
1 0.03588516746411483 0.7241379310344827 0.06937799043062201 0.7241379310344827 0.06937799043062201 0.7614942528735632 0.03588516746411483 0.7614942528735632
2 0.21770334928229665 0.8879310344827587 0.2511961722488038 0.8879310344827587 0.2511961722488038 0.9252873563218391 0.21770334928229665 0.9252873563218391
2 0.12440191387559808 0.8879310344827587 0.15789473684210525 0.8879310344827587 0.15789473684210525 0.9281609195402298 0.12440191387559808 0.9281609195402298
1 0.12440191387559808 0.7988505747126436 0.16028708133971292 0.7988505747126436 0.16028708133971292 0.8390804597701149 0.12440191387559808 0.8390804597701149
1 0.8421052631578947 0.46551724137931033 0.8732057416267942 0.46551724137931033 0.8732057416267942 0.5028735632183908 0.8421052631578947 0.5028735632183908
2 0.4043062200956938 0.27011494252873564 0.43779904306220097 0.27011494252873564 0.43779904306220097 0.3103448275862069 0.4043062200956938 0.3103448275862069
2 0.21770334928229665 0.04310344827586207 0.2511961722488038 0.04310344827586207 0.2511961722488038 0.08333333333333333 0.21770334928229665 0.08333333333333333
2 0.42344497607655496 0.0 0.4593301435406698 0.0 0.4593301435406698 0.03735632183908046 0.42344497607655496 0.03735632183908046
1 0.21770334928229665 0.1925287356321839 0.2535885167464115 0.1925287356321839 0.2535885167464115 0.23563218390804597 0.21770334928229665 0.23563218390804597
1 0.5598086124401914 0.735632183908046 0.5956937799043063 0.735632183908046 0.5956937799043063 0.7787356321839081 0.5598086124401914 0.7787356321839081
1 0.4019138755980861 0.46264367816091956 0.44019138755980863 0.46264367816091956 0.44019138755980863 0.5086206896551724 0.4019138755980861 0.5086206896551724
