2 0.1531986531986532 0.06818181818181818 0.1734006734006734 0.06818181818181818 0.1734006734006734 0.09545454545454546 0.1531986531986532 0.09545454545454546
2 0.8080808080808081 0.06818181818181818 0.8282828282828283 0.06818181818181818 0.8282828282828283 0.09318181818181819 0.8080808080808081 0.09318181818181819
2 0.15488215488215487 0.5681818181818182 0.1750841750841751 0.5681818181818182 0.1750841750841751 0.5931818181818181 0.15488215488215487 0.5931818181818181
2 0.15488215488215487 0.5022727272727273 0.1750841750841751 0.5022727272727273 0.1750841750841751 0.5272727272727273 0.15488215488215487 0.5272727272727273
2 0.8063973063973064 0.2409090909090909 0.8282828282828284 0.2409090909090909 0.8282828282828284 0.27045454545454545 0.8063973063973064 0.27045454545454545
2 0.5707070707070707 0.38409090909090904 0.5959595959595959 0.38409090909090904 0.5959595959595959 0.41590909090909084 0.5707070707070707 0.41590909090909084
2 0.8080808080808081 0.5 0.8282828282828283 0.5 0.8282828282828283 0.5272727272727272 0.8080808080808081 0.5272727272727272
0 0.5606060606060606 0.5931818181818181 0.606060606060606 0.5931818181818181 0.606060606060606 0.65 0.5606060606060606 0.65
2 0.15488215488215487 0.2409090909090909 0.1750841750841751 0.2409090909090909 0.1750841750841751 0.2681818181818182 0.15488215488215487 0.2681818181818182
2 0.8080808080808081 0.7681818181818181 0.82996632996633 0.7681818181818181 0.82996632996633 0.7977272727272726 0.8080808080808081 0.7977272727272726
2 0.5723905723905723 0.765909090909091 0.5959595959595959 0.765909090909091 0.5959595959595959 0.7977272727272728 0.5723905723905723 0.7977272727272728
0 0.37542087542087543 0.35909090909090907 0.4208754208754209 0.35909090909090907 0.4208754208754209 0.4159090909090909 0.37542087542087543 0.4159090909090909
2 0.8080808080808081 0.5681818181818182 0.8282828282828283 0.5681818181818182 0.8282828282828283 0.5931818181818181 0.8080808080808081 0.5931818181818181
2 0.1531986531986532 0.7681818181818181 0.1734006734006734 0.7681818181818181 0.1734006734006734 0.7977272727272726 0.1531986531986532 0.7977272727272726
2 0.32491582491582494 0.38636363636363635 0.3451178451178451 0.38636363636363635 0.3451178451178451 0.41363636363636364 0.32491582491582494 0.41363636363636364
2 0.6380471380471381 0.6181818181818182 0.6582491582491582 0.6181818181818182 0.6582491582491582 0.6454545454545455 0.6380471380471381 0.6454545454545455
2 0.38888888888888895 0.7681818181818181 0.4090909090909091 0.7681818181818181 0.4090909090909091 0.7954545454545453 0.38888888888888895 0.7954545454545453
2 0.3872053872053872 0.6181818181818182 0.4107744107744108 0.6181818181818182 0.4107744107744108 0.6477272727272727 0.3872053872053872 0.6477272727272727
