2 0.2972972972972973 0.22736030828516376 0.31578947368421056 0.22736030828516376 0.31578947368421056 0.2524084778420039 0.2972972972972973 0.2524084778420039
2 0.13086770981507825 0.9499036608863198 0.15078236130867712 0.9499036608863198 0.15078236130867712 0.976878612716763 0.13086770981507825 0.976878612716763
2 0.22190611664295876 0.4932562620423892 0.24751066856330015 0.4932562620423892 0.24751066856330015 0.5240847784200385 0.22190611664295876 0.5240847784200385
0 0.12233285917496445 0.6242774566473989 0.15362731152204837 0.6242774566473989 0.15362731152204837 0.6685934489402697 0.12233285917496445 0.6685934489402697
2 0.23897581792318637 0.22928709055876687 0.25889046941678523 0.22928709055876687 0.25889046941678523 0.2543352601156069 0.23897581792318637 0.2543352601156069
2 0.3741109530583215 0.4913294797687861 0.4011379800853485 0.4913294797687861 0.4011379800853485 0.5279383429672447 0.3741109530583215 0.5279383429672447
2 0.5092460881934566 0.47784200385356457 0.5362731152204837 0.47784200385356457 0.5362731152204837 0.51252408477842 0.5092460881934566 0.51252408477842
2 0.08819345661450925 0.4913294797687861 0.11095305832147938 0.4913294797687861 0.11095305832147938 0.5240847784200385 0.08819345661450925 0.5240847784200385
2 0.29871977240398295 0.036608863198458574 0.3186344238975818 0.036608863198458574 0.3186344238975818 0.06358381502890173 0.29871977240398295 0.06358381502890173
2 0.3613086770981508 0.22928709055876687 0.3812233285917497 0.22928709055876687 0.3812233285917497 0.2543352601156069 0.3613086770981508 0.2543352601156069
2 0.24182076813655762 0.7630057803468208 0.2617354196301565 0.7630057803468208 0.2617354196301565 0.791907514450867 0.24182076813655762 0.791907514450867
2 0.3627311522048364 0.7610789980732178 0.38406827880512096 0.7610789980732178 0.38406827880512096 0.789980732177264 0.3627311522048364 0.789980732177264
0 0.47510668563300146 0.6223506743737958 0.4992887624466572 0.6223506743737958 0.4992887624466572 0.6724470134874759 0.47510668563300146 0.6724470134874759
