1 0.6438267614738202 0.2947019867549669 0.6606334841628958 0.2947019867549669 0.6606334841628958 0.30960264900662254 0.6438267614738202 0.30960264900662254
1 0.28894634776987715 0.29525386313465785 0.30639948287007107 0.29525386313465785 0.30639948287007107 0.30960264900662254 0.28894634776987715 0.30960264900662254
0 0.7674254655482861 0.28200883002207516 0.8036245605709104 0.28200883002207516 0.8036245605709104 0.31070640176600456 0.7674254655482861 0.31070640176600456
0 0.7711700064641244 0.7052980132450329 0.8011728444773083 0.7052980132450329 0.8011728444773083 0.72682119205298 0.7711700064641244 0.72682119205298
2 0.7776341305753072 0.5474613686534217 0.7944408532643829 0.5474613686534217 0.7944408532643829 0.5618101545253863 0.7776341305753072 0.5618101545253863
0 0.7698771816418877 0.3239514348785873 0.8042942283252665 0.3239514348785873 0.8042942283252665 0.3482339955849891 0.7698771816418877 0.3482339955849891
1 0.4253393665158371 0.1837748344370861 0.44020685197155784 0.1837748344370861 0.44020685197155784 0.19646799116997793 0.4253393665158371 0.19646799116997793
0 0.7685843568196508 0.6644591611479026 0.8042942283252664 0.6644591611479026 0.8042942283252664 0.6887417218543044 0.7685843568196508 0.6887417218543044
0 0.5714285714285714 0.7102649006622517 0.5966386554621849 0.7102649006622517 0.5966386554621849 0.7350993377483444 0.5714285714285714 0.7350993377483444
0 0.2171945701357466 0.7130242825607064 0.24175824175824176 0.7130242825607064 0.24175824175824176 0.7356512141280354 0.2171945701357466 0.7356512141280354
1 0.7776341305753072 0.1837748344370861 0.7944408532643829 0.1837748344370861 0.7944408532643829 0.19701986754966888 0.7776341305753072 0.19701986754966888
1 0.6444731738849385 0.6754966887417219 0.6593406593406592 0.6754966887417219 0.6593406593406592 0.6909492273730684 0.6444731738849385 0.6909492273730684
1 0.21590174531351003 0.24668874172185432 0.23400129282482224 0.24668874172185432 0.23400129282482224 0.26158940397350994 0.21590174531351003 0.26158940397350994
1 0.28894634776987715 0.6766004415011038 0.3044602456367162 0.6766004415011038 0.3044602456367162 0.6903973509933775 0.28894634776987715 0.6903973509933775
1 0.35294117647058826 0.3355408388520971 0.3684550743374273 0.3355408388520971 0.3684550743374273 0.34933774834437087 0.35294117647058826 0.34933774834437087
1 0.7052359405300582 0.33498896247240617 0.7220426632191338 0.33498896247240617 0.7220426632191338 0.3487858719646799 0.7052359405300582 0.3487858719646799
2 0.4246929541047188 0.5485651214128036 0.43891402714932126 0.5485651214128036 0.43891402714932126 0.5607064017660044 0.4246929541047188 0.5607064017660044
0 0.4137039431157078 0.282560706401766 0.449256625727214 0.282560706401766 0.449256625727214 0.31125827814569534 0.4137039431157078 0.31125827814569534
0 0.41499676793794443 0.7047461368653422 0.4486102133160957 0.7047461368653422 0.4486102133160957 0.7290286975717439 0.41499676793794443 0.7290286975717439
1 0.5720749838396897 0.24724061810154527 0.5875888817065288 0.24724061810154527 0.5875888817065288 0.261037527593819 0.5720749838396897 0.261037527593819
0 0.4137039431157078 0.6650110375275937 0.4486102133160957 0.6650110375275937 0.4486102133160957 0.6915011037527593 0.4137039431157078 0.6915011037527593
0 0.21978021978021986 0.32724283884327304 0.24240465416936013 0.32724283884327304 0.24240465416936013 0.3566463417324433 0.21978021978021986 0.3566463417324433
2 0.42210730446024564 0.1661147902869757 0.43956043956043955 0.1661147902869757 0.43956043956043955 0.18101545253863136 0.42210730446024564 0.18101545253863136
0 0.41499676793794427 0.323399558498896 0.44952449282895657 0.323399558498896 0.44952449282895657 0.34878587196467964 0.41499676793794427 0.34878587196467964
2 0.7763413057530706 0.1661147902869757 0.7950872656755011 0.1661147902869757 0.7950872656755011 0.1815673289183223 0.7763413057530706 0.1815673289183223
1 0.4253393665158371 0.565121412803532 0.43956043956043955 0.565121412803532 0.43956043956043955 0.5789183222958058 0.4253393665158371 0.5789183222958058
0 0.5714285714285714 0.6721854304635762 0.5966386554621849 0.6721854304635762 0.5966386554621849 0.6970198675496688 0.5714285714285714 0.6970198675496688
0 0.5735017422127977 0.3268053086022123 0.5959922430510665 0.3268053086022123 0.5959922430510665 0.3544189819002196 0.5735017422127977 0.3544189819002196
1 0.7782805429864255 0.565121412803532 0.7937944408532646 0.565121412803532 0.7937944408532646 0.5789183222958058 0.7782805429864255 0.5789183222958058
1 0.2171945701357465 0.6291390728476823 0.23362274751544646 0.6291390728476823 0.23362274751544646 0.6418322295805742 0.2171945701357465 0.6418322295805742
0 0.2171945701357466 0.6727373068432673 0.24240465416936005 0.6727373068432673 0.24240465416936005 0.696467991169978 0.2171945701357466 0.696467991169978
1 0.7045895281189399 0.7146799116997794 0.7226890756302521 0.7146799116997794 0.7226890756302521 0.7312362030905079 0.7045895281189399 0.7312362030905079
1 0.3516483516483517 0.7152317880794702 0.3691014867485456 0.7152317880794702 0.3691014867485456 0.7306843267108167 0.3516483516483517 0.7306843267108167
0 0.22042663219133807 0.2908388520971301 0.24305106658047834 0.2908388520971301 0.24305106658047834 0.3164737121536341 0.22042663219133807 0.3164737121536341
1 0.5714285714285714 0.6291390728476821 0.5869424692954105 0.6291390728476821 0.5869424692954105 0.6423841059602649 0.5714285714285714 0.6423841059602649
1 0.3438914027149321 0.6274834437086093 0.36005171299288946 0.6274834437086093 0.36005171299288946 0.641832229580574 0.3438914027149321 0.641832229580574
1 0.6968325791855203 0.2477924944812362 0.713639301874596 0.2477924944812362 0.713639301874596 0.26158940397350994 0.6968325791855203 0.26158940397350994
1 0.3438914027149321 0.24668874172185432 0.36005171299288946 0.24668874172185432 0.36005171299288946 0.261037527593819 0.3438914027149321 0.261037527593819
0 0.5720749838396894 0.2891832229580573 0.5966386554621845 0.2891832229580573 0.5966386554621845 0.3193474401907191 0.5720749838396894 0.3193474401907191
1 0.6974789915966386 0.6285871964679912 0.713639301874596 0.6285871964679912 0.713639301874596 0.641832229580574 0.6974789915966386 0.641832229580574
