0 0.2960251046025104 0.18735362997658078 0.3148535564853556 0.18735362997658078 0.3148535564853556 0.22716627634660422 0.2960251046025104 0.22716627634660422
0 0.6757322175732217 0.18735362997658078 0.6935146443514644 0.18735362997658078 0.6935146443514644 0.22716627634660422 0.6757322175732217 0.22716627634660422
0 0.2960251046025104 0.30679156908665106 0.3138075313807531 0.30679156908665106 0.3138075313807531 0.3442622950819672 0.2960251046025104 0.3442622950819672
0 0.6746861924686192 0.30679156908665106 0.6935146443514644 0.30679156908665106 0.6935146443514644 0.34660421545667447 0.6746861924686192 0.34660421545667447
2 0.6788702928870293 0.09836065573770492 0.6903765690376569 0.09836065573770492 0.6903765690376569 0.12177985948477751 0.6788702928870293 0.12177985948477751
2 0.7290794979079497 0.667447306791569 0.7405857740585774 0.667447306791569 0.7405857740585774 0.6932084309133489 0.7290794979079497 0.6932084309133489
2 0.24790794979079495 0.667447306791569 0.25941422594142255 0.667447306791569 0.25941422594142255 0.6932084309133489 0.24790794979079495 0.6932084309133489
2 0.30020920502092047 0.09836065573770492 0.31066945606694557 0.09836065573770492 0.31066945606694557 0.11943793911007025 0.30020920502092047 0.11943793911007025
2 0.3640167364016736 0.667447306791569 0.37656903765690375 0.667447306791569 0.37656903765690375 0.6932084309133489 0.3640167364016736 0.6932084309133489
2 0.36506276150627615 0.892271662763466 0.37552301255230125 0.892271662763466 0.37552301255230125 0.9156908665105387 0.36506276150627615 0.9156908665105387
2 0.6150627615062761 0.8946135831381733 0.6244769874476986 0.8946135831381733 0.6244769874476986 0.9156908665105387 0.6150627615062761 0.9156908665105387
2 0.29811715481171547 0.49414519906323184 0.31171548117154807 0.49414519906323184 0.31171548117154807 0.5245901639344263 0.29811715481171547 0.5245901639344263
2 0.612970711297071 0.667447306791569 0.6265690376569037 0.667447306791569 0.6265690376569037 0.6955503512880562 0.612970711297071 0.6955503512880562
2 0.1412133891213389 0.3981264637002342 0.15376569037656904 0.3981264637002342 0.15376569037656904 0.4215456674473068 0.1412133891213389 0.4215456674473068
2 0.2510460251046025 0.8946135831381733 0.2604602510460251 0.8946135831381733 0.2604602510460251 0.9156908665105387 0.2510460251046025 0.9156908665105387
2 0.1412133891213389 0.5667447306791569 0.1527196652719665 0.5667447306791569 0.1527196652719665 0.5878220140515222 0.1412133891213389 0.5878220140515222
2 0.8378661087866108 0.5667447306791569 0.8483263598326359 0.5667447306791569 0.8483263598326359 0.5901639344262295 0.8378661087866108 0.5901639344262295
2 0.6820083682008368 0.4964871194379391 0.6903765690376569 0.4964871194379391 0.6903765690376569 0.5105386416861827 0.6820083682008368 0.5105386416861827
2 0.4612970711297071 0.2903981264637002 0.4738493723849372 0.2903981264637002 0.4738493723849372 0.32084309133489464 0.4612970711297071 0.32084309133489464
2 0.06589958158995815 0.3957845433255269 0.07635983263598325 0.3957845433255269 0.07635983263598325 0.4215456674473068 0.06589958158995815 0.4215456674473068
2 0.5177824267782426 0.29508196721311475 0.5282426778242677 0.29508196721311475 0.5282426778242677 0.3185011709601874 0.5177824267782426 0.3185011709601874
2 0.8378661087866108 0.3981264637002342 0.8472803347280334 0.3981264637002342 0.8472803347280334 0.4215456674473068 0.8378661087866108 0.4215456674473068
2 0.7290794979079497 0.8946135831381733 0.7384937238493723 0.8946135831381733 0.7384937238493723 0.9156908665105387 0.7290794979079497 0.9156908665105387
2 0.8368200836820083 0.09836065573770492 0.8472803347280334 0.09836065573770492 0.8472803347280334 0.12177985948477751 0.8368200836820083 0.12177985948477751
2 0.14330543933054393 0.09836065573770492 0.15376569037656904 0.09836065573770492 0.15376569037656904 0.11943793911007025 0.14330543933054393 0.11943793911007025
2 0.16422594142259414 0.1990632318501171 0.17782426778242677 0.1990632318501171 0.17782426778242677 0.22716627634660422 0.16422594142259414 0.22716627634660422
2 0.9121338912133891 0.3981264637002342 0.9225941422594142 0.3981264637002342 0.9225941422594142 0.4215456674473068 0.9121338912133891 0.4215456674473068
2 0.8368200836820083 0.8946135831381733 0.8472803347280334 0.8946135831381733 0.8472803347280334 0.9156908665105387 0.8368200836820083 0.9156908665105387
2 0.41108786610878656 0.1990632318501171 0.4236401673640167 0.1990632318501171 0.4236401673640167 0.22716627634660422 0.41108786610878656 0.22716627634660422
2 0.14330543933054393 0.8946135831381733 0.15376569037656904 0.8946135831381733 0.15376569037656904 0.9156908665105387 0.14330543933054393 0.9156908665105387
2 0.5658995815899581 0.20374707259953162 0.5774058577405857 0.20374707259953162 0.5774058577405857 0.22716627634660422 0.5658995815899581 0.22716627634660422
2 0.1694560669456067 0.667447306791569 0.18305439330543932 0.667447306791569 0.18305439330543932 0.6955503512880562 0.1694560669456067 0.6955503512880562
2 0.4602510460251046 0.8946135831381733 0.46966527196652713 0.8946135831381733 0.46966527196652713 0.9180327868852459 0.4602510460251046 0.9180327868852459
2 0.5198744769874477 0.09836065573770492 0.5303347280334728 0.09836065573770492 0.5303347280334728 0.11943793911007025 0.5198744769874477 0.11943793911007025
2 0.5198744769874477 0.8946135831381733 0.5303347280334728 0.8946135831381733 0.5303347280334728 0.9180327868852459 0.5198744769874477 0.9180327868852459
2 0.3127615062761506 0.7868852459016393 0.32322175732217573 0.7868852459016393 0.32322175732217573 0.8079625292740047 0.3127615062761506 0.8079625292740047
2 0.6652719665271966 0.7845433255269321 0.6767782426778242 0.7845433255269321 0.6767782426778242 0.8079625292740047 0.6652719665271966 0.8079625292740047
2 0.4623430962343096 0.10070257611241218 0.4717573221757322 0.10070257611241218 0.4717573221757322 0.11943793911007025 0.4623430962343096 0.11943793911007025
