2 0.6642958748221907 0.6786922209695603 0.6842105263157895 0.6786922209695603 0.6842105263157895 0.6944757609921082 0.6642958748221907 0.6944757609921082
0 0.7453769559032717 0.6753100338218715 0.7709815078236131 0.6753100338218715 0.7709815078236131 0.6967305524239008 0.7453769559032717 0.6967305524239008
2 0.18349928876244667 0.838782412626832 0.2019914651493599 0.838782412626832 0.2019914651493599 0.8534385569334836 0.18349928876244667 0.8534385569334836
2 0.8278805120910384 0.6764374295377678 0.8520625889046942 0.6764374295377678 0.8520625889046942 0.6956031567080044 0.8278805120910384 0.6956031567080044
2 0.4466571834992888 0.677564825253664 0.4694167852062589 0.677564825253664 0.4694167852062589 0.6944757609921082 0.4466571834992888 0.6944757609921082
2 0.44950213371266007 0.8399098083427282 0.47083926031294454 0.8399098083427282 0.47083926031294454 0.8545659526493798 0.44950213371266007 0.8545659526493798
2 0.44807965860597443 0.5264937993235626 0.47083926031294454 0.5264937993235626 0.47083926031294454 0.5456595264937993 0.44807965860597443 0.5456595264937993
2 0.8278805120910384 0.7880496054114994 0.8506401137980085 0.7880496054114994 0.8506401137980085 0.8060879368658399 0.8278805120910384 0.8060879368658399
2 0.4466571834992888 0.21307779030439683 0.4722617354196302 0.21307779030439683 0.4722617354196302 0.2322435174746336 0.4466571834992888 0.2322435174746336
2 0.44807965860597443 0.060879368658399095 0.47083926031294454 0.060879368658399095 0.47083926031294454 0.07891770011273957 0.44807965860597443 0.07891770011273957
2 0.44807965860597443 0.36978579481397966 0.4694167852062589 0.36978579481397966 0.4694167852062589 0.3866967305524239 0.44807965860597443 0.3866967305524239
2 0.4466571834992888 0.790304396843292 0.4694167852062589 0.790304396843292 0.4694167852062589 0.8072153325817362 0.4466571834992888 0.8072153325817362
2 0.662873399715505 0.790304396843292 0.6842105263157895 0.790304396843292 0.6842105263157895 0.8072153325817362 0.662873399715505 0.8072153325817362
2 0.4466571834992888 0.32243517474633593 0.47083926031294454 0.32243517474633593 0.47083926031294454 0.3404735062006764 0.4466571834992888 0.3404735062006764
2 0.4466571834992888 0.6324689966178129 0.4694167852062589 0.6324689966178129 0.4694167852062589 0.6505073280721533 0.4466571834992888 0.6505073280721533
2 0.4466571834992888 0.47688838782412624 0.4694167852062589 0.47688838782412624 0.4694167852062589 0.4949267192784667 0.4466571834992888 0.4949267192784667
2 0.4466571834992888 0.9458850056369785 0.4694167852062589 0.9458850056369785 0.4694167852062589 0.963923337091319 0.4466571834992888 0.963923337091319
2 0.662873399715505 0.838782412626832 0.6856330014224752 0.838782412626832 0.6856330014224752 0.8556933483652762 0.662873399715505 0.8556933483652762
2 0.662873399715505 0.9470124013528748 0.6842105263157895 0.9470124013528748 0.6842105263157895 0.9627959413754227 0.662873399715505 0.9627959413754227
2 0.4466571834992888 0.16685456595264936 0.47083926031294454 0.16685456595264936 0.47083926031294454 0.18489289740698983 0.4466571834992888 0.18489289740698983
2 0.4466571834992888 0.0992108229988726 0.4722617354196302 0.0992108229988726 0.4722617354196302 0.11837655016910935 0.4466571834992888 0.11837655016910935
2 0.6657183499288762 0.8804960541149943 0.6884779516358464 0.8804960541149943 0.6884779516358464 0.8985343855693348 0.6657183499288762 0.8985343855693348
2 0.44950213371266007 0.8804960541149943 0.4765291607396871 0.8804960541149943 0.4765291607396871 0.9007891770011274 0.44950213371266007 0.9007891770011274
