0 0.5369458128078818 0.25675675675675674 0.5632183908045977 0.25675675675675674 0.5632183908045977 0.2857142857142857 0.5369458128078818 0.2857142857142857
0 0.43678160919540227 0.2799227799227799 0.4630541871921182 0.2799227799227799 0.4630541871921182 0.305019305019305 0.43678160919540227 0.305019305019305
1 0.6141215106732348 0.2644787644787645 0.6371100164203612 0.2644787644787645 0.6371100164203612 0.2895752895752896 0.6141215106732348 0.2895752895752896
1 0.4975369458128079 0.6853281853281853 0.5205254515599343 0.6853281853281853 0.5205254515599343 0.7123552123552124 0.4975369458128079 0.7123552123552124
1 0.36288998357963875 0.24324324324324326 0.3875205254515599 0.24324324324324326 0.3875205254515599 0.2702702702702703 0.36288998357963875 0.2702702702702703
1 0.44006568144499175 0.2625482625482626 0.4614121510673235 0.2625482625482626 0.4614121510673235 0.2895752895752896 0.44006568144499175 0.2895752895752896
1 0.6141215106732348 0.4980694980694981 0.6371100164203612 0.4980694980694981 0.6371100164203612 0.5250965250965252 0.6141215106732348 0.5250965250965252
1 0.36288998357963875 0.4980694980694981 0.38587848932676516 0.4980694980694981 0.38587848932676516 0.5250965250965252 0.36288998357963875 0.5250965250965252
1 0.6124794745484401 0.24131274131274133 0.6371100164203612 0.24131274131274133 0.6371100164203612 0.2702702702702703 0.6124794745484401 0.2702702702702703
1 0.361247947454844 0.28185328185328185 0.38587848932676516 0.28185328185328185 0.38587848932676516 0.3088803088803089 0.361247947454844 0.3088803088803089
1 0.5402298850574713 0.28378378378378377 0.5615763546798029 0.28378378378378377 0.5615763546798029 0.3088803088803089 0.5402298850574713 0.3088803088803089
2 0.7011494252873564 0.07142857142857142 0.7175697865353038 0.07142857142857142 0.7175697865353038 0.0888030888030888 0.7011494252873564 0.0888030888030888
2 0.5024630541871921 0.07142857142857142 0.5155993431855501 0.07142857142857142 0.5155993431855501 0.0888030888030888 0.5024630541871921 0.0888030888030888
2 0.5008210180623973 0.011583011583011584 0.5172413793103449 0.011583011583011584 0.5172413793103449 0.03088803088803089 0.5008210180623973 0.03088803088803089
2 0.6190476190476191 0.07142857142857142 0.6338259441707718 0.07142857142857142 0.6338259441707718 0.0888030888030888 0.6190476190476191 0.0888030888030888
2 0.367816091954023 0.07142857142857142 0.3825944170771757 0.07142857142857142 0.3825944170771757 0.0888030888030888 0.367816091954023 0.0888030888030888
2 0.2824302134646962 0.07142857142857142 0.29885057471264365 0.07142857142857142 0.29885057471264365 0.0888030888030888 0.2824302134646962 0.0888030888030888
2 0.7011494252873564 0.2471042471042471 0.7175697865353038 0.2471042471042471 0.7175697865353038 0.26640926640926643 0.7011494252873564 0.26640926640926643
