1 0.2176360225140713 0.23383084577114427 0.25140712945590993 0.23383084577114427 0.25140712945590993 0.263681592039801 0.2176360225140713 0.263681592039801
1 0.8649155722326454 0.01824212271973466 0.8968105065666041 0.01824212271973466 0.8968105065666041 0.04809286898839137 0.8649155722326454 0.04809286898839137
1 0.8649155722326454 0.5190713101160862 0.8986866791744841 0.5190713101160862 0.8986866791744841 0.548922056384743 0.8649155722326454 0.548922056384743
1 0.4071294559099437 0.01990049751243781 0.43902439024390244 0.01990049751243781 0.43902439024390244 0.04643449419568822 0.4071294559099437 0.04643449419568822
1 0.3527204502814259 0.23383084577114427 0.38461538461538464 0.23383084577114427 0.38461538461538464 0.2620232172470978 0.3527204502814259 0.2620232172470978
1 0.7279549718574109 0.23217247097844113 0.7636022514071295 0.23217247097844113 0.7636022514071295 0.263681592039801 0.7279549718574109 0.263681592039801
1 0.7298311444652908 0.7330016583747927 0.7654784240150094 0.7330016583747927 0.7654784240150094 0.7645107794361525 0.7298311444652908 0.7645107794361525
1 0.3527204502814259 0.01824212271973466 0.38649155722326456 0.01824212271973466 0.38649155722326456 0.04809286898839137 0.3527204502814259 0.04809286898839137
1 0.4052532833020638 0.5190713101160862 0.43902439024390244 0.5190713101160862 0.43902439024390244 0.548922056384743 0.4052532833020638 0.548922056384743
1 0.8667917448405253 0.9469320066334992 0.8986866791744841 0.9469320066334992 0.8986866791744841 0.9767827529021559 0.8667917448405253 0.9767827529021559
1 0.2176360225140713 0.7330016583747927 0.25140712945590993 0.7330016583747927 0.25140712945590993 0.7645107794361525 0.2176360225140713 0.7645107794361525
1 0.9193245778611632 0.01990049751243781 0.9512195121951218 0.01990049751243781 0.9512195121951218 0.04643449419568822 0.9193245778611632 0.04643449419568822
1 0.350844277673546 0.7330016583747927 0.38461538461538464 0.7330016583747927 0.38461538461538464 0.7628524046434494 0.350844277673546 0.7628524046434494
1 0.8630393996247655 0.7313432835820897 0.8986866791744841 0.7313432835820897 0.8986866791744841 0.7645107794361526 0.8630393996247655 0.7645107794361526
1 0.3527204502814259 0.5190713101160862 0.38461538461538464 0.5190713101160862 0.38461538461538464 0.548922056384743 0.3527204502814259 0.548922056384743
1 0.8630393996247655 0.23217247097844113 0.8986866791744841 0.23217247097844113 0.8986866791744841 0.263681592039801 0.8630393996247655 0.263681592039801
1 0.8649155722326454 0.4461028192371476 0.8986866791744841 0.4461028192371476 0.8986866791744841 0.4759535655058043 0.8649155722326454 0.4759535655058043
1 0.9193245778611632 0.4461028192371476 0.9530956848030018 0.4461028192371476 0.9530956848030018 0.4759535655058043 0.9193245778611632 0.4759535655058043
1 0.4071294559099437 0.4461028192371476 0.43902439024390244 0.4461028192371476 0.43902439024390244 0.4759535655058043 0.4071294559099437 0.4759535655058043
1 0.3527204502814259 0.9469320066334992 0.38649155722326456 0.9469320066334992 0.38649155722326456 0.9767827529021559 0.3527204502814259 0.9767827529021559
1 0.3527204502814259 0.4461028192371476 0.38649155722326456 0.4461028192371476 0.38649155722326456 0.4759535655058043 0.3527204502814259 0.4759535655058043
1 0.9193245778611632 0.9469320066334992 0.9549718574108816 0.9469320066334992 0.9549718574108816 0.9767827529021559 0.9193245778611632 0.9767827529021559
1 0.9193245778611632 0.5190713101160862 0.9530956848030018 0.5190713101160862 0.9530956848030018 0.548922056384743 0.9193245778611632 0.548922056384743
1 0.4071294559099437 0.9469320066334992 0.44090056285178236 0.9469320066334992 0.44090056285178236 0.9767827529021559 0.4071294559099437 0.9767827529021559
