1 0.4892541087231353 0.06320224719101124 0.5145385587863464 0.06320224719101124 0.5145385587863464 0.09129213483146068 0.4892541087231353 0.09129213483146068
1 0.5739570164348925 0.06460674157303371 0.5967130214917825 0.06460674157303371 0.5967130214917825 0.09129213483146068 0.5739570164348925 0.09129213483146068
1 0.21491782553729458 0.5547752808988764 0.2402022756005057 0.5547752808988764 0.2402022756005057 0.5828651685393258 0.21491782553729458 0.5828651685393258
1 0.336283185840708 0.5589887640449438 0.359039190897598 0.5589887640449438 0.359039190897598 0.5842696629213483 0.336283185840708 0.5842696629213483
1 0.336283185840708 0.7415730337078652 0.359039190897598 0.7415730337078652 0.359039190897598 0.7668539325842697 0.336283185840708 0.7668539325842697
1 0.7484197218710493 0.42134831460674155 0.7711757269279393 0.42134831460674155 0.7711757269279393 0.44662921348314605 0.7484197218710493 0.44662921348314605
1 0.6106194690265486 0.06741573033707865 0.6333754740834386 0.06741573033707865 0.6333754740834386 0.09269662921348315 0.6106194690265486 0.09269662921348315
1 0.3350189633375474 0.24719101123595505 0.3577749683944374 0.24719101123595505 0.3577749683944374 0.273876404494382 0.3350189633375474 0.273876404494382
2 0.14412136536030343 0.7485955056179775 0.16308470290771176 0.7485955056179775 0.16308470290771176 0.7682584269662921 0.14412136536030343 0.7682584269662921
0 0.6093552465233881 0.2401685393258427 0.6359039190897599 0.2401685393258427 0.6359039190897599 0.27247191011235955 0.6093552465233881 0.27247191011235955
0 0.6093552465233881 0.4143258426966292 0.6346396965865992 0.4143258426966292 0.6346396965865992 0.4438202247191011 0.6093552465233881 0.4438202247191011
1 0.7484197218710493 0.6193820224719101 0.7711757269279393 0.6193820224719101 0.7711757269279393 0.6446629213483146 0.7484197218710493 0.6446629213483146
0 0.572692793931732 0.4143258426966292 0.5992414664981036 0.4143258426966292 0.5992414664981036 0.4438202247191011 0.572692793931732 0.4438202247191011
0 0.572692793931732 0.24157303370786518 0.6005056890012642 0.24157303370786518 0.6005056890012642 0.27247191011235955 0.572692793931732 0.27247191011235955
2 0.49051833122629573 0.026685393258426962 0.5107458912768646 0.026685393258426962 0.5107458912768646 0.05056179775280898 0.49051833122629573 0.05056179775280898
0 0.7458912768647282 0.2401685393258427 0.7737041719342604 0.2401685393258427 0.7737041719342604 0.273876404494382 0.7458912768647282 0.273876404494382
2 0.5018963337547409 0.8665730337078652 0.5208596713021492 0.8665730337078652 0.5208596713021492 0.8876404494382022 0.5018963337547409 0.8876404494382022
