1 0.35226706527154955 0.2328519855595668 0.3617339312406577 0.2328519855595668 0.3617339312406577 0.24488567990373045 0.35226706527154955 0.24488567990373045
1 0.1798704534130543 0.3874849578820697 0.19083208769307425 0.3874849578820697 0.19083208769307425 0.40072202166064974 0.1798704534130543 0.40072202166064974
1 0.1803687095166916 0.924187725631769 0.190333831589437 0.924187725631769 0.190333831589437 0.9362214199759326 0.1803687095166916 0.9362214199759326
1 0.43796711509715996 0.3194945848375451 0.4484304932735426 0.3194945848375451 0.4484304932735426 0.33212996389891697 0.43796711509715996 0.33212996389891697
1 0.43796711509715996 0.24127557160048135 0.4474339810662681 0.24127557160048135 0.4474339810662681 0.253309265944645 0.43796711509715996 0.253309265944645
1 0.1803687095166916 0.8549939831528279 0.190333831589437 0.8549939831528279 0.190333831589437 0.8670276774969916 0.1803687095166916 0.8670276774969916
2 0.23766816143497757 0.22442839951865223 0.24813153961136025 0.22442839951865223 0.24813153961136025 0.23706377858002406 0.23766816143497757 0.23706377858002406
1 0.1803687095166916 0.07641395908543923 0.19083208769307428 0.07641395908543923 0.19083208769307428 0.08904933814681107 0.1803687095166916 0.08904933814681107
1 0.523168908819133 0.924187725631769 0.5331340308918784 0.924187725631769 0.5331340308918784 0.9362214199759326 0.523168908819133 0.9362214199759326
1 0.5241654210264076 0.00842358604091456 0.5336322869955157 0.00842358604091456 0.5336322869955157 0.019855595667870037 0.5241654210264076 0.019855595667870037
1 0.523168908819133 0.1636582430806258 0.5331340308918784 0.1636582430806258 0.5331340308918784 0.17629362214199762 0.523168908819133 0.17629362214199762
1 0.2665670154459392 0.924187725631769 0.2765321375186846 0.924187725631769 0.2765321375186846 0.9362214199759326 0.2665670154459392 0.9362214199759326
2 0.2371699053313403 0.42478941034897716 0.24862979571499752 0.42478941034897716 0.24862979571499752 0.43862815884476536 0.2371699053313403 0.43862815884476536
1 0.6083707025411061 0.3862815884476534 0.6203288490284006 0.3862815884476534 0.6203288490284006 0.401323706377858 0.6083707025411061 0.401323706377858
1 0.35226706527154955 0.7605294825511432 0.36223218734429496 0.7605294825511432 0.36223218734429496 0.7725631768953068 0.35226706527154955 0.7725631768953068
1 0.523168908819133 0.22442839951865223 0.5336322869955157 0.22442839951865223 0.5336322869955157 0.23706377858002406 0.523168908819133 0.23706377858002406
1 0.1803687095166916 0.007821901323706379 0.19083208769307428 0.007821901323706379 0.19083208769307428 0.02045728038507822 0.1803687095166916 0.02045728038507822
1 0.26606875934230195 0.007821901323706379 0.27703039362232185 0.007821901323706379 0.27703039362232185 0.0210589651022864 0.26606875934230195 0.0210589651022864
2 0.4813153961136024 0.15643802647412755 0.49028400597907323 0.15643802647412755 0.49028400597907323 0.16726835138387486 0.4813153961136024 0.16726835138387486
1 0.43746885899352267 0.6991576413959085 0.4484304932735426 0.6991576413959085 0.4484304932735426 0.7123947051744886 0.43746885899352267 0.7123947051744886
1 0.26606875934230195 0.5439229843561973 0.27703039362232185 0.5439229843561973 0.27703039362232185 0.5571600481347774 0.26606875934230195 0.5571600481347774
1 0.6098654708520179 0.7605294825511432 0.6193323368211261 0.7605294825511432 0.6193323368211261 0.7719614921780987 0.6098654708520179 0.7719614921780987
2 0.43796711509715996 0.15583634175691938 0.4474339810662681 0.15583634175691938 0.4474339810662681 0.16726835138387486 0.43796711509715996 0.16726835138387486
2 0.523168908819133 0.24067388688327315 0.534130543099153 0.24067388688327315 0.534130543099153 0.2545126353790614 0.523168908819133 0.2545126353790614
2 0.23667164922770303 0.388086642599278 0.24862979571499752 0.388086642599278 0.24862979571499752 0.4019253910950662 0.23667164922770303 0.4019253910950662
1 0.35276532137518685 0.009025270758122744 0.3617339312406577 0.009025270758122744 0.3617339312406577 0.0210589651022864 0.35276532137518685 0.0210589651022864
1 0.6093672147483806 0.9235860409145608 0.6193323368211261 0.9235860409145608 0.6193323368211261 0.9362214199759326 0.6093672147483806 0.9362214199759326
2 0.1798704534130543 0.22382671480144403 0.19133034379671152 0.22382671480144403 0.19133034379671152 0.23766546329723226 0.1798704534130543 0.23766546329723226
1 0.43846537120079726 0.7858002406738869 0.4479322371699054 0.7858002406738869 0.4479322371699054 0.7972322503008423 0.43846537120079726 0.7972322503008423
1 0.6527154957648231 0.6564380264741275 0.661684105630294 0.6564380264741275 0.661684105630294 0.6678700361010831 0.6527154957648231 0.6678700361010831
1 0.06626806178375685 0.9235860409145608 0.07673143996013951 0.9235860409145608 0.07673143996013951 0.9362214199759326 0.06626806178375685 0.9362214199759326
1 0.2386646736422521 0.6913357400722022 0.24763328350772296 0.6913357400722022 0.24763328350772296 0.7021660649819494 0.2386646736422521 0.7021660649819494
1 0.5670154459392127 0.7605294825511432 0.5764823119083209 0.7605294825511432 0.5764823119083209 0.7725631768953068 0.5670154459392127 0.7725631768953068
1 0.3094170403587444 0.8898916967509025 0.3183856502242152 0.8898916967509025 0.3183856502242152 0.901323706377858 0.3094170403587444 0.901323706377858
1 0.39511709018435476 0.19915764139590855 0.40508221225710017 0.19915764139590855 0.40508221225710017 0.21058965102286403 0.39511709018435476 0.21058965102286403
1 0.35276532137518685 0.15583634175691938 0.3617339312406577 0.15583634175691938 0.3617339312406577 0.16787003610108303 0.35276532137518685 0.16787003610108303
1 0.43846537120079726 0.9235860409145608 0.4484304932735427 0.9235860409145608 0.4484304932735427 0.9362214199759326 0.43846537120079726 0.9362214199759326
1 0.0951669157947185 0.388086642599278 0.10513203786746389 0.388086642599278 0.10513203786746389 0.4007220216606498 0.0951669157947185 0.4007220216606498
1 0.05181863477827604 0.6564380264741275 0.06128550074738416 0.6564380264741275 0.06128550074738416 0.6678700361010831 0.05181863477827604 0.6678700361010831
1 0.5241654210264076 0.38868832731648617 0.534130543099153 0.38868832731648617 0.534130543099153 0.4001203369434416 0.5241654210264076 0.4001203369434416
1 0.5236671649227703 0.7605294825511432 0.5336322869955157 0.7605294825511432 0.5336322869955157 0.7719614921780987 0.5236671649227703 0.7719614921780987
1 0.6093672147483806 0.5445246690734056 0.6193323368211261 0.5445246690734056 0.6193323368211261 0.5565583634175693 0.6093672147483806 0.5565583634175693
1 0.3094170403587444 0.8122743682310469 0.3183856502242152 0.8122743682310469 0.3183856502242152 0.8237063778580024 0.3094170403587444 0.8237063778580024
1 0.6093672147483806 0.8471720818291214 0.6188340807174888 0.8471720818291214 0.6188340807174888 0.8580024067388687 0.6093672147483806 0.8580024067388687
1 0.39511709018435476 0.12154031287605296 0.40408570004982564 0.12154031287605296 0.40408570004982564 0.13237063778580027 0.39511709018435476 0.13237063778580027
1 0.2665670154459392 0.7864019253910951 0.2760338814150473 0.7864019253910951 0.2760338814150473 0.7978339350180506 0.2665670154459392 0.7978339350180506
1 0.4808171400099651 0.22442839951865223 0.49078226208271053 0.22442839951865223 0.49078226208271053 0.2358604091456077 0.4808171400099651 0.2358604091456077
2 0.580468360737419 0.5445246690734056 0.5904334828101644 0.5445246690734056 0.5904334828101644 0.5565583634175693 0.580468360737419 0.5565583634175693
1 0.5670154459392127 0.35379061371841153 0.5764823119083209 0.35379061371841153 0.5764823119083209 0.3658243080625752 0.5670154459392127 0.3658243080625752
2 0.5814648729446936 0.8128760529482552 0.5904334828101644 0.8128760529482552 0.5904334828101644 0.8237063778580024 0.5814648729446936 0.8237063778580024
1 0.09417040358744394 0.8110709987966306 0.10513203786746388 0.8110709987966306 0.10513203786746388 0.8243080625752106 0.09417040358744394 0.8243080625752106
1 0.0951669157947185 0.1726835138387485 0.10513203786746389 0.1726835138387485 0.10513203786746389 0.18471720818291215 0.0951669157947185 0.18471720818291215
1 0.4813153961136024 0.8898916967509025 0.49028400597907323 0.8898916967509025 0.49028400597907323 0.901323706377858 0.4813153961136024 0.901323706377858
1 0.5670154459392127 0.27617328519855594 0.5764823119083209 0.27617328519855594 0.5764823119083209 0.2882069795427196 0.5670154459392127 0.2882069795427196
1 0.35276532137518685 0.924187725631769 0.36223218734429496 0.924187725631769 0.36223218734429496 0.9362214199759326 0.35276532137518685 0.9362214199759326
1 0.43846537120079726 0.8640192539109506 0.4484304932735427 0.8640192539109506 0.4484304932735427 0.875451263537906 0.43846537120079726 0.875451263537906
1 0.6527154957648231 0.7352587244283996 0.661684105630294 0.7352587244283996 0.661684105630294 0.7460890493381468 0.6527154957648231 0.7460890493381468
1 0.43796711509715996 0.388086642599278 0.4484304932735426 0.388086642599278 0.4484304932735426 0.4001203369434416 0.43796711509715996 0.4001203369434416
1 0.6108619830592925 0.6835138387484957 0.6193323368211261 0.6835138387484957 0.6193323368211261 0.6937424789410348 0.6108619830592925 0.6937424789410348
2 0.1808669656203289 0.6913357400722022 0.19083208769307428 0.6913357400722022 0.19083208769307428 0.7033694344163658 0.1808669656203289 0.7033694344163658
1 0.35276532137518685 0.38868832731648617 0.36273044344793226 0.38868832731648617 0.36273044344793226 0.4001203369434416 0.35276532137518685 0.4001203369434416
1 0.6950672645739912 0.5445246690734056 0.7050323866467365 0.5445246690734056 0.7050323866467365 0.5565583634175693 0.6950672645739912 0.5565583634175693
1 0.09466865969108122 0.24969915764139594 0.10563029397110114 0.24969915764139594 0.10563029397110114 0.2623345367027678 0.09466865969108122 0.2623345367027678
1 0.39511709018435476 0.15583634175691938 0.40408570004982564 0.15583634175691938 0.40408570004982564 0.16726835138387486 0.39511709018435476 0.16726835138387486
1 0.3956153462879921 0.35439229843561976 0.40458395615346293 0.35439229843561976 0.40458395615346293 0.3658243080625752 0.3956153462879921 0.3658243080625752
2 0.2665670154459392 0.15583634175691938 0.27703039362232185 0.15583634175691938 0.27703039362232185 0.1684717208182912 0.2665670154459392 0.1684717208182912
1 0.3956153462879921 0.7352587244283996 0.40458395615346293 0.7352587244283996 0.40458395615346293 0.7460890493381468 0.3956153462879921 0.7460890493381468
1 0.1803687095166916 0.5439229843561973 0.19083208769307428 0.5439229843561973 0.19083208769307428 0.5571600481347774 0.1803687095166916 0.5571600481347774
2 0.5241654210264076 0.3200962695547533 0.534130543099153 0.3200962695547533 0.534130543099153 0.3315282791817088 0.5241654210264076 0.3315282791817088
1 0.6945690084703537 0.3874849578820697 0.7055306427503737 0.3874849578820697 0.7055306427503737 0.40072202166064974 0.6945690084703537 0.40072202166064974
1 0.13801694070752366 0.35379061371841153 0.1474838066766318 0.35379061371841153 0.1474838066766318 0.3664259927797834 0.13801694070752366 0.3664259927797834
1 0.6955655206776283 0.7858002406738869 0.7050323866467364 0.7858002406738869 0.7050323866467364 0.7972322503008423 0.6955655206776283 0.7972322503008423
1 0.43846537120079726 0.00842358604091456 0.44743398106626814 0.00842358604091456 0.44743398106626814 0.02045728038507822 0.43846537120079726 0.02045728038507822
2 0.43846537120079726 0.22442839951865223 0.44693572496263084 0.22442839951865223 0.44693572496263084 0.2358604091456077 0.43846537120079726 0.2358604091456077
1 0.2665670154459392 0.8640192539109506 0.2760338814150473 0.8640192539109506 0.2760338814150473 0.8760529482551142 0.2665670154459392 0.8760529482551142
1 0.43796711509715996 0.5445246690734056 0.4484304932735426 0.5445246690734056 0.4484304932735426 0.5565583634175693 0.43796711509715996 0.5565583634175693
1 0.6950672645739912 0.00842358604091456 0.7045341305430992 0.00842358604091456 0.7045341305430992 0.02045728038507822 0.6950672645739912 0.02045728038507822
1 0.09466865969108122 0.00842358604091456 0.10463378176382661 0.00842358604091456 0.10463378176382661 0.02045728038507822 0.09466865969108122 0.02045728038507822
1 0.6661684105630294 0.06919374247894103 0.6766317887394121 0.06919374247894103 0.6766317887394121 0.0812274368231047 0.6661684105630294 0.0812274368231047
1 0.09466865969108122 0.09446450060168472 0.10513203786746388 0.09446450060168472 0.10513203786746388 0.10649819494584838 0.09466865969108122 0.10649819494584838
1 0.48181365221723965 0.8122743682310469 0.49078226208271053 0.8122743682310469 0.49078226208271053 0.8231046931407943 0.48181365221723965 0.8231046931407943
2 0.35276532137518685 0.3200962695547533 0.36223218734429496 0.3200962695547533 0.36223218734429496 0.3315282791817088 0.35276532137518685 0.3315282791817088
1 0.09466865969108122 0.3273164861612516 0.10563029397110114 0.3273164861612516 0.10563029397110114 0.3405535499398316 0.09466865969108122 0.3405535499398316
2 0.0523168908819133 0.5451263537906137 0.061783756851021415 0.5451263537906137 0.061783756851021415 0.5565583634175691 0.0523168908819133 0.5565583634175691
1 0.3956153462879921 0.3200962695547533 0.4050822122571002 0.3200962695547533 0.4050822122571002 0.3315282791817088 0.3956153462879921 0.3315282791817088
1 0.6093672147483806 0.2490974729241877 0.6188340807174888 0.2490974729241877 0.6188340807174888 0.2605294825511432 0.6093672147483806 0.2605294825511432
1 0.3956153462879921 0.2767749699157641 0.4040857000498257 0.2767749699157641 0.4040857000498257 0.2876052948255114 0.3956153462879921 0.2876052948255114
1 0.4803188839063279 0.1979542719614922 0.49078226208271053 0.1979542719614922 0.49078226208271053 0.21058965102286406 0.4803188839063279 0.21058965102286406
1 0.0951669157947185 0.5451263537906137 0.10463378176382662 0.5451263537906137 0.10463378176382662 0.5565583634175691 0.0951669157947185 0.5565583634175691
1 0.15146985550572994 0.12033694344163658 0.16243148978574987 0.12033694344163658 0.16243148978574987 0.13357400722021662 0.15146985550572994 0.13357400722021662
2 0.3956153462879921 0.22563176895306858 0.4040857000498257 0.22563176895306858 0.4040857000498257 0.2364620938628159 0.3956153462879921 0.2364620938628159
2 0.2665670154459392 0.23465703971119134 0.2765321375186846 0.23465703971119134 0.2765321375186846 0.24488567990373045 0.2665670154459392 0.24488567990373045
1 0.09466865969108122 0.9235860409145608 0.10513203786746388 0.9235860409145608 0.10513203786746388 0.9368231046931408 0.09466865969108122 0.9368231046931408
2 0.2521175884404584 0.4253910950661853 0.26258096661684105 0.4253910950661853 0.26258096661684105 0.4380264741275571 0.2521175884404584 0.4380264741275571
2 0.2665670154459392 0.22503008423586043 0.2765321375186846 0.22503008423586043 0.2765321375186846 0.23706377858002411 0.2665670154459392 0.23706377858002411
2 0.2670652715495765 0.3892900120336943 0.27703039362232185 0.3892900120336943 0.27703039362232185 0.4013237063778579 0.2670652715495765 0.4013237063778579
1 0.7239661185849526 0.8110709987966306 0.7344294967613353 0.8110709987966306 0.7344294967613353 0.8231046931407943 0.7239661185849526 0.8231046931407943
2 0.25311410064773293 0.3892900120336943 0.2620827105132038 0.3892900120336943 0.2620827105132038 0.40072202166064974 0.25311410064773293 0.40072202166064974
2 0.06726457399103139 0.5457280385078219 0.07623318385650224 0.5457280385078219 0.07623318385650224 0.5565583634175691 0.06726457399103139 0.5565583634175691
1 0.6960637767812655 0.06979542719614922 0.7045341305430991 0.06979542719614922 0.7045341305430991 0.0812274368231047 0.6960637767812655 0.0812274368231047
1 0.2665670154459392 0.3200962695547533 0.2765321375186846 0.3200962695547533 0.2765321375186846 0.33212996389891697 0.2665670154459392 0.33212996389891697
2 0.6089758463631785 0.31676515696314766 0.620933992850473 0.31676515696314766 0.620933992850473 0.3318072748933522 0.6089758463631785 0.3318072748933522
2 0.09466865969108122 0.690734055354994 0.10463378176382661 0.690734055354994 0.10463378176382661 0.7027677496991577 0.09466865969108122 0.7027677496991577
2 0.2670652715495765 0.4253910950661853 0.27752864972595914 0.4253910950661853 0.27752864972595914 0.4380264741275571 0.2670652715495765 0.4380264741275571
1 0.26557050323866466 0.6997593261131168 0.2760338814150473 0.6997593261131168 0.2760338814150473 0.7111913357400722 0.26557050323866466 0.7111913357400722
2 0.2666204593051568 0.6911421266688632 0.2770838374815395 0.6911421266688632 0.2770838374815395 0.7031758210130269 0.2666204593051568 0.7031758210130269
2 0.6093672147483806 0.24428399518652227 0.6188340807174888 0.24428399518652227 0.6188340807174888 0.2545126353790614 0.6093672147483806 0.2545126353790614
1 0.6089758463631785 0.3269084148473821 0.6214322489541103 0.3269084148473821 0.6214322489541103 0.3419505327775867 0.6089758463631785 0.3419505327775867
2 0.06776283009466866 0.6576413959085439 0.07623318385650224 0.6576413959085439 0.07623318385650224 0.6678700361010831 0.06776283009466866 0.6678700361010831
2 0.06785909543114754 0.6908727514990006 0.07668629483682528 0.6908727514990006 0.07668629483682528 0.7028647568287807 0.06785909543114754 0.7028647568287807
2 0.3525362762642543 0.22584943371085942 0.3619151756327869 0.22584943371085942 0.3619151756327869 0.23650899400399733 0.3525362762642543 0.23650899400399733
