1 0.3813625685199687 0.1840324763193505 0.39154267815191857 0.1840324763193505 0.39154267815191857 0.20162381596752368 0.3813625685199687 0.20162381596752368
1 0.8394675019577134 0.7036535859269283 0.8504306969459671 0.7036535859269283 0.8504306969459671 0.7225981055480379 0.8394675019577134 0.7225981055480379
1 0.42991386061080655 0.9039242219215157 0.4400939702427565 0.9039242219215157 0.4400939702427565 0.9215155615696888 0.42991386061080655 0.9215155615696888
1 0.5160532498042286 0.15696887686062247 0.5262333594361785 0.15696887686062247 0.5262333594361785 0.1745602165087957 0.5160532498042286 0.1745602165087957
1 0.9130775254502741 0.652232746955345 0.9248238057948316 0.652232746955345 0.9248238057948316 0.6738836265223275 0.9130775254502741 0.6738836265223275
1 0.19107282693813626 0.3071718538565629 0.2028191072826938 0.3071718538565629 0.2028191072826938 0.3261163734776725 0.19107282693813626 0.3261163734776725
1 0.5732184808144087 0.6847090663058187 0.5833985904463587 0.6847090663058187 0.5833985904463587 0.7023004059539919 0.5732184808144087 0.7023004059539919
1 0.5661707126076743 0.2516914749661705 0.5779169929522318 0.2516914749661705 0.5779169929522318 0.27198917456021654 0.5661707126076743 0.27198917456021654
1 0.8817541111981206 0.2557510148849797 0.894283476898982 0.2557510148849797 0.894283476898982 0.27604871447902574 0.8817541111981206 0.27604871447902574
1 0.8050117462803446 0.4451962110960758 0.8151918559122945 0.4451962110960758 0.8151918559122945 0.4614343707713126 0.8050117462803446 0.4614343707713126
1 0.5732184808144087 0.7956698240866036 0.5841816758026624 0.7956698240866036 0.5841816758026624 0.8132611637347767 0.5732184808144087 0.8132611637347767
1 0.41660140955364133 0.844384303112314 0.42756460454189504 0.844384303112314 0.42756460454189504 0.8633288227334236 0.41660140955364133 0.8633288227334236
1 0.8253719655442443 0.16914749661705009 0.836335160532498 0.16914749661705009 0.836335160532498 0.18673883626522328 0.8253719655442443 0.18673883626522328
1 0.7588097102584181 0.32882273342354534 0.7705559906029757 0.32882273342354534 0.7705559906029757 0.34776725304465494 0.7588097102584181 0.34776725304465494
2 0.8386844166014096 0.5669824086603519 0.8496476115896633 0.5669824086603519 0.8496476115896633 0.5859269282814614 0.8386844166014096 0.5859269282814614
1 0.4706342991386061 0.2557510148849797 0.4815974941268598 0.2557510148849797 0.4815974941268598 0.27469553450608936 0.4706342991386061 0.27469553450608936
1 0.350822239624119 0.12449255751014886 0.3610023492560689 0.12449255751014886 0.3610023492560689 0.14208389715832206 0.350822239624119 0.14208389715832206
2 0.9122944400939702 0.5669824086603519 0.9240407204385278 0.5669824086603519 0.9240407204385278 0.5859269282814614 0.9122944400939702 0.5859269282814614
1 0.09945184025058731 0.3599458728010826 0.11198120595144871 0.3599458728010826 0.11198120595144871 0.3788903924221922 0.09945184025058731 0.3788903924221922
2 0.379796397807361 0.4235453315290934 0.3923257635082224 0.4235453315290934 0.3923257635082224 0.4451962110960758 0.379796397807361 0.4451962110960758
1 0.12999216914643696 0.36265223274695535 0.14095536413469067 0.36265223274695535 0.14095536413469067 0.38024357239512857 0.12999216914643696 0.38024357239512857
1 0.9122944400939702 0.7280108254397836 0.9240407204385278 0.7280108254397836 0.9240407204385278 0.7483085250338296 0.9122944400939702 0.7483085250338296
1 0.8504306969459671 0.33558863328822736 0.8621769772905247 0.33558863328822736 0.8621769772905247 0.3558863328822734 0.8504306969459671 0.3558863328822734
1 0.19107282693813626 0.5209742895805143 0.2028191072826938 0.5209742895805143 0.2028191072826938 0.5385656292286874 0.19107282693813626 0.5385656292286874
1 0.19107282693813626 0.36265223274695535 0.2028191072826938 0.36265223274695535 0.2028191072826938 0.38024357239512857 0.19107282693813626 0.38024357239512857
1 0.3007047768206734 0.3071718538565629 0.312451057165231 0.3071718538565629 0.312451057165231 0.3261163734776725 0.3007047768206734 0.3261163734776725
1 0.3014878621769773 0.1853856562922869 0.312451057165231 0.1853856562922869 0.312451057165231 0.2029769959404601 0.3014878621769773 0.2029769959404601
1 0.6123727486296007 0.6833558863328824 0.6225528582615505 0.6833558863328824 0.6225528582615505 0.7023004059539919 0.6123727486296007 0.7023004059539919
1 0.6076742364917777 0.9093369418132612 0.6186374314800314 0.9093369418132612 0.6186374314800314 0.9269282814614345 0.6076742364917777 0.9269282814614345
2 0.19263899765074394 0.07442489851150204 0.2028191072826938 0.07442489851150204 0.2028191072826938 0.09201623815967525 0.19263899765074394 0.09201623815967525
1 0.851213782302271 0.1705006765899865 0.8613938919342208 0.1705006765899865 0.8613938919342208 0.18673883626522328 0.851213782302271 0.18673883626522328
1 0.9013312451057165 0.11366711772665765 0.9115113547376664 0.11366711772665765 0.9115113547376664 0.13125845737483086 0.9013312451057165 0.13125845737483086
2 0.7079091620986687 0.6847090663058187 0.7173061863743148 0.6847090663058187 0.7173061863743148 0.6995940460081191 0.7079091620986687 0.6995940460081191
1 0.3766640563821457 0.79702300405954 0.3876272513703994 0.79702300405954 0.3876272513703994 0.8159675236806496 0.3766640563821457 0.8159675236806496
1 0.5184025058731402 0.4235453315290934 0.5293657008613939 0.4235453315290934 0.5293657008613939 0.4411366711772666 0.5184025058731402 0.4411366711772666
1 0.4283476898981989 0.33558863328822736 0.4385277995301488 0.33558863328822736 0.4385277995301488 0.3531799729364006 0.4283476898981989 0.3531799729364006
1 0.9365700861393892 0.17320703653585928 0.9475332811276429 0.17320703653585928 0.9475332811276429 0.19215155615696888 0.9365700861393892 0.19215155615696888
1 0.8770555990602976 0.8335588633288228 0.8872357086922474 0.8335588633288228 0.8872357086922474 0.8525033829499324 0.8770555990602976 0.8525033829499324
2 0.3813625685199687 0.476319350473613 0.39075959279561473 0.476319350473613 0.39075959279561473 0.49255751014884985 0.3813625685199687 0.49255751014884985
2 0.5160532498042286 0.07577807848443843 0.5254502740798747 0.07577807848443843 0.5254502740798747 0.09066305818673884 0.5160532498042286 0.09066305818673884
1 0.5364134690681285 0.6860622462787551 0.5465935787000783 0.6860622462787551 0.5465935787000783 0.7036535859269283 0.5364134690681285 0.7036535859269283
1 0.5348472983555208 0.8497970230040596 0.5450274079874706 0.8497970230040596 0.5450274079874706 0.8660351826792965 0.5348472983555208 0.8660351826792965
1 0.519185591229444 0.3707713125845738 0.5301487862176977 0.3707713125845738 0.5301487862176977 0.3897158322056834 0.519185591229444 0.3897158322056834
1 0.06186374314800313 0.36265223274695535 0.07204385277995301 0.36265223274695535 0.07204385277995301 0.38024357239512857 0.06186374314800313 0.38024357239512857
1 0.245105716523101 0.6211096075778079 0.2552858261550509 0.6211096075778079 0.2552858261550509 0.6400541271989175 0.245105716523101 0.6400541271989175
1 0.6499608457321848 0.11231393775372125 0.6609240407204385 0.11231393775372125 0.6609240407204385 0.12990527740189445 0.6499608457321848 0.12990527740189445
2 0.7697729052466719 0.5669824086603519 0.7807361002349256 0.5669824086603519 0.7807361002349256 0.584573748308525 0.7697729052466719 0.584573748308525
2 0.8261550509005482 0.06630581867388363 0.836335160532498 0.06630581867388363 0.836335160532498 0.08389715832205684 0.8261550509005482 0.08389715832205684
2 0.3813625685199687 0.07577807848443843 0.3899765074393109 0.07577807848443843 0.3899765074393109 0.09201623815967525 0.3813625685199687 0.09201623815967525
1 0.49569303054032887 0.476319350473613 0.5058731401722788 0.476319350473613 0.5058731401722788 0.49391069012178623 0.49569303054032887 0.49391069012178623
2 0.4706342991386061 0.47496617050067663 0.480814408770556 0.47496617050067663 0.480814408770556 0.4912043301759134 0.4706342991386061 0.4912043301759134
2 0.3014878621769773 0.07577807848443843 0.31088488645262335 0.07577807848443843 0.31088488645262335 0.09201623815967525 0.3014878621769773 0.09201623815967525
2 0.6883320281910729 0.32882273342354534 0.6992952231793266 0.32882273342354534 0.6992952231793266 0.34641407307171856 0.6883320281910729 0.34641407307171856
1 0.6452623335943618 0.682002706359946 0.6554424432263116 0.682002706359946 0.6554424432263116 0.6995940460081191 0.6452623335943618 0.6995940460081191
2 0.6891151135473766 0.11366711772665765 0.6985121378230227 0.11366711772665765 0.6985121378230227 0.12990527740189445 0.6891151135473766 0.12990527740189445
2 0.7588097102584181 0.16779431664411368 0.7697729052466719 0.16779431664411368 0.7697729052466719 0.18673883626522328 0.7588097102584181 0.18673883626522328
2 0.37823022709475335 0.9012178619756428 0.3884103367267032 0.9012178619756428 0.3884103367267032 0.9188092016238161 0.37823022709475335 0.9188092016238161
0 0.2983555207517619 0.6048714479025711 0.30853563038371185 0.6048714479025711 0.30853563038371185 0.6211096075778079 0.2983555207517619 0.6211096075778079
2 0.9357870007830854 0.06495263870094722 0.9451840250587314 0.06495263870094722 0.9451840250587314 0.08254397834912044 0.9357870007830854 0.08254397834912044
2 0.37823022709475335 0.6468200270635995 0.3884103367267032 0.6468200270635995 0.3884103367267032 0.6630581867388363 0.37823022709475335 0.6630581867388363
1 0.6460454189506656 0.6359945872801083 0.6562255285826155 0.6359945872801083 0.6562255285826155 0.6535859269282815 0.6460454189506656 0.6535859269282815
2 0.4283476898981989 0.368064952638701 0.4385277995301488 0.368064952638701 0.4385277995301488 0.3870094722598106 0.4283476898981989 0.3870094722598106
1 0.5129209083790133 0.6847090663058187 0.5223179326546593 0.6847090663058187 0.5223179326546593 0.7009472259810555 0.5129209083790133 0.7009472259810555
2 0.4706342991386061 0.36941813261163736 0.480814408770556 0.36941813261163736 0.480814408770556 0.3870094722598106 0.4706342991386061 0.3870094722598106
1 0.6123727486296007 0.20162381596752368 0.6217697729052467 0.20162381596752368 0.6217697729052467 0.21650879566982412 0.6123727486296007 0.21650879566982412
2 0.6123727486296007 0.11231393775372125 0.6217697729052467 0.11231393775372125 0.6217697729052467 0.12990527740189445 0.6123727486296007 0.12990527740189445
2 0.49569303054032887 0.4952638700947226 0.5050900548159749 0.4952638700947226 0.5050900548159749 0.5128552097428959 0.49569303054032887 0.5128552097428959
0 0.5184025058731402 0.31664411366711775 0.5340642129992169 0.31664411366711775 0.5340642129992169 0.33694181326116374 0.5184025058731402 0.33694181326116374
