0 0.6552706552706553 0.3790951638065523 0.6780626780626781 0.3790951638065523 0.6780626780626781 0.4009360374414977 0.6552706552706553 0.4009360374414977
1 0.5384615384615384 0.38065522620904835 0.5612535612535613 0.38065522620904835 0.5612535612535613 0.40561622464898595 0.5384615384615384 0.40561622464898595
1 0.6552706552706553 0.7129485179407177 0.6780626780626781 0.7129485179407177 0.6780626780626781 0.7379095163806553 0.6552706552706553 0.7379095163806553
1 0.4985754985754986 0.38065522620904835 0.51994301994302 0.38065522620904835 0.51994301994302 0.40561622464898595 0.4985754985754986 0.40561622464898595
0 0.6552706552706553 0.3088923556942278 0.6766381766381767 0.3088923556942278 0.6766381766381767 0.33229329173166927 0.6552706552706553 0.33229329173166927
1 0.6538461538461539 0.27769110764430577 0.6780626780626781 0.27769110764430577 0.6780626780626781 0.30265210608424337 0.6538461538461539 0.30265210608424337
1 0.6723646723646723 0.7160686427457098 0.6937321937321937 0.7160686427457098 0.6937321937321937 0.7394695787831513 0.6723646723646723 0.7394695787831513
1 0.5612535612535613 0.31045241809672386 0.5826210826210827 0.31045241809672386 0.5826210826210827 0.33541341653666146 0.5612535612535613 0.33541341653666146
1 0.4017094017094017 0.38065522620904835 0.42450142450142453 0.38065522620904835 0.42450142450142453 0.40561622464898595 0.4017094017094017 0.40561622464898595
1 0.6552706552706553 0.0358814352574103 0.6780626780626781 0.0358814352574103 0.6780626780626781 0.059282371294851796 0.6552706552706553 0.059282371294851796
1 0.7492877492877493 0.19032761310452417 0.7720797720797721 0.19032761310452417 0.7720797720797721 0.21528861154446177 0.7492877492877493 0.21528861154446177
1 0.9401709401709403 0.31201248049922 0.962962962962963 0.31201248049922 0.962962962962963 0.3369734789391576 0.9401709401709403 0.3369734789391576
1 0.7507122507122508 0.4633385335413417 0.7735042735042735 0.4633385335413417 0.7735042735042735 0.48673946957878317 0.7507122507122508 0.48673946957878317
0 0.4031339031339031 0.3073322932917317 0.42450142450142453 0.3073322932917317 0.42450142450142453 0.33229329173166927 0.4031339031339031 0.33229329173166927
