2 0.6459197786998617 0.29207920792079206 0.6625172890733058 0.29207920792079206 0.6625172890733058 0.3193069306930693 0.6459197786998617 0.3193069306930693
2 0.7455048409405256 0.7698019801980198 0.7621023513139696 0.7698019801980198 0.7621023513139696 0.7995049504950495 0.7455048409405256 0.7995049504950495
2 0.2627939142461964 0.7599009900990099 0.2766251728907331 0.7599009900990099 0.2766251728907331 0.7846534653465347 0.2627939142461964 0.7846534653465347
2 0.32226832641770403 0.29207920792079206 0.33748271092669435 0.29207920792079206 0.33748271092669435 0.3193069306930693 0.32226832641770403 0.3193069306930693
2 0.22544951590594745 0.7574257425742574 0.24204702627939143 0.7574257425742574 0.24204702627939143 0.7871287128712872 0.22544951590594745 0.7871287128712872
2 0.47994467496542187 0.42326732673267325 0.4910096818810512 0.42326732673267325 0.4910096818810512 0.44554455445544555 0.47994467496542187 0.44554455445544555
2 0.7095435684647303 0.7698019801980198 0.7261410788381744 0.7698019801980198 0.7261410788381744 0.7995049504950495 0.7095435684647303 0.7995049504950495
2 0.32088520055325037 0.6881188118811882 0.33748271092669435 0.6881188118811882 0.33748271092669435 0.7178217821782178 0.32088520055325037 0.7178217821782178
2 0.4757952973720609 0.0024752475247524753 0.4951590594744122 0.0024752475247524753 0.4951590594744122 0.03217821782178218 0.4757952973720609 0.03217821782178218
2 0.47717842323651455 0.04950495049504951 0.49377593360995853 0.04950495049504951 0.49377593360995853 0.07673267326732673 0.47717842323651455 0.07673267326732673
2 0.37897648686030433 0.4183168316831683 0.3955739972337483 0.4183168316831683 0.3955739972337483 0.44801980198019803 0.37897648686030433 0.44801980198019803
2 0.5892116182572614 0.4207920792079208 0.6030428769017981 0.4207920792079208 0.6030428769017981 0.44554455445544555 0.5892116182572614 0.44554455445544555
2 0.6500691562932227 0.6856435643564357 0.6694329183955741 0.6856435643564357 0.6694329183955741 0.7202970297029703 0.6500691562932227 0.7202970297029703
0 0.5297372060857538 0.5297029702970297 0.5491009681881052 0.5297029702970297 0.5491009681881052 0.5544554455445545 0.5297372060857538 0.5544554455445545
