1 0.5708333333333333 0.15265486725663716 0.6 0.15265486725663716 0.6 0.2013274336283186 0.5708333333333333 0.2013274336283186
2 0.5736111111111111 0.07964601769911504 0.5958333333333333 0.07964601769911504 0.5958333333333333 0.11504424778761062 0.5736111111111111 0.11504424778761062
2 0.6736111111111112 0.15486725663716813 0.701388888888889 0.15486725663716813 0.701388888888889 0.19911504424778761 0.6736111111111112 0.19911504424778761
2 0.4736111111111111 0.1570796460176991 0.5 0.1570796460176991 0.5 0.19690265486725664 0.4736111111111111 0.19690265486725664
1 0.5694444444444444 0.5088495575221239 0.6027777777777777 0.5088495575221239 0.6027777777777777 0.5619469026548672 0.5694444444444444 0.5619469026548672
2 0.8089014730920131 0.5206027839847182 0.8305555555555558 0.5206027839847182 0.8305555555555558 0.5541910113021999 0.8089014730920131 0.5541910113021999
2 0.6722222222222223 0.5088495575221239 0.701388888888889 0.5088495575221239 0.701388888888889 0.5553097345132744 0.6722222222222223 0.5553097345132744
2 0.7900251684062471 0.512846892632051 0.8117819601746984 0.512846892632051 0.8117819601746984 0.5517398430544828 0.7900251684062471 0.5517398430544828
2 0.46805555555555556 0.5110619469026548 0.49444444444444446 0.5110619469026548 0.49444444444444446 0.5553097345132743 0.46805555555555556 0.5553097345132743
2 0.57474739062847 0.722835218998544 0.6005366792508693 0.722835218998544 0.6005366792508693 0.7623693348976793 0.57474739062847 0.7623693348976793
