2 0.4950884086444008 0.39295392953929537 0.5284872298624754 0.39295392953929537 0.5284872298624754 0.43902439024390244 0.4950884086444008 0.43902439024390244
2 0.2829076620825147 0.9214092140921407 0.30648330058939094 0.9214092140921407 0.30648330058939094 0.9539295392953928 0.2829076620825147 0.9539295392953928
2 0.4950884086444008 0.2140921409214092 0.5284872298624754 0.2140921409214092 0.5284872298624754 0.2601626016260163 0.4950884086444008 0.2601626016260163
2 0.32416502946954817 0.5799457994579946 0.35756385068762286 0.5799457994579946 0.35756385068762286 0.6260162601626017 0.32416502946954817 0.6260162601626017
2 0.3202357563850688 0.3902439024390244 0.35756385068762286 0.3902439024390244 0.35756385068762286 0.43902439024390244 0.3202357563850688 0.43902439024390244
2 0.45579567779960706 0.9214092140921407 0.4793713163064833 0.9214092140921407 0.4793713163064833 0.9539295392953928 0.45579567779960706 0.9539295392953928
2 0.3202357563850688 0.2140921409214092 0.35559921414538315 0.2140921409214092 0.35559921414538315 0.26287262872628725 0.3202357563850688 0.26287262872628725
2 0.206286836935167 0.31978319783197834 0.24165029469548133 0.31978319783197834 0.24165029469548133 0.36585365853658536 0.206286836935167 0.36585365853658536
2 0.49705304518664045 0.5582655826558266 0.5304518664047151 0.5582655826558266 0.5304518664047151 0.6043360433604337 0.49705304518664045 0.6043360433604337
2 0.0825147347740668 0.5826558265582655 0.11198428290766209 0.5826558265582655 0.11198428290766209 0.6260162601626016 0.0825147347740668 0.6260162601626016
2 0.24165029469548135 0.31978319783197834 0.2770137524557957 0.31978319783197834 0.2770137524557957 0.36585365853658536 0.24165029469548135 0.36585365853658536
2 0.43418467583497056 0.39295392953929537 0.4656188605108055 0.39295392953929537 0.4656188605108055 0.4363143631436314 0.43418467583497056 0.4363143631436314
2 0.206286836935167 0.2140921409214092 0.23968565815324164 0.2140921409214092 0.23968565815324164 0.2601626016260163 0.206286836935167 0.2601626016260163
2 0.433276064126774 0.21427699725109747 0.46457623687002103 0.21427699725109747 0.46457623687002103 0.25745257452574505 0.433276064126774 0.25745257452574505
2 0.2082514734774067 0.15718157181571815 0.23968565815324164 0.15718157181571815 0.23968565815324164 0.2005420054200542 0.2082514734774067 0.2005420054200542
2 0.32416502946954817 0.04607046070460705 0.35756385068762286 0.04607046070460705 0.35756385068762286 0.0948509485094851 0.32416502946954817 0.0948509485094851
2 0.3300589390962672 0.924119241192412 0.3516699410609037 0.924119241192412 0.3516699410609037 0.9539295392953929 0.3300589390962672 0.9539295392953929
2 0.5009823182711198 0.9214092140921407 0.5245579567779961 0.9214092140921407 0.5245579567779961 0.9539295392953928 0.5009823182711198 0.9539295392953928
