0 0.27299703264094954 0.15434083601286175 0.29821958456973297 0.15434083601286175 0.29821958456973297 0.2057877813504823 0.27299703264094954 0.2057877813504823
0 0.4362017804154303 0.15434083601286175 0.46142433234421365 0.15434083601286175 0.46142433234421365 0.2057877813504823 0.4362017804154303 0.2057877813504823
0 0.599406528189911 0.15434083601286175 0.6231454005934718 0.15434083601286175 0.6231454005934718 0.2057877813504823 0.599406528189911 0.2057877813504823
2 0.43768545994065283 0.09003215434083602 0.4599406528189911 0.09003215434083602 0.4599406528189911 0.13504823151125403 0.43768545994065283 0.13504823151125403
2 0.2759643916913947 0.04823151125401929 0.2967359050445104 0.04823151125401929 0.2967359050445104 0.09003215434083602 0.2759643916913947 0.09003215434083602
2 0.1943620178041543 0.8585209003215434 0.21216617210682492 0.8585209003215434 0.21216617210682492 0.8971061093247589 0.1943620178041543 0.8971061093247589
2 0.12759643916913946 0.8553054662379421 0.14688427299703263 0.8553054662379421 0.14688427299703263 0.8938906752411575 0.12759643916913946 0.8938906752411575
2 0.35459940652818994 0.16720257234726688 0.3738872403560831 0.16720257234726688 0.3738872403560831 0.2090032154340836 0.35459940652818994 0.2090032154340836
2 0.8560830860534125 0.48231511254019294 0.8738872403560831 0.48231511254019294 0.8738872403560831 0.5209003215434084 0.8560830860534125 0.5209003215434084
2 0.19287833827893175 0.08038585209003216 0.21216617210682492 0.08038585209003216 0.21216617210682492 0.12218649517684887 0.19287833827893175 0.12218649517684887
2 0.599406528189911 0.08681672025723472 0.6216617210682492 0.08681672025723472 0.6216617210682492 0.13504823151125403 0.599406528189911 0.13504823151125403
2 0.6824925816023739 0.5787781350482315 0.6988130563798219 0.5787781350482315 0.6988130563798219 0.6141479099678456 0.6824925816023739 0.6141479099678456
2 0.5178041543026707 0.16720257234726688 0.5356083086053413 0.16720257234726688 0.5356083086053413 0.2057877813504823 0.5178041543026707 0.2057877813504823
2 0.5178041543026707 0.6688102893890675 0.5370919881305638 0.6688102893890675 0.5370919881305638 0.7106109324758842 0.5178041543026707 0.7106109324758842
2 0.43768545994065283 0.6655948553054662 0.46142433234421365 0.6655948553054662 0.46142433234421365 0.7138263665594855 0.43768545994065283 0.7138263665594855
2 0.4391691394658754 0.33440514469453375 0.4599406528189911 0.33440514469453375 0.4599406528189911 0.3762057877813505 0.4391691394658754 0.3762057877813505
2 0.2744807121661721 0.4212218649517685 0.2967359050445104 0.4212218649517685 0.2967359050445104 0.46945337620578775 0.2744807121661721 0.46945337620578775
2 0.2759643916913947 0.7620578778135049 0.29525222551928787 0.7620578778135049 0.29525222551928787 0.8038585209003215 0.2759643916913947 0.8038585209003215
2 0.6008902077151336 0.5723472668810289 0.6231454005934718 0.5723472668810289 0.6231454005934718 0.6205787781350482 0.6008902077151336 0.6205787781350482
2 0.1913946587537092 0.1639871382636656 0.21216617210682492 0.1639871382636656 0.21216617210682492 0.2090032154340836 0.1913946587537092 0.2090032154340836
2 0.3560830860534125 0.7620578778135049 0.37537091988130566 0.7620578778135049 0.37537091988130566 0.8038585209003215 0.3560830860534125 0.8038585209003215
2 0.7640949554896143 0.48231511254019294 0.78486646884273 0.48231511254019294 0.78486646884273 0.5273311897106109 0.7640949554896143 0.5273311897106109
2 0.19287833827893175 0.22186495176848875 0.21216617210682492 0.22186495176848875 0.21216617210682492 0.26688102893890675 0.19287833827893175 0.26688102893890675
2 0.7640949554896143 0.31511254019292606 0.78486646884273 0.31511254019292606 0.78486646884273 0.36012861736334406 0.7640949554896143 0.36012861736334406
2 0.2759643916913947 0.09646302250803858 0.29376854599406527 0.09646302250803858 0.29376854599406527 0.13504823151125403 0.2759643916913947 0.13504823151125403
2 0.6008902077151336 0.4083601286173633 0.6216617210682492 0.4083601286173633 0.6216617210682492 0.45016077170418006 0.6008902077151336 0.45016077170418006
