1 0.7440000000000001 0.3816793893129771 0.7760000000000001 0.3816793893129771 0.7760000000000001 0.4312977099236641 0.7440000000000001 0.4312977099236641
2 0.6186666666666667 0.37786259541984735 0.656 0.37786259541984735 0.656 0.4312977099236641 0.6186666666666667 0.4312977099236641
2 0.48533333333333334 0.12595419847328243 0.5173333333333333 0.12595419847328243 0.5173333333333333 0.17557251908396945 0.48533333333333334 0.17557251908396945
2 0.4826666666666667 0.37786259541984735 0.5226666666666666 0.37786259541984735 0.5226666666666666 0.4351145038167939 0.4826666666666667 0.4351145038167939
1 0.336 0.3816793893129771 0.37066666666666664 0.3816793893129771 0.37066666666666664 0.4312977099236641 0.336 0.4312977099236641
2 0.6186666666666667 0.12595419847328243 0.6533333333333333 0.12595419847328243 0.6533333333333333 0.17557251908396945 0.6186666666666667 0.17557251908396945
2 0.7946666666666666 0.37786259541984735 0.832 0.37786259541984735 0.832 0.4312977099236641 0.7946666666666666 0.4312977099236641
2 0.19733333333333333 0.37404580152671757 0.23733333333333334 0.37404580152671757 0.23733333333333334 0.4312977099236641 0.19733333333333333 0.4312977099236641
2 0.19733333333333333 0.12595419847328243 0.232 0.12595419847328243 0.232 0.17557251908396945 0.19733333333333333 0.17557251908396945
2 0.52 0.37786259541984735 0.5546666666666666 0.37786259541984735 0.5546666666666666 0.4351145038167939 0.52 0.4351145038167939
2 0.384 0.37786259541984735 0.424 0.37786259541984735 0.424 0.4312977099236641 0.384 0.4312977099236641
2 0.072 0.08396946564885496 0.10133333333333333 0.08396946564885496 0.10133333333333333 0.12595419847328243 0.072 0.12595419847328243
2 0.104 0.3816793893129771 0.136 0.3816793893129771 0.136 0.42748091603053434 0.104 0.42748091603053434
2 0.8826666666666667 0.3702290076335878 0.928 0.3702290076335878 0.928 0.4351145038167939 0.8826666666666667 0.4351145038167939
0 0.648 0.7709923664122137 0.6826666666666666 0.7709923664122137 0.6826666666666666 0.8282442748091603 0.648 0.8282442748091603
2 0.7413333333333333 0.7709923664122137 0.7786666666666666 0.7709923664122137 0.7786666666666666 0.8206106870229007 0.7413333333333333 0.8206106870229007
2 0.4826666666666667 0.7633587786259542 0.5253333333333333 0.7633587786259542 0.5253333333333333 0.8244274809160306 0.4826666666666667 0.8244274809160306
2 0.43200000000000005 0.8167938931297711 0.4720000000000001 0.8167938931297711 0.4720000000000001 0.8740458015267176 0.43200000000000005 0.8740458015267176
2 0.3306666666666666 0.7519083969465649 0.37599999999999995 0.7519083969465649 0.37599999999999995 0.8206106870229007 0.3306666666666666 0.8206106870229007
2 0.2 0.7748091603053436 0.232 0.7748091603053436 0.232 0.8206106870229009 0.2 0.8206106870229009
2 0.6214606639381536 0.7735334242837654 0.6529149613460662 0.7735334242837654 0.6529149613460662 0.8185538881309686 0.6214606639381536 0.8185538881309686
0 0.24496225557071394 0.772169167803547 0.2773697135061391 0.772169167803547 0.2773697135061391 0.8294679399727148 0.24496225557071394 0.8294679399727148
