2 0.9328782707622298 0.4154135338345865 0.949943117178612 0.4154135338345865 0.949943117178612 0.443609022556391 0.9328782707622298 0.443609022556391
2 0.5119453924914675 0.5263157894736842 0.5290102389078498 0.5263157894736842 0.5290102389078498 0.5545112781954887 0.5119453924914675 0.5545112781954887
2 0.3026166097838453 0.48872180451127817 0.3185437997724687 0.48872180451127817 0.3185437997724687 0.5131578947368421 0.3026166097838453 0.5131578947368421
2 0.6712172923777018 0.5281954887218046 0.6871444823663252 0.5281954887218046 0.6871444823663252 0.5545112781954887 0.6712172923777018 0.5545112781954887
2 0.09897610921501707 0.7048872180451127 0.11262798634812286 0.7048872180451127 0.11262798634812286 0.7274436090225563 0.09897610921501707 0.7274436090225563
2 0.22639362912400454 0.27631578947368424 0.24004550625711035 0.27631578947368424 0.24004550625711035 0.29887218045112784 0.22639362912400454 0.29887218045112784
2 0.5949943117178612 0.17293233082706766 0.608646188850967 0.17293233082706766 0.608646188850967 0.19548872180451127 0.5949943117178612 0.19548872180451127
2 0.22184300341296928 0.48872180451127817 0.2366325369738339 0.48872180451127817 0.2366325369738339 0.5131578947368421 0.22184300341296928 0.5131578947368421
2 0.3993174061433447 0.7142857142857143 0.4141069397042093 0.7142857142857143 0.4141069397042093 0.7387218045112782 0.3993174061433447 0.7387218045112782
2 0.515358361774744 0.17293233082706766 0.5301478953356087 0.17293233082706766 0.5301478953356087 0.19736842105263158 0.515358361774744 0.19736842105263158
2 0.30602957906712175 0.013157894736842105 0.32081911262798635 0.013157894736842105 0.32081911262798635 0.03571428571428571 0.30602957906712175 0.03571428571428571
2 0.15017064846416384 0.7048872180451127 0.16496018202502843 0.7048872180451127 0.16496018202502843 0.7274436090225563 0.15017064846416384 0.7274436090225563
2 0.515358361774744 0.013157894736842105 0.5290102389078498 0.013157894736842105 0.5290102389078498 0.03759398496240601 0.515358361774744 0.03759398496240601
2 0.22639362912400454 0.013157894736842105 0.24004550625711035 0.013157894736842105 0.24004550625711035 0.03571428571428571 0.22639362912400454 0.03571428571428571
0 0.28896473265073946 0.2650375939849624 0.31968145620022753 0.2650375939849624 0.31968145620022753 0.3233082706766917 0.28896473265073946 0.3233082706766917
2 0.03526734926052332 0.7048872180451127 0.04778156996587031 0.7048872180451127 0.04778156996587031 0.7274436090225563 0.03526734926052332 0.7274436090225563
2 0.06939704209328783 0.8778195488721805 0.08191126279863481 0.8778195488721805 0.08191126279863481 0.8966165413533834 0.06939704209328783 0.8966165413533834
0 0.49515415964631837 0.40506329113924056 0.5483791996083005 0.40506329113924056 0.5483791996083005 0.4816788807461692 0.49515415964631837 0.4816788807461692
