2 0.34379671150971597 0.20576923076923076 0.3707025411061285 0.20576923076923076 0.3707025411061285 0.23846153846153847 0.34379671150971597 0.23846153846153847
1 0.8251121076233184 0.6269230769230769 0.8550074738415545 0.6269230769230769 0.8550074738415545 0.6653846153846154 0.8251121076233184 0.6653846153846154
2 0.15994020926756353 0.6480769230769231 0.18535127055306427 0.6480769230769231 0.18535127055306427 0.6807692307692308 0.15994020926756353 0.6807692307692308
1 0.47085201793721976 0.5557692307692308 0.4992526158445441 0.5557692307692308 0.4992526158445441 0.5923076923076923 0.47085201793721976 0.5923076923076923
1 0.6412556053811659 0.4192307692307693 0.6756352765321375 0.4192307692307693 0.6756352765321375 0.46346153846153854 0.6412556053811659 0.46346153846153854
2 0.7294469357249627 0.425 0.7563527653213752 0.425 0.7563527653213752 0.46153846153846156 0.7294469357249627 0.46153846153846156
2 0.34379671150971597 0.05769230769230769 0.3692077727952167 0.05769230769230769 0.3692077727952167 0.08846153846153847 0.34379671150971597 0.08846153846153847
2 0.6442451420029895 0.05769230769230769 0.6681614349775785 0.05769230769230769 0.6681614349775785 0.08846153846153847 0.6442451420029895 0.08846153846153847
2 0.828101644245142 0.325 0.852017937219731 0.325 0.852017937219731 0.35384615384615387 0.828101644245142 0.35384615384615387
1 0.23168908819133038 0.5576923076923077 0.26008968609865474 0.5576923076923077 0.26008968609865474 0.5923076923076923 0.23168908819133038 0.5923076923076923
2 0.6412556053811659 0.625 0.672645739910314 0.625 0.672645739910314 0.6634615384615384 0.6412556053811659 0.6634615384615384
