1 0.0293040293040293 0.4373795761078998 0.10256410256410256 0.4373795761078998 0.10256410256410256 0.47591522157996147 0.0293040293040293 0.47591522157996147
1 0.9304029304029303 0.2697495183044316 1.0 0.2697495183044316 1.0 0.31021194605009633 0.9304029304029303 0.31021194605009633
2 0.4945054945054945 0.7707129094412332 0.575091575091575 0.7707129094412332 0.575091575091575 0.8111753371868978 0.4945054945054945 0.8111753371868978
2 0.4761904761904761 0.06358381502890173 0.5384615384615383 0.06358381502890173 0.5384615384615383 0.09633911368015415 0.4761904761904761 0.09633911368015415
1 0.9267399267399267 0.4393063583815029 1.0 0.4393063583815029 1.0 0.47784200385356457 0.9267399267399267 0.47784200385356457
1 0.0293040293040293 0.2697495183044316 0.10622710622710622 0.2697495183044316 0.10622710622710622 0.31213872832369943 0.0293040293040293 0.31213872832369943
2 0.5018315018315018 0.8709055876685935 0.5677655677655677 0.8709055876685935 0.5677655677655677 0.9075144508670521 0.5018315018315018 0.9075144508670521
2 0.4945054945054945 0.49903660886319845 0.5677655677655677 0.49903660886319845 0.5677655677655677 0.5375722543352601 0.4945054945054945 0.5375722543352601
2 0.3942251472947243 0.5593451568894953 0.45647122318336497 0.5593451568894953 0.45647122318336497 0.5934515688949522 0.3942251472947243 0.5934515688949522
2 0.6043056534188866 0.5593451568894953 0.6743324887936075 0.5593451568894953 0.6743324887936075 0.5961800818553888 0.6043056534188866 0.5961800818553888
