1 0.09461235216819974 0.20797227036395147 0.11563731931668857 0.20797227036395147 0.11563731931668857 0.23570190641247835 0.09461235216819974 0.23570190641247835
1 0.09329829172141918 0.8093587521663779 0.11563731931668857 0.8093587521663779 0.11563731931668857 0.8388214904679377 0.09329829172141918 0.8388214904679377
1 0.09461235216819974 0.6377816291161178 0.11432325886990802 0.6377816291161178 0.11432325886990802 0.6637781629116117 0.09461235216819974 0.6637781629116117
1 0.8409986859395532 0.878682842287695 0.8633377135348226 0.878682842287695 0.8633377135348226 0.9081455805892548 0.8409986859395532 0.9081455805892548
1 0.09461235216819974 0.5216637781629117 0.11563731931668857 0.5216637781629117 0.11563731931668857 0.5493934142114385 0.09461235216819974 0.5493934142114385
1 0.657030223390276 0.6273830155979203 0.6767411300919842 0.6273830155979203 0.6767411300919842 0.6533795493934142 0.657030223390276 0.6533795493934142
1 0.7884362680683311 0.8214904679376083 0.8107752956636005 0.8214904679376083 0.8107752956636005 0.8509532062391681 0.7884362680683311 0.8509532062391681
1 0.5492772667542707 0.7729636048526863 0.5742444152431012 0.7729636048526863 0.5742444152431012 0.8058925476603119 0.5492772667542707 0.8058925476603119
1 0.18265440210249673 0.28942807625649913 0.202365308804205 0.28942807625649913 0.202365308804205 0.31542461005199307 0.18265440210249673 0.31542461005199307
1 0.14848883048620237 0.6377816291161178 0.16688567674113008 0.6377816291161178 0.16688567674113008 0.6637781629116117 0.14848883048620237 0.6637781629116117
1 0.2720105124835742 0.29116117850953205 0.29040735873850193 0.29116117850953205 0.29040735873850193 0.317157712305026 0.2720105124835742 0.317157712305026
1 0.09461235216819974 0.058925476603119586 0.11432325886990802 0.058925476603119586 0.11432325886990802 0.08492201039861352 0.09461235216819974 0.08492201039861352
1 0.14848883048620237 0.5805892547660312 0.16688567674113008 0.5805892547660312 0.16688567674113008 0.6065857885615251 0.14848883048620237 0.6065857885615251
1 0.5505913272010512 0.6239168110918544 0.5729303547963206 0.6239168110918544 0.5729303547963206 0.6533795493934142 0.5505913272010512 0.6533795493934142
1 0.7884362680683311 0.6256499133448874 0.80946123521682 0.6256499133448874 0.80946123521682 0.6533795493934144 0.7884362680683311 0.6533795493934144
1 0.5519053876478318 0.05719237435008666 0.5716162943495401 0.05719237435008666 0.5716162943495401 0.08492201039861352 0.5519053876478318 0.08492201039861352
2 0.26938239159001315 0.5771230502599654 0.29172141918528255 0.5771230502599654 0.29172141918528255 0.6065857885615251 0.26938239159001315 0.6065857885615251
2 0.2706964520367937 0.5216637781629117 0.29172141918528255 0.5216637781629117 0.29172141918528255 0.5476603119584056 0.2706964520367937 0.5476603119584056
