1 0.4460511679644049 0.07375643224699828 0.46273637374860954 0.07375643224699828 0.46273637374860954 0.09948542024013722 0.4460511679644049 0.09948542024013722
0 0.5383759733036707 0.25900514579759865 0.5661846496106785 0.25900514579759865 0.5661846496106785 0.30017152658662094 0.5383759733036707 0.30017152658662094
0 0.3459399332591769 0.25728987993138935 0.37374860956618466 0.25728987993138935 0.37374860956618466 0.3018867924528302 0.3459399332591769 0.3018867924528302
1 0.4460511679644049 0.16638078902229847 0.46273637374860954 0.16638078902229847 0.46273637374860954 0.1921097770154374 0.4460511679644049 0.1921097770154374
0 0.44048943270300334 0.25728987993138935 0.4694104560622914 0.25728987993138935 0.4694104560622914 0.3018867924528302 0.44048943270300334 0.3018867924528302
1 0.542825361512792 0.07547169811320754 0.5595105672969968 0.07547169811320754 0.5595105672969968 0.09948542024013722 0.542825361512792 0.09948542024013722
1 0.15795328142380421 0.5506003430531733 0.1746384872080089 0.5506003430531733 0.1746384872080089 0.5780445969125215 0.15795328142380421 0.5780445969125215
0 0.6329254727474972 0.15780445969125215 0.6551724137931034 0.15780445969125215 0.6551724137931034 0.2006861063464837 0.6329254727474972 0.2006861063464837
1 0.3459399332591769 0.888507718696398 0.36262513904338156 0.888507718696398 0.36262513904338156 0.9159519725557461 0.3459399332591769 0.9159519725557461
1 0.25361512791991103 0.274442538593482 0.271412680756396 0.274442538593482 0.271412680756396 0.3018867924528302 0.25361512791991103 0.3018867924528302
1 0.3503893214682981 0.07375643224699828 0.3670745272525028 0.07375643224699828 0.3670745272525028 0.09948542024013722 0.3503893214682981 0.09948542024013722
1 0.6874304783092324 0.5231560891938251 0.7030033370411568 0.5231560891938251 0.7030033370411568 0.548885077186964 0.6874304783092324 0.548885077186964
1 0.6863181312569522 0.44596912521440824 0.7030033370411568 0.44596912521440824 0.7030033370411568 0.4716981132075472 0.6863181312569522 0.4716981132075472
1 0.5383759733036707 0.8919382504288165 0.5550611790878753 0.8919382504288165 0.5550611790878753 0.9176672384219554 0.5383759733036707 0.9176672384219554
1 0.6318131256952169 0.07547169811320754 0.6484983314794216 0.07547169811320754 0.6484983314794216 0.09948542024013722 0.6318131256952169 0.09948542024013722
1 0.3503893214682981 0.548885077186964 0.3692992213570634 0.548885077186964 0.3692992213570634 0.5780445969125214 0.3503893214682981 0.5780445969125214
1 0.542825361512792 0.5506003430531733 0.560622914349277 0.5506003430531733 0.560622914349277 0.5763293310463122 0.542825361512792 0.5763293310463122
2 0.8398220244716351 0.3619210977701543 0.8576195773081201 0.3619210977701543 0.8576195773081201 0.3910806174957117 0.8398220244716351 0.3910806174957117
2 0.4471635150166852 0.04974271012006861 0.46273637374860954 0.04974271012006861 0.46273637374860954 0.07375643224699828 0.4471635150166852 0.07375643224699828
