2 0.4088495575221239 0.0682730923694779 0.4265486725663717 0.0682730923694779 0.4265486725663717 0.10441767068273092 0.4088495575221239 0.10441767068273092
2 0.9203539823008849 0.4538152610441767 0.9433628318584071 0.4538152610441767 0.9433628318584071 0.502008032128514 0.9203539823008849 0.502008032128514
2 0.5646017699115045 0.7389558232931727 0.5929203539823009 0.7389558232931727 0.5929203539823009 0.8072289156626505 0.5646017699115045 0.8072289156626505
2 0.8300884955752212 0.4497991967871485 0.8530973451327434 0.4497991967871485 0.8530973451327434 0.502008032128514 0.8300884955752212 0.502008032128514
2 0.231858407079646 0.2771084337349397 0.24778761061946902 0.2771084337349397 0.24778761061946902 0.3132530120481927 0.231858407079646 0.3132530120481927
0 0.40530973451327434 0.7389558232931727 0.4300884955752212 0.7389558232931727 0.4300884955752212 0.7991967871485943 0.40530973451327434 0.7991967871485943
2 0.4831858407079646 0.4417670682730923 0.5097345132743363 0.4417670682730923 0.5097345132743363 0.502008032128514 0.4831858407079646 0.502008032128514
2 0.41061946902654867 0.3975903614457831 0.4300884955752212 0.3975903614457831 0.4300884955752212 0.4377510040160642 0.41061946902654867 0.4377510040160642
2 0.4070796460176991 0.4979919678714859 0.4283185840707965 0.4979919678714859 0.4283185840707965 0.5461847389558232 0.4070796460176991 0.5461847389558232
2 0.41061946902654867 0.4618473895582329 0.4283185840707965 0.4618473895582329 0.4283185840707965 0.4939759036144578 0.41061946902654867 0.4939759036144578
2 0.5716814159292035 0.4578313253012048 0.5911504424778761 0.4578313253012048 0.5911504424778761 0.502008032128514 0.5716814159292035 0.502008032128514
2 0.23539823008849559 0.646586345381526 0.25309734513274335 0.646586345381526 0.25309734513274335 0.6827309236947791 0.23539823008849559 0.6827309236947791
0 0.035398230088495575 0.3333333333333333 0.05309734513274336 0.3333333333333333 0.05309734513274336 0.37349397590361444 0.035398230088495575 0.37349397590361444
0 0.4088495575221239 0.1606425702811245 0.4283185840707965 0.1606425702811245 0.4283185840707965 0.2008032128514056 0.4088495575221239 0.2008032128514056
0 0.48672566371681414 0.7590361445783131 0.511504424778761 0.7590361445783131 0.511504424778761 0.7951807228915662 0.48672566371681414 0.7951807228915662
