0 0.5460526315789473 0.5506445672191529 0.5644736842105263 0.5506445672191529 0.5644736842105263 0.576427255985267 0.5460526315789473 0.576427255985267
1 0.4052631578947368 0.0847145488029466 0.42105263157894735 0.0847145488029466 0.42105263157894735 0.10681399631675875 0.4052631578947368 0.10681399631675875
1 0.5460526315789473 0.3370165745856354 0.5631578947368421 0.3370165745856354 0.5631578947368421 0.36095764272559855 0.5460526315789473 0.36095764272559855
1 0.5447368421052632 0.08287292817679558 0.5605263157894737 0.08287292817679558 0.5605263157894737 0.10681399631675875 0.5447368421052632 0.10681399631675875
1 0.46842105263157896 0.0847145488029466 0.4842105263157895 0.0847145488029466 0.4842105263157895 0.10681399631675875 0.46842105263157896 0.10681399631675875
1 0.6578947368421052 0.29097605893186007 0.6736842105263158 0.29097605893186007 0.6736842105263158 0.3130755064456722 0.6578947368421052 0.3130755064456722
1 0.35789473684210527 0.3370165745856354 0.3763157894736842 0.3370165745856354 0.3763157894736842 0.36095764272559855 0.35789473684210527 0.36095764272559855
1 0.6592105263157895 0.0847145488029466 0.6736842105263158 0.0847145488029466 0.6736842105263158 0.10681399631675875 0.6592105263157895 0.10681399631675875
1 0.3592105263157895 0.0847145488029466 0.375 0.0847145488029466 0.375 0.10681399631675875 0.3592105263157895 0.10681399631675875
1 0.26973684210526316 0.5543278084714549 0.2855263157894737 0.5543278084714549 0.2855263157894737 0.576427255985267 0.26973684210526316 0.576427255985267
1 0.8157894736842105 0.29097605893186007 0.8315789473684211 0.29097605893186007 0.8315789473684211 0.3130755064456722 0.8157894736842105 0.3130755064456722
1 0.3592105263157895 0.24861878453038674 0.375 0.24861878453038674 0.375 0.2707182320441989 0.3592105263157895 0.2707182320441989
1 0.46842105263157896 0.5524861878453039 0.4855263157894737 0.5524861878453039 0.4855263157894737 0.576427255985267 0.46842105263157896 0.576427255985267
1 0.656578947368421 0.33333333333333337 0.6763157894736842 0.33333333333333337 0.6763157894736842 0.36095764272559855 0.656578947368421 0.36095764272559855
2 0.5434210526315789 0.05156537753222836 0.5592105263157895 0.05156537753222836 0.5592105263157895 0.07366482504604052 0.5434210526315789 0.07366482504604052
1 0.5460526315789473 0.8858195211786373 0.5657894736842105 0.8858195211786373 0.5657894736842105 0.9134438305709024 0.5460526315789473 0.9134438305709024
1 0.7078947368421052 0.5524861878453039 0.7263157894736842 0.5524861878453039 0.7263157894736842 0.578268876611418 0.7078947368421052 0.578268876611418
1 0.656578947368421 0.7734806629834254 0.6763157894736842 0.7734806629834254 0.6763157894736842 0.7992633517495397 0.656578947368421 0.7992633517495397
1 0.7763157894736842 0.287292817679558 0.7947368421052632 0.287292817679558 0.7947368421052632 0.3112338858195212 0.7763157894736842 0.3112338858195212
1 0.46578947368421053 0.33333333333333337 0.4868421052631579 0.33333333333333337 0.4868421052631579 0.36095764272559855 0.46578947368421053 0.36095764272559855
