0 0.27330779054916987 0.7233201581027667 0.2873563218390805 0.7233201581027667 0.2873563218390805 0.7667984189723319 0.27330779054916987 0.7667984189723319
0 0.23754789272030652 0.3320158102766798 0.2509578544061303 0.3320158102766798 0.2509578544061303 0.37549407114624506 0.23754789272030652 0.37549407114624506
2 0.27394636015325674 0.533596837944664 0.28671775223499363 0.533596837944664 0.28671775223499363 0.5691699604743082 0.27394636015325674 0.5691699604743082
0 0.30842911877394635 0.33399209486166004 0.322477650063857 0.33399209486166004 0.322477650063857 0.37549407114624506 0.30842911877394635 0.37549407114624506
0 0.15900383141762453 0.3320158102766798 0.1724137931034483 0.3320158102766798 0.1724137931034483 0.3735177865612648 0.15900383141762453 0.3735177865612648
0 0.11813537675606642 0.3300395256916996 0.13282247765006386 0.3300395256916996 0.13282247765006386 0.37549407114624506 0.11813537675606642 0.37549407114624506
2 0.27458492975734355 0.8359683794466403 0.2860791826309068 0.8359683794466403 0.2860791826309068 0.8695652173913043 0.27458492975734355 0.8695652173913043
2 0.1206896551724138 0.8379446640316205 0.13154533844189017 0.8379446640316205 0.13154533844189017 0.8715415019762845 0.1206896551724138 0.8715415019762845
2 0.9220945083014049 0.4723320158102767 0.9323116219667944 0.4723320158102767 0.9323116219667944 0.5059288537549407 0.9220945083014049 0.5059288537549407
2 0.49616858237547895 0.0909090909090909 0.5076628352490422 0.0909090909090909 0.5076628352490422 0.12450592885375493 0.49616858237547895 0.12450592885375493
2 0.4968071519795658 0.3893280632411067 0.5076628352490422 0.3893280632411067 0.5076628352490422 0.42094861660079047 0.4968071519795658 0.42094861660079047
2 0.9220945083014049 0.8379446640316205 0.9323116219667944 0.8379446640316205 0.9323116219667944 0.8715415019762845 0.9220945083014049 0.8715415019762845
2 0.574712643678161 0.09288537549407114 0.5849297573435505 0.09288537549407114 0.5849297573435505 0.12252964426877469 0.574712643678161 0.12252964426877469
2 0.23882503192848023 0.09288537549407114 0.24904214559386975 0.09288537549407114 0.24904214559386975 0.12252964426877469 0.23882503192848023 0.12252964426877469
2 0.3914431673052363 0.09288537549407114 0.40166028097062584 0.09288537549407114 0.40166028097062584 0.12252964426877469 0.3914431673052363 0.12252964426877469
2 0.6590038314176245 0.658102766798419 0.6692209450830141 0.658102766798419 0.6692209450830141 0.6897233201581027 0.6590038314176245 0.6897233201581027
2 0.04980842911877395 0.33992094861660077 0.06257982120051087 0.33992094861660077 0.06257982120051087 0.3774703557312253 0.04980842911877395 0.3774703557312253
2 0.8588761174968073 0.8359683794466403 0.8703703703703705 0.8359683794466403 0.8703703703703705 0.8715415019762845 0.8588761174968073 0.8715415019762845
2 0.896551724137931 0.4723320158102767 0.9067688378033206 0.4723320158102767 0.9067688378033206 0.5059288537549407 0.896551724137931 0.5059288537549407
2 0.39208173690932313 0.8399209486166007 0.40166028097062584 0.8399209486166007 0.40166028097062584 0.8695652173913043 0.39208173690932313 0.8695652173913043
2 0.43422733077905495 0.8359683794466403 0.44508301404853134 0.8359683794466403 0.44508301404853134 0.8715415019762845 0.43422733077905495 0.8715415019762845
2 0.7375478927203065 0.0909090909090909 0.7490421455938697 0.0909090909090909 0.7490421455938697 0.12450592885375493 0.7375478927203065 0.12450592885375493
2 0.6232439335887612 0.7569169960474308 0.6328224776500639 0.7569169960474308 0.6328224776500639 0.7865612648221343 0.6232439335887612 0.7865612648221343
2 0.23946360153256707 0.2984189723320158 0.2496807151979566 0.2984189723320158 0.2496807151979566 0.32806324110671936 0.23946360153256707 0.32806324110671936
2 0.3116219667943806 0.0909090909090909 0.32311621966794385 0.0909090909090909 0.32311621966794385 0.12450592885375493 0.3116219667943806 0.12450592885375493
2 0.16155810983397192 0.0909090909090909 0.17305236270753513 0.0909090909090909 0.17305236270753513 0.12450592885375493 0.16155810983397192 0.12450592885375493
2 0.6596424010217115 0.341897233201581 0.6685823754789273 0.341897233201581 0.6685823754789273 0.37154150197628455 0.6596424010217115 0.37154150197628455
0 0.6583652618135377 0.38537549407114624 0.6698595146871009 0.38537549407114624 0.6698595146871009 0.41897233201581024 0.6583652618135377 0.41897233201581024
2 0.5753512132822478 0.8359683794466403 0.5862068965517242 0.8359683794466403 0.5862068965517242 0.8695652173913043 0.5753512132822478 0.8695652173913043
2 0.16155810983397192 0.8379446640316205 0.17177522349936145 0.8379446640316205 0.17177522349936145 0.8715415019762845 0.16155810983397192 0.8715415019762845
2 0.19604086845466157 0.7351778656126482 0.2049808429118774 0.7351778656126482 0.2049808429118774 0.7648221343873517 0.19604086845466157 0.7648221343873517
0 0.7369093231162197 0.38537549407114624 0.7490421455938697 0.38537549407114624 0.7490421455938697 0.42094861660079047 0.7369093231162197 0.42094861660079047
0 0.15900383141762453 0.42885375494071143 0.17177522349936145 0.42885375494071143 0.17177522349936145 0.4644268774703557 0.15900383141762453 0.4644268774703557
2 0.47318007662835254 0.3913043478260869 0.4827586206896552 0.3913043478260869 0.4827586206896552 0.42094861660079047 0.47318007662835254 0.42094861660079047
2 0.1206896551724138 0.43478260869565216 0.13090676883780333 0.43478260869565216 0.13090676883780333 0.46640316205533594 0.1206896551724138 0.46640316205533594
2 0.7100893997445722 0.6561264822134387 0.7209450830140486 0.6561264822134387 0.7209450830140486 0.6897233201581027 0.7100893997445722 0.6897233201581027
2 0.6596424010217115 0.8379446640316205 0.6692209450830141 0.8379446640316205 0.6692209450830141 0.8695652173913043 0.6596424010217115 0.8695652173913043
2 0.3901660280970626 0.5079051383399209 0.40229885057471265 0.5079051383399209 0.40229885057471265 0.541501976284585 0.3901660280970626 0.541501976284585
2 0.47318007662835254 0.8379446640316205 0.48339719029374206 0.8379446640316205 0.48339719029374206 0.8695652173913043 0.47318007662835254 0.8695652173913043
2 0.4591315453384419 0.0909090909090909 0.4706257982120051 0.0909090909090909 0.4706257982120051 0.12252964426877469 0.4591315453384419 0.12252964426877469
2 0.5395913154533845 0.20158102766798416 0.549808429118774 0.20158102766798416 0.549808429118774 0.23320158102766797 0.5395913154533845 0.23320158102766797
2 0.5753512132822478 0.30039525691699603 0.5849297573435505 0.30039525691699603 0.5849297573435505 0.3300395256916996 0.5753512132822478 0.3300395256916996
2 0.4604086845466156 0.3913043478260869 0.4687100893997446 0.3913043478260869 0.4687100893997446 0.41897233201581024 0.4604086845466156 0.41897233201581024
2 0.8588761174968073 0.6245059288537549 0.8710089399744573 0.6245059288537549 0.8710089399744573 0.6620553359683794 0.8588761174968073 0.6620553359683794
2 0.1206896551724138 0.0909090909090909 0.13218390804597702 0.0909090909090909 0.13218390804597702 0.12450592885375493 0.1206896551724138 0.12450592885375493
2 0.45785440613026823 0.8418972332015809 0.46679438058748407 0.8418972332015809 0.46679438058748407 0.8695652173913043 0.45785440613026823 0.8695652173913043
2 0.3467432950191571 0.19960474308300394 0.35696040868454665 0.19960474308300394 0.35696040868454665 0.23320158102766797 0.3467432950191571 0.23320158102766797
2 0.31226053639846746 0.2964426877470355 0.322477650063857 0.2964426877470355 0.322477650063857 0.32806324110671936 0.31226053639846746 0.32806324110671936
2 0.710727969348659 0.8379446640316205 0.7203065134099618 0.8379446640316205 0.7203065134099618 0.8715415019762845 0.710727969348659 0.8715415019762845
2 0.438058748403576 0.0909090909090909 0.4476372924648787 0.0909090909090909 0.4476372924648787 0.11857707509881422 0.438058748403576 0.11857707509881422
2 0.16219667943805877 0.6462450592885375 0.17177522349936145 0.6462450592885375 0.17177522349936145 0.6739130434782609 0.16219667943805877 0.6739130434782609
2 0.20434227330779056 0.20355731225296442 0.21392081736909324 0.20355731225296442 0.21392081736909324 0.23122529644268774 0.20434227330779056 0.23122529644268774
0 0.710727969348659 0.38537549407114624 0.7215836526181354 0.38537549407114624 0.7215836526181354 0.42094861660079047 0.710727969348659 0.42094861660079047
2 0.6583652618135377 0.24505928853754938 0.6679438058748404 0.24505928853754938 0.6679438058748404 0.27470355731225293 0.6583652618135377 0.27470355731225293
2 0.5740740740740741 0.38537549407114624 0.5862068965517242 0.38537549407114624 0.5862068965517242 0.4229249011857707 0.5740740740740741 0.4229249011857707
2 0.7100893997445722 0.24505928853754938 0.7209450830140486 0.24505928853754938 0.7209450830140486 0.27865612648221344 0.7100893997445722 0.27865612648221344
2 0.7120051085568327 0.341897233201581 0.7215836526181354 0.341897233201581 0.7215836526181354 0.37549407114624506 0.7120051085568327 0.37549407114624506
2 0.9584929757343551 0.4762845849802371 0.9674329501915709 0.4762845849802371 0.9674329501915709 0.5059288537549407 0.9584929757343551 0.5059288537549407
2 0.4367816091954023 0.04545454545454545 0.4482758620689655 0.04545454545454545 0.4482758620689655 0.08102766798418971 0.4367816091954023 0.08102766798418971
2 0.7401021711366539 0.49407114624505927 0.7484035759897829 0.49407114624505927 0.7484035759897829 0.525691699604743 0.7401021711366539 0.525691699604743
2 0.8607918263090677 0.47826086956521735 0.872286079182631 0.47826086956521735 0.872286079182631 0.5158102766798419 0.8607918263090677 0.5158102766798419
