1 0.5183908045977011 0.0 0.539080459770115 0.0 0.539080459770115 0.02122641509433963 0.5183908045977011 0.02122641509433963
1 0.11034482758620691 0.0 0.1310344827586207 0.0 0.1310344827586207 0.02122641509433963 0.11034482758620691 0.02122641509433963
1 0.11264367816091952 0.9575471698113207 0.1333333333333333 0.9575471698113207 0.1333333333333333 0.9787735849056604 0.11264367816091952 0.9787735849056604
1 0.5206896551724138 0.9575471698113207 0.5402298850574714 0.9575471698113207 0.5402298850574714 0.9775943396226415 0.5206896551724138 0.9775943396226415
1 0.8252873563218389 0.0 0.8448275862068965 0.0 0.8448275862068965 0.020047169811320754 0.8252873563218389 0.020047169811320754
1 0.8264367816091955 0.9551886792452831 0.8482758620689657 0.9551886792452831 0.8482758620689657 0.9775943396226415 0.8264367816091955 0.9775943396226415
1 0.11034482758620691 0.5625 0.13448275862068967 0.5625 0.13448275862068967 0.5872641509433962 0.11034482758620691 0.5872641509433962
1 0.8241379310344827 0.39033018867924535 0.8471264367816091 0.39033018867924535 0.8471264367816091 0.4127358490566038 0.8241379310344827 0.4127358490566038
1 0.3137931034482759 0.14386792452830188 0.3367816091954023 0.14386792452830188 0.3367816091954023 0.16745283018867924 0.3137931034482759 0.16745283018867924
1 0.5206896551724138 0.7995283018867925 0.5402298850574714 0.7995283018867925 0.5402298850574714 0.8207547169811321 0.5206896551724138 0.8207547169811321
1 0.11149425287356322 0.8007075471698113 0.13333333333333333 0.8007075471698113 0.13333333333333333 0.8219339622641509 0.11149425287356322 0.8219339622641509
1 0.5195402298850574 0.5636792452830188 0.5413793103448276 0.5636792452830188 0.5413793103448276 0.5849056603773585 0.5195402298850574 0.5849056603773585
