1 0.4223463687150838 0.4473684210526316 0.46033519553072627 0.4473684210526316 0.46033519553072627 0.5052631578947369 0.4223463687150838 0.5052631578947369
1 0.7966480446927374 0.4473684210526316 0.8335195530726257 0.4473684210526316 0.8335195530726257 0.5035087719298246 0.7966480446927374 0.5035087719298246
1 0.28156424581005585 0.4456140350877193 0.3195530726256983 0.4456140350877193 0.3195530726256983 0.5035087719298246 0.28156424581005585 0.5035087719298246
1 0.10167597765363129 0.4473684210526316 0.13966480446927373 0.4473684210526316 0.13966480446927373 0.5035087719298246 0.10167597765363129 0.5035087719298246
2 0.10726256983240223 0.7368421052631579 0.1318435754189944 0.7368421052631579 0.1318435754189944 0.7771929824561403 0.10726256983240223 0.7771929824561403
2 0.10614525139664804 0.17017543859649123 0.1318435754189944 0.17017543859649123 0.1318435754189944 0.21052631578947367 0.10614525139664804 0.21052631578947367
2 0.2871508379888268 0.06140350877192982 0.3106145251396648 0.06140350877192982 0.3106145251396648 0.09824561403508772 0.2871508379888268 0.09824561403508772
2 0.2871508379888268 0.015789473684210527 0.311731843575419 0.015789473684210527 0.311731843575419 0.054385964912280704 0.2871508379888268 0.054385964912280704
2 0.8022346368715084 0.015789473684210527 0.8256983240223463 0.015789473684210527 0.8256983240223463 0.05263157894736842 0.8022346368715084 0.05263157894736842
2 0.5329608938547487 0.23333333333333334 0.5553072625698324 0.23333333333333334 0.5553072625698324 0.27017543859649124 0.5329608938547487 0.27017543859649124
2 0.28938547486033517 0.843859649122807 0.3094972067039106 0.843859649122807 0.3094972067039106 0.875438596491228 0.28938547486033517 0.875438596491228
