1 0.46502590673575134 0.705280172413793 0.49870466321243523 0.705280172413793 0.49870466321243523 0.7332974137931034 0.46502590673575134 0.7332974137931034
2 0.2001295336787565 0.07004310344827586 0.22927461139896374 0.07004310344827586 0.22927461139896374 0.09375 0.2001295336787565 0.09375
2 0.1955958549222798 0.16918103448275862 0.2266839378238342 0.16918103448275862 0.2266839378238342 0.1945043103448276 0.1955958549222798 0.1945043103448276
2 0.5051813471502591 0.2435344827586207 0.5349740932642487 0.2435344827586207 0.5349740932642487 0.2683189655172414 0.5051813471502591 0.2683189655172414
2 0.7085492227979275 0.47844827586206895 0.7389896373056996 0.47844827586206895 0.7389896373056996 0.5037715517241379 0.7085492227979275 0.5037715517241379
2 0.034974093264248704 0.26239224137931033 0.06735751295336788 0.26239224137931033 0.06735751295336788 0.28825431034482757 0.034974093264248704 0.28825431034482757
2 0.5071243523316062 0.7079741379310345 0.5382124352331606 0.7079741379310345 0.5382124352331606 0.7338362068965517 0.5071243523316062 0.7338362068965517
2 0.3678756476683938 0.4795258620689655 0.3963730569948187 0.4795258620689655 0.3963730569948187 0.5026939655172413 0.3678756476683938 0.5026939655172413
2 0.31023316062176165 0.47790948275862066 0.3426165803108808 0.47790948275862066 0.3426165803108808 0.5048491379310345 0.31023316062176165 0.5048491379310345
2 0.6845854922279793 0.709051724137931 0.7156735751295337 0.709051724137931 0.7156735751295337 0.7338362068965517 0.6845854922279793 0.7338362068965517
0 0.37176165803108807 0.3125 0.430699481865285 0.3125 0.430699481865285 0.3599137931034483 0.37176165803108807 0.3599137931034483
2 0.20207253886010362 0.0 0.22538860103626943 0.0 0.22538860103626943 0.011853448275862068 0.20207253886010362 0.011853448275862068
1 0.5077720207253886 0.32273706896551724 0.533678756476684 0.32273706896551724 0.533678756476684 0.3442887931034483 0.5077720207253886 0.3442887931034483
2 0.3672279792746114 0.3954741379310345 0.3950777202072539 0.3954741379310345 0.3950777202072539 0.41810344827586204 0.3672279792746114 0.41810344827586204
2 0.5077720207253886 0.32219827586206895 0.533678756476684 0.32219827586206895 0.533678756476684 0.34375 0.5077720207253886 0.34375
