0 0.2716346153846154 0.4393063583815029 0.29447115384615385 0.4393063583815029 0.29447115384615385 0.46531791907514447 0.2716346153846154 0.46531791907514447
1 0.41586538461538464 0.6329479768786127 0.43149038461538464 0.6329479768786127 0.43149038461538464 0.6502890173410404 0.41586538461538464 0.6502890173410404
1 0.20552884615384617 0.44797687861271673 0.22115384615384617 0.44797687861271673 0.22115384615384617 0.46531791907514447 0.20552884615384617 0.46531791907514447
1 0.41466346153846156 0.2630057803468208 0.43028846153846156 0.2630057803468208 0.43028846153846156 0.2817919075144509 0.41466346153846156 0.2817919075144509
1 0.2403846153846154 0.6878612716763005 0.25480769230769235 0.6878612716763005 0.25480769230769235 0.7052023121387283 0.2403846153846154 0.7052023121387283
1 0.5396634615384616 0.2630057803468208 0.5564903846153847 0.2630057803468208 0.5564903846153847 0.28323699421965315 0.5396634615384616 0.28323699421965315
1 0.41466346153846156 0.0953757225433526 0.43028846153846156 0.0953757225433526 0.43028846153846156 0.11416184971098266 0.41466346153846156 0.11416184971098266
1 0.7776442307692308 0.38005780346820806 0.7920673076923077 0.38005780346820806 0.7920673076923077 0.3988439306358381 0.7776442307692308 0.3988439306358381
1 0.7764423076923077 0.5563583815028902 0.7920673076923077 0.5563583815028902 0.7920673076923077 0.5751445086705202 0.7764423076923077 0.5751445086705202
1 0.2764423076923077 0.0968208092485549 0.28966346153846156 0.0968208092485549 0.28966346153846156 0.11416184971098266 0.2764423076923077 0.11416184971098266
2 0.41586538461538464 0.0476878612716763 0.4290865384615385 0.0476878612716763 0.4290865384615385 0.06213872832369942 0.41586538461538464 0.06213872832369942
