0 0.8313253012048194 0.37499999999999994 0.8626506024096386 0.37499999999999994 0.8626506024096386 0.4081632653061224 0.8313253012048194 0.4081632653061224
0 0.363855421686747 0.3724489795918367 0.3951807228915663 0.3724489795918367 0.3951807228915663 0.4081632653061224 0.363855421686747 0.4081632653061224
2 0.3710843373493976 0.14285714285714285 0.3903614457831326 0.14285714285714285 0.3903614457831326 0.1607142857142857 0.3710843373493976 0.1607142857142857
2 0.49638554216867475 0.8775510204081632 0.5180722891566265 0.8775510204081632 0.5180722891566265 0.8979591836734693 0.49638554216867475 0.8979591836734693
2 0.15421686746987953 0.385204081632653 0.1783132530120482 0.385204081632653 0.1783132530120482 0.4081632653061224 0.15421686746987953 0.4081632653061224
2 0.7542168674698796 0.35204081632653056 0.7734939759036146 0.35204081632653056 0.7734939759036146 0.36989795918367346 0.7542168674698796 0.36989795918367346
2 0.49397590361445787 0.033163265306122444 0.5180722891566265 0.033163265306122444 0.5180722891566265 0.0586734693877551 0.49397590361445787 0.0586734693877551
2 0.15421686746987953 0.4897959183673469 0.17590361445783134 0.4897959183673469 0.17590361445783134 0.5127551020408163 0.15421686746987953 0.5127551020408163
0 0.363855421686747 0.47704081632653056 0.3951807228915663 0.47704081632653056 0.3951807228915663 0.5127551020408163 0.363855421686747 0.5127551020408163
2 0.4987951807228916 0.14285714285714285 0.5156626506024097 0.14285714285714285 0.5156626506024097 0.1607142857142857 0.4987951807228916 0.1607142857142857
2 0.6674698795180724 0.8775510204081632 0.6867469879518073 0.8775510204081632 0.6867469879518073 0.8979591836734693 0.6674698795180724 0.8979591836734693
0 0.6602409638554217 0.37499999999999994 0.691566265060241 0.37499999999999994 0.691566265060241 0.4081632653061224 0.6602409638554217 0.4081632653061224
2 0.6674698795180724 0.5943877551020408 0.6867469879518073 0.5943877551020408 0.6867469879518073 0.6173469387755102 0.6674698795180724 0.6173469387755102
2 0.3710843373493976 0.8775510204081632 0.3903614457831326 0.8775510204081632 0.3903614457831326 0.8979591836734693 0.3710843373493976 0.8979591836734693
2 0.8361445783132531 0.5943877551020408 0.8578313253012049 0.5943877551020408 0.8578313253012049 0.6173469387755102 0.8361445783132531 0.6173469387755102
