2 0.6555090655509066 0.5037735849056604 0.6847977684797769 0.5037735849056604 0.6847977684797769 0.5415094339622641 0.6555090655509066 0.5415094339622641
2 0.601115760111576 0.11320754716981134 0.6317991631799162 0.11320754716981134 0.6317991631799162 0.15660377358490565 0.601115760111576 0.15660377358490565
2 0.3277545327754533 0.8547169811320755 0.35704323570432356 0.8547169811320755 0.35704323570432356 0.8943396226415095 0.3277545327754533 0.8943396226415095
2 0.32914923291492326 0.2188679245283019 0.3584379358437936 0.2188679245283019 0.3584379358437936 0.25660377358490566 0.32914923291492326 0.25660377358490566
2 0.3277545327754533 0.11132075471698114 0.3598326359832636 0.11132075471698114 0.3598326359832636 0.15660377358490565 0.3277545327754533 0.15660377358490565
2 0.32914923291492326 0.7867924528301887 0.35564853556485354 0.7867924528301887 0.35564853556485354 0.8226415094339623 0.32914923291492326 0.8226415094339623
1 0.015341701534170154 0.6811320754716981 0.03905160390516039 0.6811320754716981 0.03905160390516039 0.7132075471698113 0.015341701534170154 0.7132075471698113
2 0.16457461645746163 0.11320754716981134 0.19665271966527198 0.11320754716981134 0.19665271966527198 0.15849056603773584 0.16457461645746163 0.15849056603773584
1 0.891213389121339 0.5075471698113208 0.9163179916317992 0.5075471698113208 0.9163179916317992 0.539622641509434 0.891213389121339 0.539622641509434
2 0.8842398884239888 0.10754716981132076 0.9218967921896792 0.10754716981132076 0.9218967921896792 0.15849056603773584 0.8842398884239888 0.15849056603773584
1 0.603905160390516 0.3150943396226415 0.6276150627615062 0.3150943396226415 0.6276150627615062 0.3452830188679245 0.603905160390516 0.3452830188679245
1 0.09205020920502092 0.788679245283019 0.11297071129707113 0.788679245283019 0.11297071129707113 0.818867924528302 0.09205020920502092 0.818867924528302
1 0.2482566248256625 0.22264150943396227 0.2705718270571827 0.22264150943396227 0.2705718270571827 0.25471698113207547 0.2482566248256625 0.25471698113207547
1 0.603905160390516 0.7056603773584905 0.6248256624825662 0.7056603773584905 0.6248256624825662 0.7358490566037735 0.603905160390516 0.7358490566037735
2 0.4393305439330544 0.5094339622641509 0.46443514644351463 0.5094339622641509 0.46443514644351463 0.5452830188679245 0.4393305439330544 0.5452830188679245
2 0.3319386331938633 0.47924528301886793 0.3542538354253835 0.47924528301886793 0.3542538354253835 0.5094339622641509 0.3319386331938633 0.5094339622641509
