1 0.8776150627615062 0.5456081081081081 0.9053347280334728 0.5456081081081081 0.9053347280334728 0.5903716216216216 0.8776150627615062 0.5903716216216216
1 0.5502092050209205 0.30996621621621623 0.5768828451882845 0.30996621621621623 0.5768828451882845 0.35135135135135137 0.5502092050209205 0.35135135135135137
1 0.7578451882845187 0.5472972972972973 0.7845188284518827 0.5472972972972973 0.7845188284518827 0.589527027027027 0.7578451882845187 0.589527027027027
1 0.3310669456066946 0.5464527027027027 0.35721757322175735 0.5464527027027027 0.35721757322175735 0.589527027027027 0.3310669456066946 0.589527027027027
1 0.21077405857740586 0.5472972972972973 0.23797071129707112 0.5472972972972973 0.23797071129707112 0.589527027027027 0.21077405857740586 0.589527027027027
1 0.5502092050209205 0.07094594594594594 0.5774058577405857 0.07094594594594594 0.5774058577405857 0.11402027027027027 0.5502092050209205 0.11402027027027027
1 0.5282426778242678 0.5481418918918919 0.5549163179916318 0.5481418918918919 0.5549163179916318 0.5903716216216216 0.5282426778242678 0.5903716216216216
2 0.8828451882845187 0.3158783783783784 0.8995815899581588 0.3158783783783784 0.8995815899581588 0.34290540540540543 0.8828451882845187 0.34290540540540543
2 0.5334728033472803 0.6097972972972973 0.5486401673640168 0.6097972972972973 0.5486401673640168 0.6334459459459459 0.5334728033472803 0.6334459459459459
1 0.87918410041841 0.4391891891891892 0.9037656903765691 0.4391891891891892 0.9037656903765691 0.47888513513513514 0.87918410041841 0.47888513513513514
1 0.5946652719665272 0.5456081081081081 0.6192468619246861 0.5456081081081081 0.6192468619246861 0.5878378378378378 0.5946652719665272 0.5878378378378378
2 0.33577405857740583 0.3158783783783784 0.3530334728033473 0.3158783783783784 0.3530334728033473 0.34290540540540543 0.33577405857740583 0.34290540540540543
2 0.8833682008368201 0.606418918918919 0.9006276150627615 0.606418918918919 0.9006276150627615 0.6342905405405407 0.8833682008368201 0.6342905405405407
2 0.21652719665271966 0.6114864864864865 0.23064853556485357 0.6114864864864865 0.23064853556485357 0.6326013513513513 0.21652719665271966 0.6326013513513513
2 0.5334728033472803 0.7863175675675675 0.5486401673640168 0.7863175675675675 0.5486401673640168 0.8099662162162162 0.5334728033472803 0.8099662162162162
2 0.8845205009770335 0.787475016655563 0.8993725243143345 0.787475016655563 0.8993725243143345 0.8094603597601597 0.8845205009770335 0.8094603597601597
2 0.2161794507984914 0.7888074616922052 0.23433192376630368 0.7888074616922052 0.23433192376630368 0.8127914723517656 0.2161794507984914 0.8127914723517656
