1 0.4675480769230769 0.15487571701720843 0.49038461538461536 0.15487571701720843 0.49038461538461536 0.19120458891013384 0.4675480769230769 0.19120458891013384
1 0.7043269230769231 0.4569789674952199 0.7259615384615384 0.4569789674952199 0.7259615384615384 0.4933078393881453 0.7043269230769231 0.4933078393881453
0 0.19831730769230765 0.05927342256214149 0.21995192307692304 0.05927342256214149 0.21995192307692304 0.09177820267686425 0.19831730769230765 0.09177820267686425
1 0.609375 0.15678776290630975 0.6322115384615384 0.15678776290630975 0.6322115384615384 0.1931166347992352 0.609375 0.1931166347992352
1 0.375 0.4569789674952199 0.39663461538461536 0.4569789674952199 0.39663461538461536 0.491395793499044 0.375 0.491395793499044
0 0.375 0.05927342256214149 0.39663461538461536 0.05927342256214149 0.39663461538461536 0.09369024856596558 0.375 0.09369024856596558
2 0.13341346153846154 0.5831739961759083 0.15384615384615385 0.5831739961759083 0.15384615384615385 0.615678776290631 0.13341346153846154 0.615678776290631
1 0.3161057692307692 0.4588910133843212 0.33653846153846156 0.4588910133843212 0.33653846153846156 0.4933078393881453 0.3161057692307692 0.4933078393881453
2 0.7055288461538461 0.04780114722753346 0.7247596153846154 0.04780114722753346 0.7247596153846154 0.07839388145315487 0.7055288461538461 0.07839388145315487
1 0.9266826923076923 0.5468451242829828 0.9507211538461539 0.5468451242829828 0.9507211538461539 0.5850860420650096 0.9266826923076923 0.5850860420650096
1 0.5396634615384616 0.15678776290630975 0.5637019230769231 0.15678776290630975 0.5637019230769231 0.1931166347992352 0.5396634615384616 0.1931166347992352
0 0.703125 0.25430210325047803 0.7271634615384616 0.25430210325047803 0.7271634615384616 0.2925430210325048 0.703125 0.2925430210325048
1 0.04447115384615385 0.3078393881453155 0.06610576923076923 0.3078393881453155 0.06610576923076923 0.3441682600382409 0.04447115384615385 0.3441682600382409
2 0.9278846153846154 0.04780114722753346 0.9483173076923077 0.04780114722753346 0.9483173076923077 0.07839388145315487 0.9278846153846154 0.07839388145315487
2 0.04567307692307691 0.028680688336520075 0.06610576923076922 0.028680688336520075 0.06610576923076922 0.06118546845124283 0.04567307692307691 0.06118546845124283
2 0.19831730769230765 0.028680688336520075 0.21874999999999997 0.028680688336520075 0.21874999999999997 0.06118546845124283 0.19831730769230765 0.06118546845124283
2 0.3737980769230769 0.02676864244741874 0.39663461538461536 0.02676864244741874 0.39663461538461536 0.06118546845124283 0.3737980769230769 0.06118546845124283
