2 0.7265060240963855 0.9556541019955653 0.7433734939759036 0.9556541019955653 0.7433734939759036 0.9866962305986695 0.7265060240963855 0.9866962305986695
2 0.3819277108433735 0.11751662971175167 0.40240963855421685 0.11751662971175167 0.40240963855421685 0.15299334811529933 0.3819277108433735 0.15299334811529933
2 0.846987951807229 0.9534368070953437 0.8662650602409638 0.9534368070953437 0.8662650602409638 0.9889135254988913 0.846987951807229 0.9889135254988913
2 0.20481927710843373 0.6518847006651884 0.22409638554216868 0.6518847006651884 0.22409638554216868 0.6851441241685144 0.20481927710843373 0.6851441241685144
2 0.20240963855421687 0.34146341463414637 0.22650602409638554 0.34146341463414637 0.22650602409638554 0.3835920177383592 0.20240963855421687 0.3835920177383592
2 0.20481927710843373 0.9534368070953437 0.22409638554216868 0.9534368070953437 0.22409638554216868 0.9889135254988913 0.20481927710843373 0.9889135254988913
2 0.5903614457831325 0.11529933481152993 0.6120481927710844 0.11529933481152993 0.6120481927710844 0.15299334811529933 0.5903614457831325 0.15299334811529933
2 0.38072289156626504 0.3436807095343681 0.40240963855421685 0.3436807095343681 0.40240963855421685 0.38137472283813745 0.38072289156626504 0.38137472283813745
2 0.8457831325301206 0.11529933481152993 0.866265060240964 0.11529933481152993 0.866265060240964 0.15077605321507762 0.8457831325301206 0.15077605321507762
2 0.591566265060241 0.9556541019955653 0.6096385542168675 0.9556541019955653 0.6096385542168675 0.9866962305986695 0.591566265060241 0.9866962305986695
2 0.7265060240963855 0.11973392461197338 0.7433734939759036 0.11973392461197338 0.7433734939759036 0.14855875831485588 0.7265060240963855 0.14855875831485588
2 0.05903614457831325 0.6496674057649667 0.07951807228915662 0.6496674057649667 0.07951807228915662 0.6851441241685144 0.05903614457831325 0.6851441241685144
