1 0.5293159609120521 0.6215139442231076 0.5553745928338762 0.6215139442231076 0.5553745928338762 0.6533864541832669 0.5293159609120521 0.6533864541832669
1 0.10749185667752444 0.4575143795238764 0.13355048859934854 0.4575143795238764 0.13355048859934854 0.4873948576115258 0.10749185667752444 0.4873948576115258
1 0.7817589576547231 0.6195219123505976 0.8094462540716613 0.6195219123505976 0.8094462540716613 0.6553784860557769 0.7817589576547231 0.6553784860557769
1 0.7817589576547231 0.45617529880478086 0.8094462540716613 0.45617529880478086 0.8094462540716613 0.48804780876494025 0.7817589576547231 0.48804780876494025
1 0.43159609120521175 0.16533864541832666 0.4576547231270358 0.16533864541832666 0.4576547231270358 0.19721115537848602 0.43159609120521175 0.19721115537848602
1 0.43159609120521175 0.6195219123505976 0.4592833876221498 0.6195219123505976 0.4592833876221498 0.6533864541832669 0.43159609120521175 0.6533864541832669
1 0.6824104234527687 0.6195219123505976 0.7117263843648208 0.6195219123505976 0.7117263843648208 0.6553784860557769 0.6824104234527687 0.6553784860557769
1 0.6074918566775245 0.26294820717131473 0.6351791530944626 0.26294820717131473 0.6351791530944626 0.2968127490039841 0.6074918566775245 0.2968127490039841
1 0.2068403908794788 0.4555223476513666 0.2328990228013029 0.4555223476513666 0.2328990228013029 0.485402825739016 0.2068403908794788 0.485402825739016
1 0.30456026058631924 0.6215139442231076 0.32899022801302935 0.6215139442231076 0.32899022801302935 0.651394422310757 0.30456026058631924 0.651394422310757
