2 0.4525974025974026 0.8349514563106796 0.4636363636363636 0.8349514563106796 0.4636363636363636 0.8786407766990292 0.4525974025974026 0.8786407766990292
2 0.7025974025974026 0.03155339805825243 0.7142857142857143 0.03155339805825243 0.7142857142857143 0.07524271844660194 0.7025974025974026 0.07524271844660194
2 0.4662337662337662 0.03155339805825243 0.4779220779220779 0.03155339805825243 0.4779220779220779 0.07524271844660194 0.4662337662337662 0.07524271844660194
2 0.5863636363636363 0.837378640776699 0.5967532467532467 0.837378640776699 0.5967532467532467 0.8762135922330098 0.5863636363636363 0.8762135922330098
2 0.34675324675324676 0.837378640776699 0.35714285714285715 0.837378640776699 0.35714285714285715 0.8786407766990292 0.34675324675324676 0.8786407766990292
2 0.827922077922078 0.4344660194174757 0.8402597402597403 0.4344660194174757 0.8402597402597403 0.47815533980582525 0.827922077922078 0.47815533980582525
2 0.5844155844155844 0.43203883495145623 0.5967532467532467 0.43203883495145623 0.5967532467532467 0.4781553398058252 0.5844155844155844 0.4781553398058252
2 0.7025974025974026 0.4368932038834951 0.7136363636363636 0.4368932038834951 0.7136363636363636 0.4733009708737864 0.7025974025974026 0.4733009708737864
2 0.9324675324675324 0.4344660194174757 0.9428571428571428 0.4344660194174757 0.9428571428571428 0.470873786407767 0.9324675324675324 0.470873786407767
2 0.4662803204212352 0.4351050679851669 0.4781853498787986 0.4351050679851669 0.4781853498787986 0.477132262051916 0.4662803204212352 0.477132262051916
2 0.34590724479476026 0.4412855377008653 0.3564894932014833 0.4412855377008653 0.3564894932014833 0.48084054388133496 0.34590724479476026 0.48084054388133496
2 0.2136291397107219 0.4351050679851669 0.2271876454818359 0.4351050679851669 0.2271876454818359 0.4796044499381953 0.2136291397107219 0.4796044499381953
