1 0.1987878787878788 0.5701559020044543 0.22181818181818183 0.5701559020044543 0.22181818181818183 0.6124721603563474 0.1987878787878788 0.6124721603563474
1 0.6012121212121212 0.34743875278396436 0.6278787878787879 0.34743875278396436 0.6278787878787879 0.39643652561247217 0.6012121212121212 0.39643652561247217
1 0.5054545454545455 0.4788418708240535 0.5333333333333334 0.4788418708240535 0.5333333333333334 0.5278396436525613 0.5054545454545455 0.5278396436525613
1 0.8266666666666667 0.7483296213808464 0.8533333333333334 0.7483296213808464 0.8533333333333334 0.7973273942093542 0.8266666666666667 0.7973273942093542
1 0.11151515151515151 0.48775055679287305 0.13696969696969696 0.48775055679287305 0.13696969696969696 0.534521158129176 0.11151515151515151 0.534521158129176
1 0.8787878787878788 0.21603563474387527 0.9066666666666666 0.21603563474387527 0.9066666666666666 0.2650334075723831 0.8787878787878788 0.2650334075723831
1 0.18787878787878787 0.40757238307349675 0.21333333333333335 0.40757238307349675 0.21333333333333335 0.45434298440979964 0.18787878787878787 0.45434298440979964
1 0.2921212121212121 0.5657015590200446 0.3187878787878788 0.5657015590200446 0.3187878787878788 0.6146993318485523 0.2921212121212121 0.6146993318485523
1 0.8315151515151515 0.41648106904231624 0.8581818181818182 0.41648106904231624 0.8581818181818182 0.46547884187082406 0.8315151515151515 0.46547884187082406
1 0.2921212121212121 0.40979955456570155 0.31757575757575757 0.40979955456570155 0.31757575757575757 0.45657015590200445 0.2921212121212121 0.45657015590200445
1 0.8787878787878788 0.41648106904231624 0.9078787878787878 0.41648106904231624 0.9078787878787878 0.46770601336302897 0.8787878787878788 0.46770601336302897
1 0.5066666666666667 0.34743875278396436 0.5345454545454547 0.34743875278396436 0.5345454545454547 0.39643652561247217 0.5066666666666667 0.39643652561247217
