1 0.010462074978204011 0.5357535753575358 0.03225806451612903 0.5357535753575358 0.03225806451612903 0.5632563256325632 0.010462074978204011 0.5632563256325632
1 0.10113339145597208 0.6171617161716172 0.12467306015693112 0.6171617161716172 0.12467306015693112 0.6457645764576457 0.10113339145597208 0.6457645764576457
1 0.7018308631211858 0.053905390539053896 0.7244986922406278 0.053905390539053896 0.7244986922406278 0.0814081408140814 0.7018308631211858 0.0814081408140814
1 0.9136878814298172 0.49394939493949397 0.9389712292938102 0.49394939493949397 0.9389712292938102 0.5236523652365237 0.9136878814298172 0.5236523652365237
1 0.7009590235396687 0.3949394939493949 0.7253705318221447 0.3949394939493949 0.7253705318221447 0.42464246424642466 0.7009590235396687 0.42464246424642466
1 0.4908456843940715 0.5907590759075908 0.5187445510026155 0.5907590759075908 0.5187445510026155 0.6259625962596259 0.4908456843940715 0.6259625962596259
1 0.7009590235396687 0.8382838283828383 0.7253705318221447 0.8382838283828383 0.7253705318221447 0.8668866886688669 0.7009590235396687 0.8668866886688669
1 0.4934612031386225 0.8393839383938393 0.5161290322580645 0.8393839383938393 0.5161290322580645 0.8668866886688668 0.4934612031386225 0.8668866886688668
1 0.34960767218831734 0.66996699669967 0.37314734088927637 0.66996699669967 0.37314734088927637 0.6985698569856986 0.34960767218831734 0.6985698569856986
1 0.27201394943330426 0.8404840484048406 0.29293809938971227 0.8404840484048406 0.29293809938971227 0.866886688668867 0.27201394943330426 0.866886688668867
1 0.38796861377506536 0.055005500550055014 0.4088927637314734 0.055005500550055014 0.4088927637314734 0.0814081408140814 0.38796861377506536 0.0814081408140814
1 0.022667829119442026 0.1727172717271727 0.04533565823888405 0.1727172717271727 0.04533565823888405 0.2013201320132013 0.022667829119442026 0.2013201320132013
2 0.5754141238012206 0.8415841584158416 0.5945945945945946 0.8415841584158416 0.5945945945945946 0.8668866886688669 0.5754141238012206 0.8668866886688669
1 0.10113339145597208 0.4400440044004401 0.12554489973844812 0.4400440044004401 0.12554489973844812 0.4697469746974698 0.10113339145597208 0.4697469746974698
1 0.3870967741935484 0.3564356435643564 0.4097646033129904 0.3564356435643564 0.4097646033129904 0.38613861386138615 0.3870967741935484 0.38613861386138615
1 0.27201394943330426 0.5973597359735974 0.29293809938971227 0.5973597359735974 0.29293809938971227 0.6237623762376238 0.27201394943330426 0.6237623762376238
2 0.1002615518744551 0.24532453245324531 0.12554489973844812 0.24532453245324531 0.12554489973844812 0.27832783278327833 0.1002615518744551 0.27832783278327833
2 0.7000871839581518 0.49284928492849284 0.7253705318221448 0.49284928492849284 0.7253705318221448 0.5236523652365237 0.7000871839581518 0.5236523652365237
2 0.5745422842197035 0.052805280528052806 0.5954664341761116 0.052805280528052806 0.5954664341761116 0.08030803080308031 0.5745422842197035 0.08030803080308031
2 0.5745422842197035 0.009900990099009901 0.5963382737576286 0.009900990099009901 0.5963382737576286 0.03850385038503851 0.5745422842197035 0.03850385038503851
