0 0.6142401700318809 0.4369230769230769 0.6503719447396387 0.4369230769230769 0.6503719447396387 0.48615384615384616 0.6142401700318809 0.48615384615384616
0 0.8788522848034006 0.43538461538461537 0.9139213602550478 0.43538461538461537 0.9139213602550478 0.48615384615384616 0.8788522848034006 0.48615384615384616
1 0.22954303931987247 0.6876923076923077 0.2582359192348565 0.6876923076923077 0.2582359192348565 0.7276923076923076 0.22954303931987247 0.7276923076923076
1 0.128586609989373 0.5846153846153846 0.15727948990435706 0.5846153846153846 0.15727948990435706 0.6261538461538462 0.128586609989373 0.6261538461538462
1 0.22848034006376194 0.4492307692307692 0.2582359192348565 0.4492307692307692 0.2582359192348565 0.49230769230769234 0.22848034006376194 0.49230769230769234
1 0.747077577045696 0.7676923076923077 0.7747077577045696 0.7676923076923077 0.7747077577045696 0.8092307692307692 0.747077577045696 0.8092307692307692
1 0.6174282678002125 0.09692307692307692 0.645058448459086 0.09692307692307692 0.645058448459086 0.13692307692307693 0.6174282678002125 0.13692307692307693
1 0.4303931987247609 0.2153846153846154 0.4580233793836344 0.2153846153846154 0.4580233793836344 0.2553846153846154 0.4303931987247609 0.2553846153846154
1 0.22848034006376194 0.3769230769230769 0.2582359192348565 0.3769230769230769 0.2582359192348565 0.42 0.22848034006376194 0.42
1 0.8809776833156217 0.3323076923076923 0.9086078639744951 0.3323076923076923 0.9086078639744951 0.37384615384615383 0.8809776833156217 0.37384615384615383
1 0.618490967056323 0.36 0.647183846971307 0.36 0.647183846971307 0.4015384615384615 0.618490967056323 0.4015384615384615
1 0.747077577045696 0.23692307692307693 0.7747077577045696 0.23692307692307693 0.7747077577045696 0.27692307692307694 0.747077577045696 0.27692307692307694
2 0.6216790648246546 0.06615384615384616 0.6418703506907545 0.06615384615384616 0.6418703506907545 0.09384615384615384 0.6216790648246546 0.09384615384615384
2 0.9861849096705632 0.45692307692307693 0.9989373007438894 0.45692307692307693 0.9989373007438894 0.4876923076923077 0.9861849096705632 0.4876923076923077
