1 0.487232574189096 0.35401459854014594 0.5058661145617668 0.35401459854014594 0.5058661145617668 0.3804744525547445 0.487232574189096 0.3804744525547445
1 0.21739130434782608 0.5364963503649635 0.23809523809523808 0.5364963503649635 0.23809523809523808 0.5638686131386861 0.21739130434782608 0.5638686131386861
1 0.717736369910283 0.10036496350364964 0.7391304347826086 0.10036496350364964 0.7391304347826086 0.12773722627737227 0.717736369910283 0.12773722627737227
1 0.21739130434782608 0.2983576642335766 0.23671497584541062 0.2983576642335766 0.23671497584541062 0.3239051094890511 0.21739130434782608 0.3239051094890511
1 0.4824016563146998 0.09945255474452555 0.5024154589371981 0.09945255474452555 0.5024154589371981 0.1259124087591241 0.4824016563146998 0.1259124087591241
1 0.1331953071083506 0.5401459854014599 0.1518288474810214 0.5401459854014599 0.1518288474810214 0.5638686131386861 0.1331953071083506 0.5638686131386861
1 0.21670117322291238 0.09854014598540146 0.23809523809523814 0.09854014598540146 0.23809523809523814 0.125 0.21670117322291238 0.125
1 0.24706694271911667 0.7892335766423357 0.26432022084196 0.7892335766423357 0.26432022084196 0.8102189781021898 0.24706694271911667 0.8102189781021898
1 0.36645962732919257 0.6268248175182481 0.3878536922015183 0.6268248175182481 0.3878536922015183 0.6532846715328468 0.36645962732919257 0.6532846715328468
1 0.36853002070393365 0.7883211678832117 0.3871635610766045 0.7883211678832117 0.3871635610766045 0.8111313868613139 0.36853002070393365 0.8111313868613139
1 0.4603174603174603 0.6268248175182481 0.4775707384403037 0.6268248175182481 0.4775707384403037 0.6514598540145985 0.4603174603174603 0.6514598540145985
1 0.13457556935817805 0.09945255474452555 0.15251897860593513 0.09945255474452555 0.15251897860593513 0.12317518248175183 0.13457556935817805 0.12317518248175183
1 0.6963423050379572 0.4498175182481752 0.7142857142857143 0.4498175182481752 0.7142857142857143 0.47354014598540145 0.6963423050379572 0.47354014598540145
1 0.487232574189096 0.5383211678832117 0.5058661145617668 0.5383211678832117 0.5058661145617668 0.5620437956204379 0.487232574189096 0.5620437956204379
2 0.4858523119392685 0.31386861313868614 0.5058661145617668 0.31386861313868614 0.5058661145617668 0.34124087591240876 0.4858523119392685 0.34124087591240876
1 0.07522429261559696 0.4114963503649635 0.0924775707384403 0.4114963503649635 0.0924775707384403 0.4352189781021898 0.07522429261559696 0.4352189781021898
1 0.6818495514147688 0.7819343065693432 0.7018633540372671 0.7819343065693432 0.7018633540372671 0.8074817518248176 0.6818495514147688 0.8074817518248176
1 0.48792270531400966 0.4498175182481752 0.505175983436853 0.4498175182481752 0.505175983436853 0.4744525547445255 0.48792270531400966 0.4744525547445255
1 0.6369910282953761 0.4498175182481752 0.6542443064182195 0.4498175182481752 0.6542443064182195 0.47354014598540145 0.6369910282953761 0.47354014598540145
1 0.44030365769496205 0.31113138686131386 0.4582470669427191 0.31113138686131386 0.4582470669427191 0.3375912408759124 0.44030365769496205 0.3375912408759124
1 0.07729468599033816 0.5364963503649635 0.09523809523809523 0.5364963503649635 0.09523809523809523 0.5611313868613139 0.07729468599033816 0.5611313868613139
1 0.5886818495514148 0.09945255474452555 0.6093857832988268 0.09945255474452555 0.6093857832988268 0.1259124087591241 0.5886818495514148 0.1259124087591241
1 0.7522429261559697 0.4516423357664234 0.7701863354037267 0.4516423357664234 0.7701863354037267 0.47536496350364965 0.7522429261559697 0.47536496350364965
1 0.3402346445824706 0.3576642335766424 0.35817805383022766 0.3576642335766424 0.35817805383022766 0.3804744525547446 0.3402346445824706 0.3804744525547446
1 0.13526570048309178 0.45894160583941607 0.15182884748102138 0.45894160583941607 0.15182884748102138 0.479014598540146 0.13526570048309178 0.479014598540146
1 0.30158730158730157 0.31386861313868614 0.3222912353347136 0.31386861313868614 0.3222912353347136 0.3375912408759124 0.30158730158730157 0.3375912408759124
1 0.5886818495514148 0.5383211678832117 0.6073153899240856 0.5383211678832117 0.6073153899240856 0.5629562043795621 0.5886818495514148 0.5629562043795621
1 0.6224982746721878 0.7819343065693432 0.6404416839199448 0.7819343065693432 0.6404416839199448 0.8056569343065695 0.6224982746721878 0.8056569343065695
1 0.779848171152519 0.7837591240875912 0.7991718426501035 0.7837591240875912 0.7991718426501035 0.8083941605839415 0.779848171152519 0.8083941605839415
1 0.3022774327122153 0.09945255474452555 0.3209109730848861 0.09945255474452555 0.3209109730848861 0.12408759124087591 0.3022774327122153 0.12408759124087591
2 0.1331953071083506 0.31843065693430656 0.15251897860593513 0.31843065693430656 0.15251897860593513 0.34397810218978103 0.1331953071083506 0.34397810218978103
2 0.36853002070393365 0.8768248175182481 0.38578329882677703 0.8768248175182481 0.38578329882677703 0.8996350364963503 0.36853002070393365 0.8996350364963503
1 0.6507936507936507 0.10036496350364964 0.6721877156659765 0.10036496350364964 0.6721877156659765 0.12864963503649635 0.6507936507936507 0.12864963503649635
1 0.30296756383712903 0.5401459854014599 0.3209109730848861 0.5401459854014599 0.3209109730848861 0.5620437956204379 0.30296756383712903 0.5620437956204379
1 0.7363699102829537 0.7828467153284672 0.7556935817805382 0.7828467153284672 0.7556935817805382 0.8083941605839416 0.7363699102829537 0.8083941605839416
2 0.30296756383712903 0.26003649635036497 0.3216011042097998 0.26003649635036497 0.3216011042097998 0.2846715328467153 0.30296756383712903 0.2846715328467153
1 0.4603174603174603 0.9324817518248174 0.4775707384403037 0.9324817518248174 0.4775707384403037 0.9571167883211679 0.4603174603174603 0.9571167883211679
1 0.36783988957902003 0.9343065693430657 0.3864734299516908 0.9343065693430657 0.3864734299516908 0.9571167883211679 0.36783988957902003 0.9571167883211679
2 0.590752242926156 0.45072992700729925 0.6073153899240856 0.45072992700729925 0.6073153899240856 0.4726277372262774 0.590752242926156 0.4726277372262774
2 0.3036576949620428 0.3594890510948905 0.31884057971014496 0.3594890510948905 0.31884057971014496 0.3795620437956204 0.3036576949620428 0.3795620437956204
1 0.3492063492063492 0.26186131386861317 0.3657694962042788 0.26186131386861317 0.3657694962042788 0.28467153284671537 0.3492063492063492 0.28467153284671537
1 0.7204968944099379 0.23722627737226276 0.7418909592822637 0.23722627737226276 0.7418909592822637 0.2655109489051095 0.7204968944099379 0.2655109489051095
2 0.3023519172173692 0.3011325782811459 0.3215008719744692 0.3011325782811459 0.3215008719744692 0.31978680879413723 0.3023519172173692 0.31978680879413723
