2 0.8858294157152451 0.32638888888888895 0.8985896574882472 0.32638888888888895 0.8985896574882472 0.35937500000000006 0.8858294157152451 0.35937500000000006
2 0.13163196776359973 0.6024305555555556 0.14372061786433848 0.6024305555555556 0.14372061786433848 0.6302083333333334 0.13163196776359973 0.6302083333333334
2 0.6783075889858966 0.486111111111111 0.6910678307588985 0.486111111111111 0.6910678307588985 0.517361111111111 0.6783075889858966 0.517361111111111
2 0.5359301544660846 0.8159722222222221 0.5486903962390867 0.8159722222222221 0.5486903962390867 0.8489583333333333 0.5359301544660846 0.8489583333333333
2 0.6279382135661518 0.5763888888888888 0.6393552719946273 0.5763888888888888 0.6393552719946273 0.6041666666666666 0.6279382135661518 0.6041666666666666
2 0.44593687038280727 0.486111111111111 0.4586971121558093 0.486111111111111 0.4586971121558093 0.517361111111111 0.44593687038280727 0.517361111111111
2 0.6272666218938885 0.486111111111111 0.6400268636668905 0.486111111111111 0.6400268636668905 0.5190972222222221 0.6272666218938885 0.5190972222222221
2 0.7434519811954332 0.16493055555555552 0.7548690396239086 0.16493055555555552 0.7548690396239086 0.19444444444444442 0.7434519811954332 0.19444444444444442
1 0.22028206850235058 0.2204861111111111 0.23169912693082606 0.2204861111111111 0.23169912693082606 0.2482638888888889 0.22028206850235058 0.2482638888888889
2 0.2216252518468771 0.78125 0.23237071860308933 0.78125 0.23237071860308933 0.8090277777777778 0.2216252518468771 0.8090277777777778
2 0.16856950973807922 0.3090277777777778 0.1799865681665547 0.3090277777777778 0.1799865681665547 0.3385416666666667 0.16856950973807922 0.3385416666666667
1 0.10006715916722633 0.2204861111111111 0.11081262592343855 0.2204861111111111 0.11081262592343855 0.2482638888888889 0.10006715916722633 0.2482638888888889
1 0.5688381464069846 0.48958333333333326 0.5795836131631968 0.48958333333333326 0.5795836131631968 0.517361111111111 0.5688381464069846 0.517361111111111
2 0.3962390866353257 0.5868055555555556 0.40899932840832776 0.5868055555555556 0.40899932840832776 0.6180555555555556 0.3962390866353257 0.6180555555555556
2 0.44593687038280727 0.5885416666666666 0.45735392881128273 0.5885416666666666 0.45735392881128273 0.6163194444444444 0.44593687038280727 0.6163194444444444
2 0.39691067830758897 0.16493055555555552 0.4083277367360645 0.16493055555555552 0.4083277367360645 0.19444444444444442 0.39691067830758897 0.19444444444444442
2 0.8871725990597716 0.16319444444444448 0.8979180658159839 0.16319444444444448 0.8979180658159839 0.19270833333333337 0.8871725990597716 0.19270833333333337
1 0.8871725990597716 0.6024305555555556 0.8972464741437206 0.6024305555555556 0.8972464741437206 0.6302083333333334 0.8871725990597716 0.6302083333333334
2 0.8220282068502349 0.486111111111111 0.8347884486232369 0.486111111111111 0.8347884486232369 0.517361111111111 0.8220282068502349 0.517361111111111
2 0.679650772330423 0.5763888888888888 0.6903962390866353 0.5763888888888888 0.6903962390866353 0.6041666666666666 0.679650772330423 0.6041666666666666
2 0.7434519811954332 0.5763888888888888 0.7541974479516454 0.5763888888888888 0.7541974479516454 0.6041666666666666 0.7434519811954332 0.6041666666666666
1 0.8220282068502349 0.328125 0.8341168569509737 0.328125 0.8341168569509737 0.3576388888888889 0.8220282068502349 0.3576388888888889
2 0.5681665547347213 0.578125 0.5789120214909336 0.578125 0.5789120214909336 0.6041666666666666 0.5681665547347213 0.6041666666666666
2 0.22095366017461385 0.8177083333333335 0.23304231027535258 0.8177083333333335 0.23304231027535258 0.8454861111111113 0.22095366017461385 0.8454861111111113
1 0.06783075889858965 0.6024305555555556 0.07924781732706514 0.6024305555555556 0.07924781732706514 0.6319444444444444 0.06783075889858965 0.6319444444444444
2 0.8226997985224983 0.16145833333333337 0.8341168569509738 0.16145833333333337 0.8341168569509738 0.19270833333333337 0.8226997985224983 0.19270833333333337
2 0.5681665547347213 0.5243055555555556 0.5802552048354601 0.5243055555555556 0.5802552048354601 0.5555555555555556 0.5681665547347213 0.5555555555555556
2 0.4210879785090665 0.78125 0.4318334452652787 0.78125 0.4318334452652787 0.8072916666666666 0.4210879785090665 0.8072916666666666
1 0.39691067830758897 0.4878472222222222 0.4083277367360645 0.4878472222222222 0.4083277367360645 0.5173611111111112 0.39691067830758897 0.5173611111111112
1 0.22095366017461385 0.3940972222222222 0.23169912693082606 0.3940972222222222 0.23169912693082606 0.4184027777777778 0.22095366017461385 0.4184027777777778
2 0.44593687038280727 0.16493055555555552 0.4586971121558093 0.16493055555555552 0.4586971121558093 0.19444444444444442 0.44593687038280727 0.19444444444444442
2 0.32437877770315654 0.8159722222222221 0.3364674278038953 0.8159722222222221 0.3364674278038953 0.8472222222222221 0.32437877770315654 0.8472222222222221
2 0.42041638683680316 0.8159722222222221 0.43317662860980516 0.8159722222222221 0.43317662860980516 0.8472222222222221 0.42041638683680316 0.8472222222222221
2 0.8871725990597716 0.48958333333333326 0.8979180658159839 0.48958333333333326 0.8979180658159839 0.5156249999999999 0.8871725990597716 0.5156249999999999
2 0.6783075889858966 0.5243055555555556 0.6910678307588985 0.5243055555555556 0.6910678307588985 0.5555555555555556 0.6783075889858966 0.5555555555555556
1 0.6803223640026864 0.3680555555555556 0.6903962390866353 0.3680555555555556 0.6903962390866353 0.3958333333333333 0.6803223640026864 0.3958333333333333
1 0.8871725990597716 0.2586805555555556 0.8985896574882472 0.2586805555555556 0.8985896574882472 0.2881944444444444 0.8871725990597716 0.2881944444444444
1 0.5366017461383479 0.7413194444444444 0.5480188045668234 0.7413194444444444 0.5480188045668234 0.7725694444444444 0.5366017461383479 0.7725694444444444
1 0.15715245130960376 0.8177083333333335 0.16789791806581597 0.8177083333333335 0.16789791806581597 0.8454861111111113 0.15715245130960376 0.8454861111111113
1 0.28542646071188715 0.78125 0.2968435191403626 0.78125 0.2968435191403626 0.8072916666666666 0.28542646071188715 0.8072916666666666
2 0.15648085963734049 0.7795138888888888 0.16856950973807922 0.7795138888888888 0.16856950973807922 0.8107638888888888 0.15648085963734049 0.8107638888888888
2 0.36400268636668903 0.7795138888888888 0.3760913364674278 0.7795138888888888 0.3760913364674278 0.8090277777777778 0.36400268636668903 0.8090277777777778
1 0.7427803895231699 0.4878472222222222 0.7548690396239086 0.4878472222222222 0.7548690396239086 0.5173611111111112 0.7427803895231699 0.5173611111111112
1 0.6044325050369376 0.5798611111111112 0.6138347884486233 0.5798611111111112 0.6138347884486233 0.6041666666666666 0.6044325050369376 0.6041666666666666
1 0.2525184687709872 0.467013888888889 0.26460711887172594 0.467013888888889 0.26460711887172594 0.498263888888889 0.2525184687709872 0.498263888888889
1 0.10073875083948959 0.3940972222222222 0.11014103425117529 0.3940972222222222 0.11014103425117529 0.4184027777777778 0.10073875083948959 0.4184027777777778
1 0.132303559435863 0.39236111111111105 0.1430490261920752 0.39236111111111105 0.1430490261920752 0.42013888888888884 0.132303559435863 0.42013888888888884
1 0.2216252518468771 0.7447916666666665 0.23237071860308933 0.7447916666666665 0.23237071860308933 0.7725694444444442 0.2216252518468771 0.7725694444444442
2 0.6789791806581599 0.16493055555555552 0.6910678307588985 0.16493055555555552 0.6910678307588985 0.19444444444444442 0.6789791806581599 0.19444444444444442
1 0.30960376091336467 0.6302083333333334 0.3203492276695769 0.6302083333333334 0.3203492276695769 0.65625 0.30960376091336467 0.65625
1 0.18938885157824042 0.5208333333333334 0.20013431833445267 0.5208333333333334 0.20013431833445267 0.546875 0.18938885157824042 0.546875
1 0.3653458697112156 0.8194444444444444 0.37541974479516454 0.8194444444444444 0.37541974479516454 0.8454861111111112 0.3653458697112156 0.8454861111111112
1 0.8549361987911351 0.7430555555555556 0.8656816655473474 0.7430555555555556 0.8656816655473474 0.7708333333333334 0.8549361987911351 0.7708333333333334
1 0.06783075889858965 0.5208333333333334 0.07857622565480187 0.5208333333333334 0.07857622565480187 0.5486111111111112 0.06783075889858965 0.5486111111111112
1 0.3398253861652115 0.5902777777777778 0.34989926124916043 0.5902777777777778 0.34989926124916043 0.6180555555555556 0.3398253861652115 0.6180555555555556
1 0.2531900604432505 0.3940972222222222 0.2639355271994627 0.3940972222222222 0.2639355271994627 0.4201388888888889 0.2531900604432505 0.4201388888888889
1 0.8226997985224983 0.39236111111111105 0.8341168569509738 0.39236111111111105 0.8341168569509738 0.42013888888888884 0.8226997985224983 0.42013888888888884
1 0.44660846205507054 0.5243055555555556 0.458025520483546 0.5243055555555556 0.458025520483546 0.5538194444444444 0.44660846205507054 0.5538194444444444
2 0.10006715916722633 0.8177083333333335 0.11148421759570182 0.8177083333333335 0.11148421759570182 0.8472222222222224 0.10006715916722633 0.8472222222222224
2 0.6279382135661518 0.16493055555555552 0.6400268636668905 0.16493055555555552 0.6400268636668905 0.19444444444444442 0.6279382135661518 0.19444444444444442
2 0.132303559435863 0.16666666666666663 0.14237743451981194 0.16666666666666663 0.14237743451981194 0.1927083333333333 0.132303559435863 0.1927083333333333
1 0.5057085292142377 0.5277777777777778 0.5164539959704499 0.5277777777777778 0.5164539959704499 0.5555555555555556 0.5057085292142377 0.5555555555555556
1 0.10073875083948959 0.7447916666666665 0.11081262592343855 0.7447916666666665 0.11081262592343855 0.7708333333333331 0.10073875083948959 0.7708333333333331
2 0.18871725990597712 0.6024305555555556 0.20147750167897915 0.6024305555555556 0.20147750167897915 0.6336805555555556 0.18871725990597712 0.6336805555555556
2 0.8878441907320349 0.44270833333333326 0.8985896574882472 0.44270833333333326 0.8985896574882472 0.4722222222222221 0.8878441907320349 0.4722222222222221
1 0.42175957018132976 0.7447916666666665 0.4318334452652787 0.7447916666666665 0.4318334452652787 0.7708333333333331 0.42175957018132976 0.7708333333333331
1 0.18871725990597712 0.39236111111111105 0.19946272666218934 0.39236111111111105 0.19946272666218934 0.42013888888888884 0.18871725990597712 0.42013888888888884
1 0.2531900604432505 0.5173611111111112 0.26527871054398927 0.5173611111111112 0.26527871054398927 0.546875 0.2531900604432505 0.546875
1 0.13163196776359973 0.5190972222222222 0.1430490261920752 0.5190972222222222 0.1430490261920752 0.5486111111111112 0.13163196776359973 0.5486111111111112
1 0.8878441907320349 0.39236111111111105 0.8985896574882472 0.39236111111111105 0.8985896574882472 0.42013888888888884 0.8878441907320349 0.42013888888888884
1 0.06850235057085292 0.39236111111111105 0.07857622565480188 0.39236111111111105 0.07857622565480188 0.41840277777777773 0.06850235057085292 0.41840277777777773
2 0.22095366017461388 0.3107638888888889 0.2313478328253345 0.3107638888888889 0.2313478328253345 0.33766025641025643 0.22095366017461388 0.33766025641025643
2 0.2531900604432505 0.16666666666666663 0.26326393552719946 0.16666666666666663 0.26326393552719946 0.19097222222222218 0.2531900604432505 0.19097222222222218
1 0.7112155809267965 0.21875 0.722632639355272 0.21875 0.722632639355272 0.25 0.7112155809267965 0.25
1 0.6803223640026864 0.6163194444444444 0.6903962390866353 0.6163194444444444 0.6903962390866353 0.640625 0.6803223640026864 0.640625
1 0.824042981867025 0.6041666666666666 0.8347884486232372 0.6041666666666666 0.8347884486232372 0.6302083333333334 0.824042981867025 0.6302083333333334
2 0.3398253861652115 0.6284722222222222 0.35057085292142376 0.6284722222222222 0.35057085292142376 0.65625 0.3398253861652115 0.65625
1 0.7233042310275353 0.7413194444444444 0.7360644728005373 0.7413194444444444 0.7360644728005373 0.7743055555555556 0.7233042310275353 0.7743055555555556
1 0.13297515110812627 0.470486111111111 0.1437206178643385 0.470486111111111 0.1437206178643385 0.4982638888888888 0.13297515110812627 0.4982638888888888
2 0.7427803895231699 0.5225694444444444 0.7548690396239086 0.5225694444444444 0.7548690396239086 0.5555555555555556 0.7427803895231699 0.5555555555555556
2 0.25386165211551376 0.5763888888888888 0.264607118871726 0.5763888888888888 0.264607118871726 0.5989583333333334 0.25386165211551376 0.5989583333333334
2 0.25453324378777703 0.6041666666666666 0.264607118871726 0.6041666666666666 0.264607118871726 0.6284722222222222 0.25453324378777703 0.6284722222222222
1 0.2531900604432505 0.546875 0.26595030221625254 0.546875 0.26595030221625254 0.5729166666666666 0.2531900604432505 0.5729166666666666
1 0.6789791806581599 0.6840277777777779 0.6910678307588985 0.6840277777777779 0.6910678307588985 0.7135416666666667 0.6789791806581599 0.7135416666666667
1 0.8831430490261921 0.8819444444444444 0.8938885157824042 0.8819444444444444 0.8938885157824042 0.9079861111111112 0.8831430490261921 0.9079861111111112
2 0.18938885157824042 0.4375 0.1994627266621894 0.4375 0.1994627266621894 0.4652777777777778 0.18938885157824042 0.4652777777777778
1 0.6380120886501007 0.7447916666666665 0.6494291470785762 0.7447916666666665 0.6494291470785762 0.7725694444444442 0.6380120886501007 0.7725694444444442
2 0.06783075889858965 0.43576388888888895 0.07790463398253861 0.43576388888888895 0.07790463398253861 0.4652777777777778 0.06783075889858965 0.4652777777777778
2 0.712558764271323 0.3090277777777778 0.722632639355272 0.3090277777777778 0.722632639355272 0.3368055555555556 0.712558764271323 0.3368055555555556
2 0.10006715916722633 0.3090277777777778 0.11014103425117529 0.3090277777777778 0.11014103425117529 0.3368055555555556 0.10006715916722633 0.3368055555555556
1 0.042981867024848894 0.7795138888888888 0.05439892545332438 0.7795138888888888 0.05439892545332438 0.8090277777777778 0.042981867024848894 0.8090277777777778
2 0.10006715916722633 0.7795138888888888 0.11148421759570182 0.7795138888888888 0.11148421759570182 0.8072916666666666 0.10006715916722633 0.8072916666666666
1 0.6265950302216252 0.5225694444444444 0.6400268636668905 0.5225694444444444 0.6400268636668905 0.5572916666666666 0.6265950302216252 0.5572916666666666
1 0.132303559435863 0.6302083333333334 0.14372061786433848 0.6302083333333334 0.14372061786433848 0.65625 0.132303559435863 0.65625
2 0.06783075889858965 0.16493055555555552 0.07857622565480187 0.16493055555555552 0.07857622565480187 0.1909722222222222 0.06783075889858965 0.1909722222222222
2 0.32505036937541976 0.78125 0.33579583613163194 0.78125 0.33579583613163194 0.8072916666666666 0.32505036937541976 0.8072916666666666
1 0.32572196104768303 0.7447916666666665 0.335795836131632 0.7447916666666665 0.335795836131632 0.7708333333333331 0.32572196104768303 0.7708333333333331
1 0.18938885157824042 0.470486111111111 0.1994627266621894 0.470486111111111 0.1994627266621894 0.4982638888888888 0.18938885157824042 0.4982638888888888
1 0.06850235057085292 0.470486111111111 0.07857622565480188 0.470486111111111 0.07857622565480188 0.4965277777777777 0.06850235057085292 0.4965277777777777
1 0.18871725990597712 0.5729166666666666 0.20147750167897915 0.5729166666666666 0.20147750167897915 0.6041666666666666 0.18871725990597712 0.6041666666666666
1 0.5389264865423361 0.6316239316239316 0.5478534896936509 0.6316239316239316 0.5478534896936509 0.6564102564102563 0.5389264865423361 0.6564102564102563
1 0.10183396187425738 0.4726495726495725 0.11109159477191714 0.4726495726495725 0.11109159477191714 0.4982905982905982 0.10183396187425738 0.4982905982905982
1 0.8563310430335279 0.39572649572649576 0.8655886759311878 0.39572649572649576 0.8655886759311878 0.4222222222222222 0.8563310430335279 0.4222222222222222
1 0.7799555716278348 0.6059829059829059 0.7898744640181845 0.6059829059829059 0.7898744640181845 0.6316239316239316 0.7799555716278348 0.6316239316239316
2 0.1897814744020251 0.17094017094017094 0.19936973704602987 0.17094017094017094 0.19936973704602987 0.19230769230769235 0.1897814744020251 0.19230769230769235
