0 0.6971428571428572 0.2775453277545328 0.72 0.2775453277545328 0.72 0.3263598326359832 0.6971428571428572 0.3263598326359832
0 0.2819047619047619 0.2775453277545328 0.3047619047619048 0.2775453277545328 0.3047619047619048 0.3263598326359832 0.2819047619047619 0.3263598326359832
0 0.2812698412698413 0.3403068340306834 0.3047619047619048 0.3403068340306834 0.3047619047619048 0.3919107391910739 0.2812698412698413 0.3919107391910739
0 0.6965079365079365 0.3417015341701534 0.7193650793650793 0.3417015341701534 0.7193650793650793 0.3919107391910739 0.6965079365079365 0.3919107391910739
0 0.4780952380952381 0.30962343096234307 0.4996825396825397 0.30962343096234307 0.4996825396825397 0.35704323570432356 0.4780952380952381 0.35704323570432356
0 0.5015873015873016 0.26778242677824265 0.5238095238095238 0.26778242677824265 0.5238095238095238 0.31520223152022314 0.5015873015873016 0.31520223152022314
2 0.49333333333333335 0.046025104602510455 0.5098412698412699 0.046025104602510455 0.5098412698412699 0.08368200836820083 0.49333333333333335 0.08368200836820083
2 0.3784126984126984 0.04741980474198047 0.39555555555555555 0.04741980474198047 0.39555555555555555 0.08368200836820083 0.3784126984126984 0.08368200836820083
2 0.22158730158730158 0.17712691771269176 0.23936507936507936 0.17712691771269176 0.23936507936507936 0.21478382147838215 0.22158730158730158 0.21478382147838215
2 0.606984126984127 0.04741980474198047 0.6234920634920635 0.04741980474198047 0.6234920634920635 0.08368200836820083 0.606984126984127 0.08368200836820083
2 0.4177777777777778 0.046025104602510455 0.43555555555555553 0.046025104602510455 0.43555555555555553 0.08507670850767085 0.4177777777777778 0.08507670850767085
2 0.4158730158730159 0.30404463040446306 0.4380952380952381 0.30404463040446306 0.4380952380952381 0.35704323570432356 0.4158730158730159 0.35704323570432356
2 0.5676190476190476 0.04741980474198047 0.5841269841269842 0.04741980474198047 0.5841269841269842 0.08368200836820083 0.5676190476190476 0.08368200836820083
2 0.7625396825396825 0.17573221757322174 0.780952380952381 0.17573221757322174 0.780952380952381 0.21617852161785214 0.7625396825396825 0.21617852161785214
2 0.49206349206349204 0.7322175732217573 0.5098412698412699 0.7322175732217573 0.5098412698412699 0.7712691771269177 0.49206349206349204 0.7712691771269177
2 0.1853968253968254 0.7615062761506276 0.20253968253968255 0.7615062761506276 0.20253968253968255 0.803347280334728 0.1853968253968254 0.803347280334728
2 0.7873015873015873 0.7615062761506276 0.8012698412698412 0.7615062761506276 0.8012698412698412 0.800557880055788 0.7873015873015873 0.800557880055788
1 0.826031746031746 0.6415620641562064 0.8419047619047619 0.6415620641562064 0.8419047619047619 0.6764295676429567 0.826031746031746 0.6764295676429567
2 0.49333333333333335 0.001394700139470014 0.5092063492063492 0.001394700139470014 0.5092063492063492 0.02092050209205021 0.49333333333333335 0.02092050209205021
1 0.7612698412698413 0.6415620641562064 0.7758730158730158 0.6415620641562064 0.7758730158730158 0.6736401673640167 0.7612698412698413 0.6736401673640167
2 0.7974603174603174 0.7615062761506276 0.8146031746031746 0.7615062761506276 0.8146031746031746 0.801952580195258 0.7974603174603174 0.801952580195258
2 0.20126984126984127 0.7629009762900976 0.21587301587301588 0.7629009762900976 0.21587301587301588 0.797768479776848 0.20126984126984127 0.797768479776848
2 0.5682539682539682 0.3124128312412831 0.5841269841269842 0.3124128312412831 0.5841269841269842 0.34449093444909346 0.5682539682539682 0.34449093444909346
1 0.7866666666666666 0.6429567642956764 0.8006349206349206 0.6429567642956764 0.8006349206349206 0.6736401673640167 0.7866666666666666 0.6736401673640167
2 0.4812698412698413 0.28312412831241285 0.5003174603174603 0.28312412831241285 0.5003174603174603 0.3179916317991632 0.4812698412698413 0.3179916317991632
2 0.5676190476190476 0.3612273361227336 0.5873015873015873 0.3612273361227336 0.5873015873015873 0.3933054393305439 0.5676190476190476 0.3933054393305439
2 0.572063492063492 0.49930264993026496 0.587936507936508 0.49930264993026496 0.587936507936508 0.5369595536959554 0.572063492063492 0.5369595536959554
2 0.41714285714285715 0.49930264993026496 0.43555555555555553 0.49930264993026496 0.43555555555555553 0.5355648535564853 0.41714285714285715 0.5355648535564853
2 0.19301587301587303 0.5801952580195258 0.20444444444444446 0.5801952580195258 0.20444444444444446 0.6080892608089261 0.19301587301587303 0.6080892608089261
2 0.2038095238095238 0.5871687587168759 0.2165079365079365 0.5871687587168759 0.2165079365079365 0.6192468619246861 0.2038095238095238 0.6192468619246861
