1 0.13930722891566266 0.6025477707006369 0.16792168674698799 0.6025477707006369 0.16792168674698799 0.6509554140127388 0.13930722891566266 0.6509554140127388
1 0.43900602409638556 0.6025477707006369 0.4661144578313253 0.6025477707006369 0.4661144578313253 0.6496815286624203 0.43900602409638556 0.6496815286624203
1 0.25903614457831325 0.6025477707006369 0.286144578313253 0.6025477707006369 0.286144578313253 0.6509554140127388 0.25903614457831325 0.6509554140127388
1 0.2891566265060241 0.21273885350318472 0.3170180722891566 0.21273885350318472 0.3170180722891566 0.2585987261146497 0.2891566265060241 0.2585987261146497
1 0.3192771084337349 0.6038216560509554 0.3448795180722891 0.6038216560509554 0.3448795180722891 0.6496815286624203 0.3192771084337349 0.6496815286624203
2 0.4397590361445783 0.04968152866242039 0.463855421686747 0.04968152866242039 0.463855421686747 0.08662420382165605 0.4397590361445783 0.08662420382165605
2 0.4427710843373493 0.45095541401273886 0.4615963855421686 0.45095541401273886 0.4615963855421686 0.4802547770700637 0.4427710843373493 0.4802547770700637
2 0.5368975903614458 0.8878980891719747 0.5534638554216867 0.8878980891719747 0.5534638554216867 0.915923566878981 0.5368975903614458 0.915923566878981
2 0.3245481927710843 0.8878980891719747 0.34186746987951805 0.8878980891719747 0.34186746987951805 0.915923566878981 0.3245481927710843 0.915923566878981
2 0.1438253012048193 0.8866242038216561 0.16265060240963858 0.8866242038216561 0.16265060240963858 0.9159235668789809 0.1438253012048193 0.9159235668789809
2 0.2635542168674699 0.8878980891719747 0.28012048192771083 0.8878980891719747 0.28012048192771083 0.915923566878981 0.2635542168674699 0.915923566878981
2 0.7914156626506024 0.8866242038216561 0.8102409638554217 0.8866242038216561 0.8102409638554217 0.9171974522292994 0.7914156626506024 0.9171974522292994
2 0.3652108433734939 0.22038216560509555 0.38253012048192764 0.22038216560509555 0.38253012048192764 0.2484076433121019 0.3652108433734939 0.2484076433121019
2 0.4427710843373493 0.14394904458598726 0.4608433734939758 0.14394904458598726 0.4608433734939758 0.17579617834394903 0.4427710843373493 0.17579617834394903
2 0.4427710843373493 0.8866242038216561 0.4615963855421686 0.8866242038216561 0.4615963855421686 0.9171974522292994 0.4427710843373493 0.9171974522292994
2 0.7914156626506024 0.5745222929936306 0.8102409638554217 0.5745222929936306 0.8102409638554217 0.6063694267515923 0.7914156626506024 0.6063694267515923
2 0.7914156626506024 0.2980891719745223 0.8087349397590361 0.2980891719745223 0.8087349397590361 0.3248407643312102 0.7914156626506024 0.3248407643312102
