1 0.5365566037735849 0.05747126436781609 0.5577830188679245 0.05747126436781609 0.5577830188679245 0.0870279146141215 0.5365566037735849 0.0870279146141215
1 0.722877358490566 0.05747126436781609 0.7441037735849056 0.05747126436781609 0.7441037735849056 0.0870279146141215 0.722877358490566 0.0870279146141215
1 0.2783018867924528 0.05747126436781609 0.3007075471698113 0.05747126436781609 0.3007075471698113 0.0870279146141215 0.2783018867924528 0.0870279146141215
1 0.12264150943396226 0.05747126436781609 0.14504716981132074 0.05747126436781609 0.14504716981132074 0.0870279146141215 0.12264150943396226 0.0870279146141215
1 0.1214622641509434 0.3563218390804598 0.14386792452830188 0.3563218390804598 0.14386792452830188 0.38916256157635465 0.1214622641509434 0.38916256157635465
1 0.722877358490566 0.6124794745484401 0.7452830188679245 0.6124794745484401 0.7452830188679245 0.645320197044335 0.722877358490566 0.645320197044335
1 0.5365566037735849 0.2972085385878489 0.5589622641509434 0.2972085385878489 0.5589622641509434 0.3284072249589491 0.5365566037735849 0.3284072249589491
1 0.2783018867924528 0.367816091954023 0.3018867924528302 0.367816091954023 0.3018867924528302 0.4006568144499179 0.2783018867924528 0.4006568144499179
1 0.722877358490566 0.3957307060755336 0.7464622641509434 0.3957307060755336 0.7464622641509434 0.4269293924466338 0.722877358490566 0.4269293924466338
1 0.17452830188679244 0.13957307060755336 0.19575471698113206 0.13957307060755336 0.19575471698113206 0.16912972085385877 0.17452830188679244 0.16912972085385877
2 0.19575471698113206 0.638752052545156 0.2205188679245283 0.638752052545156 0.2205188679245283 0.6732348111658456 0.19575471698113206 0.6732348111658456
2 0.9162735849056604 0.3908045977011494 0.9445754716981132 0.3908045977011494 0.9445754716981132 0.4302134646962233 0.9162735849056604 0.4302134646962233
2 0.8455188679245282 0.3908045977011494 0.8738207547169811 0.3908045977011494 0.8738207547169811 0.4302134646962233 0.8455188679245282 0.4302134646962233
0 0.1804245283018868 0.28078817733990147 0.2016509433962264 0.28078817733990147 0.2016509433962264 0.32348111658456485 0.1804245283018868 0.32348111658456485
