0 0.27111486486486486 0.6017587939698492 0.2998310810810811 0.6017587939698492 0.2998310810810811 0.6432160804020101 0.27111486486486486 0.6432160804020101
0 0.5498310810810811 0.4610552763819096 0.5853040540540541 0.4610552763819096 0.5853040540540541 0.5150753768844221 0.5498310810810811 0.5150753768844221
1 0.05574324324324324 0.6130653266331658 0.07770270270270271 0.6130653266331658 0.07770270270270271 0.6457286432160804 0.05574324324324324 0.6457286432160804
1 0.5 0.6130653266331658 0.5194256756756757 0.6130653266331658 0.5194256756756757 0.6432160804020101 0.5 0.6432160804020101
0 0.1587837837837838 0.27261306532663315 0.19341216216216217 0.27261306532663315 0.19341216216216217 0.32537688442211055 0.1587837837837838 0.32537688442211055
1 0.7263513513513514 0.48115577889447236 0.7474662162162162 0.48115577889447236 0.7474662162162162 0.5125628140703518 0.7263513513513514 0.5125628140703518
2 0.17060810810810811 0.12437185929648241 0.1891891891891892 0.12437185929648241 0.1891891891891892 0.15326633165829145 0.17060810810810811 0.15326633165829145
1 0.05489864864864865 0.34045226130653267 0.07685810810810811 0.34045226130653267 0.07685810810810811 0.37185929648241206 0.05489864864864865 0.37185929648241206
1 0.5025337837837838 0.3442211055276382 0.5219594594594595 0.3442211055276382 0.5219594594594595 0.3743718592964824 0.5025337837837838 0.3743718592964824
1 0.27618243243243246 0.3391959798994975 0.2981418918918919 0.3391959798994975 0.2981418918918919 0.37185929648241206 0.27618243243243246 0.37185929648241206
2 0.6047297297297297 0.3417085427135678 0.6224662162162162 0.3417085427135678 0.6224662162162162 0.36809045226130654 0.6047297297297297 0.36809045226130654
