0 0.5675057208237986 0.31239935587761675 0.5903890160183066 0.31239935587761675 0.5903890160183066 0.34299516908212563 0.5675057208237986 0.34299516908212563
0 0.39816933638443935 0.31239935587761675 0.42105263157894735 0.31239935587761675 0.42105263157894735 0.34299516908212563 0.39816933638443935 0.34299516908212563
1 0.5697940503432495 0.18035426731078905 0.5892448512585813 0.18035426731078905 0.5892448512585813 0.20772946859903382 0.5697940503432495 0.20772946859903382
1 0.7894736842105263 0.7262479871175523 0.8077803203661327 0.7262479871175523 0.8077803203661327 0.7520128824476651 0.7894736842105263 0.7520128824476651
1 0.6842105263157895 0.4782608695652174 0.7025171624713958 0.4782608695652174 0.7025171624713958 0.5056360708534622 0.6842105263157895 0.5056360708534622
1 0.40160183066361554 0.18035426731078905 0.42105263157894735 0.18035426731078905 0.42105263157894735 0.20772946859903382 0.40160183066361554 0.20772946859903382
1 0.4931350114416476 0.47987117552334946 0.5102974828375286 0.47987117552334946 0.5102974828375286 0.5040257648953301 0.4931350114416476 0.5040257648953301
1 0.28718535469107553 0.4782608695652174 0.30549199084668194 0.4782608695652174 0.30549199084668194 0.5040257648953301 0.28718535469107553 0.5040257648953301
1 0.4931350114416476 0.9565217391304348 0.511441647597254 0.9565217391304348 0.511441647597254 0.9806763285024155 0.4931350114416476 0.9806763285024155
1 0.28718535469107553 0.3188405797101449 0.30663615560640733 0.3188405797101449 0.30663615560640733 0.3462157809983897 0.28718535469107553 0.3462157809983897
1 0.28832951945080093 0.0821256038647343 0.30549199084668194 0.0821256038647343 0.30549199084668194 0.10628019323671498 0.28832951945080093 0.10628019323671498
1 0.8878718535469108 0.7262479871175523 0.9061784897025171 0.7262479871175523 0.9061784897025171 0.7536231884057971 0.8878718535469108 0.7536231884057971
1 0.494279176201373 0.6376811594202898 0.511441647597254 0.6376811594202898 0.511441647597254 0.6602254428341385 0.494279176201373 0.6602254428341385
1 0.18192219679633867 0.7278582930756844 0.20022883295194507 0.7278582930756844 0.20022883295194507 0.7520128824476651 0.18192219679633867 0.7520128824476651
1 0.494279176201373 0.7777777777777778 0.5102974828375286 0.7777777777777778 0.5102974828375286 0.8003220611916264 0.494279176201373 0.8003220611916264
1 0.6842105263157895 0.0821256038647343 0.7013729977116705 0.0821256038647343 0.7013729977116705 0.10628019323671498 0.6842105263157895 0.10628019323671498
1 0.683066361556064 0.32045088566827695 0.7013729977116705 0.32045088566827695 0.7013729977116705 0.3446054750402576 0.683066361556064 0.3446054750402576
1 0.08352402745995423 0.7278582930756844 0.10183066361556065 0.7278582930756844 0.10183066361556065 0.7520128824476651 0.08352402745995423 0.7520128824476651
2 0.4862700228832952 0.2560386473429952 0.5022883295194508 0.2560386473429952 0.5022883295194508 0.28019323671497587 0.4862700228832952 0.28019323671497587
2 0.4954233409610984 0.0644122383252818 0.5068649885583524 0.0644122383252818 0.5068649885583524 0.08051529790660225 0.4954233409610984 0.08051529790660225
1 0.494279176201373 0.08373590982286634 0.5102974828375286 0.08373590982286634 0.5102974828375286 0.10628019323671498 0.494279176201373 0.10628019323671498
