1 0.7026627218934911 0.6267409470752089 0.7322485207100592 0.6267409470752089 0.7322485207100592 0.6824512534818942 0.7026627218934911 0.6824512534818942
1 0.7041420118343195 0.3649025069637883 0.7322485207100592 0.3649025069637883 0.7322485207100592 0.4178272980501393 0.7041420118343195 0.4178272980501393
1 0.23964497041420119 0.42618384401114207 0.2692307692307692 0.42618384401114207 0.2692307692307692 0.4818941504178273 0.23964497041420119 0.4818941504178273
1 0.613905325443787 0.6267409470752089 0.6420118343195266 0.6267409470752089 0.6420118343195266 0.6796657381615598 0.613905325443787 0.6796657381615598
1 0.23816568047337278 0.23119777158774374 0.2677514792899408 0.23119777158774374 0.2677514792899408 0.28690807799442897 0.23816568047337278 0.28690807799442897
1 0.45857988165680474 0.233983286908078 0.48668639053254437 0.233983286908078 0.48668639053254437 0.28969359331476324 0.45857988165680474 0.28969359331476324
1 0.23964497041420119 0.7047353760445683 0.2677514792899408 0.7047353760445683 0.2677514792899408 0.7576601671309192 0.23964497041420119 0.7576601671309192
1 0.4970414201183432 0.6267409470752089 0.5251479289940828 0.6267409470752089 0.5251479289940828 0.6796657381615598 0.4970414201183432 0.6796657381615598
1 0.5591715976331361 0.6963788300835655 0.5857988165680473 0.6963788300835655 0.5857988165680473 0.7437325905292479 0.5591715976331361 0.7437325905292479
0 0.46449704142011833 0.6295264623955432 0.4896449704142012 0.6295264623955432 0.4896449704142012 0.6824512534818942 0.46449704142011833 0.6824512534818942
2 0.5650887573964497 0.6713091922005571 0.5798816568047337 0.6713091922005571 0.5798816568047337 0.6991643454038997 0.5650887573964497 0.6991643454038997
