1 0.7460159362549801 0.7712328767123288 0.7619521912350598 0.7712328767123288 0.7619521912350598 0.7931506849315069 0.7460159362549801 0.7931506849315069
2 0.3157370517928287 0.13972602739726028 0.3376494023904382 0.13972602739726028 0.3376494023904382 0.17123287671232876 0.3157370517928287 0.17123287671232876
1 0.4681274900398406 0.0013698630136986301 0.48406374501992033 0.0013698630136986301 0.48406374501992033 0.023287671232876714 0.4681274900398406 0.023287671232876714
1 0.7430278884462151 0.0 0.7599601593625498 0.0 0.7599601593625498 0.023287671232876714 0.7430278884462151 0.023287671232876714
1 0.745019920318725 0.4054794520547945 0.7629482071713146 0.4054794520547945 0.7629482071713146 0.42876712328767125 0.745019920318725 0.42876712328767125
1 0.3466135458167331 0.40684931506849314 0.3645418326693227 0.40684931506849314 0.3645418326693227 0.42876712328767125 0.3466135458167331 0.42876712328767125
1 0.9262948207171314 0.3904109589041096 0.9432270916334662 0.3904109589041096 0.9432270916334662 0.4123287671232877 0.9262948207171314 0.4123287671232877
1 0.16733067729083664 0.9561643835616438 0.1852589641434263 0.9561643835616438 0.1852589641434263 0.9808219178082191 0.16733067729083664 0.9808219178082191
1 0.9252988047808764 0.0 0.9412350597609562 0.0 0.9412350597609562 0.021917808219178082 0.9252988047808764 0.021917808219178082
2 0.46613545816733065 0.5191780821917809 0.4910358565737052 0.5191780821917809 0.4910358565737052 0.5506849315068493 0.46613545816733065 0.5506849315068493
1 0.16533864541832666 0.5616438356164384 0.18525896414342627 0.5616438356164384 0.18525896414342627 0.5876712328767123 0.16533864541832666 0.5876712328767123
1 0.2898406374501992 0.5260273972602739 0.30677290836653387 0.5260273972602739 0.30677290836653387 0.547945205479452 0.2898406374501992 0.547945205479452
1 0.16533864541832666 0.0027397260273972603 0.18127490039840635 0.0027397260273972603 0.18127490039840635 0.024657534246575342 0.16533864541832666 0.024657534246575342
2 0.46613545816733065 0.4 0.4910358565737052 0.4 0.4910358565737052 0.4328767123287671 0.46613545816733065 0.4328767123287671
1 0.4721115537848605 0.9561643835616438 0.4890438247011952 0.9561643835616438 0.4890438247011952 0.9753424657534246 0.4721115537848605 0.9753424657534246
1 0.7470119521912351 0.9534246575342464 0.7639442231075697 0.9534246575342464 0.7639442231075697 0.9767123287671231 0.7470119521912351 0.9767123287671231
1 0.16533864541832666 0.773972602739726 0.1842629482071713 0.773972602739726 0.1842629482071713 0.7986301369863014 0.16533864541832666 0.7986301369863014
1 0.9272908366533863 0.9506849315068493 0.944223107569721 0.9506849315068493 0.944223107569721 0.9753424657534246 0.9272908366533863 0.9753424657534246
1 0.4701195219123506 0.7712328767123288 0.48705179282868527 0.7712328767123288 0.48705179282868527 0.7972602739726027 0.4701195219123506 0.7972602739726027
1 0.7460159362549801 0.5232876712328767 0.7629482071713147 0.5232876712328767 0.7629482071713147 0.5465753424657533 0.7460159362549801 0.5465753424657533
2 0.34561752988047817 0.5219178082191781 0.36553784860557775 0.5219178082191781 0.36553784860557775 0.5493150684931507 0.34561752988047817 0.5493150684931507
