1 0.19611650485436893 0.65625 0.22135922330097088 0.65625 0.22135922330097088 0.681640625 0.19611650485436893 0.681640625
1 0.3203883495145632 0.392578125 0.3495145631067962 0.392578125 0.3495145631067962 0.421875 0.3203883495145632 0.421875
1 0.4155339805825243 0.8671875 0.4388349514563107 0.8671875 0.4388349514563107 0.890625 0.4155339805825243 0.890625
2 0.19611650485436893 0.630859375 0.21941747572815534 0.630859375 0.21941747572815534 0.654296875 0.19611650485436893 0.654296875
1 0.516504854368932 0.39453125 0.541747572815534 0.39453125 0.541747572815534 0.421875 0.516504854368932 0.421875
1 0.625242718446602 0.337890625 0.6524271844660194 0.337890625 0.6524271844660194 0.36328125 0.625242718446602 0.36328125
1 0.4485436893203884 0.869140625 0.46796116504854374 0.869140625 0.46796116504854374 0.890625 0.4485436893203884 0.890625
1 0.4252427184466019 0.111328125 0.4504854368932038 0.111328125 0.4504854368932038 0.13671875 0.4252427184466019 0.13671875
1 0.8252427184466019 0.11328125 0.8504854368932039 0.11328125 0.8504854368932039 0.13671875 0.8252427184466019 0.13671875
1 0.5184466019417475 0.275390625 0.541747572815534 0.275390625 0.541747572815534 0.298828125 0.5184466019417475 0.298828125
1 0.6349514563106796 0.20703125 0.6563106796116505 0.20703125 0.6563106796116505 0.228515625 0.6349514563106796 0.228515625
1 0.41359223300970877 0.541015625 0.4407766990291262 0.541015625 0.4407766990291262 0.56640625 0.41359223300970877 0.56640625
2 0.5203883495145631 0.115234375 0.5398058252427185 0.115234375 0.5398058252427185 0.1328125 0.5203883495145631 0.1328125
1 0.8233009708737865 0.515625 0.850485436893204 0.515625 0.850485436893204 0.54296875 0.8233009708737865 0.54296875
2 0.4155339805825243 0.7890625 0.4388349514563107 0.7890625 0.4388349514563107 0.810546875 0.4155339805825243 0.810546875
1 0.31844660194174756 0.2734375 0.35145631067961164 0.2734375 0.35145631067961164 0.3046875 0.31844660194174756 0.3046875
2 0.3242718446601941 0.11328125 0.345631067961165 0.11328125 0.345631067961165 0.134765625 0.3242718446601941 0.134765625
1 0.19223300970873786 0.86328125 0.22330097087378642 0.86328125 0.22330097087378642 0.89453125 0.19223300970873786 0.89453125
1 0.10679611650485436 0.623046875 0.13980582524271845 0.623046875 0.13980582524271845 0.65625 0.10679611650485436 0.65625
1 0.10485436893203884 0.783203125 0.13009708737864079 0.783203125 0.13009708737864079 0.810546875 0.10485436893203884 0.810546875
1 0.20582524271844663 0.208984375 0.2330097087378641 0.208984375 0.2330097087378641 0.236328125 0.20582524271844663 0.236328125
1 0.20388349514563106 0.341796875 0.23106796116504855 0.341796875 0.23106796116504855 0.369140625 0.20388349514563106 0.369140625
2 0.41359223300970877 0.630859375 0.4388349514563107 0.630859375 0.4388349514563107 0.654296875 0.41359223300970877 0.654296875
1 0.3067961165048544 0.71484375 0.3300970873786408 0.71484375 0.3300970873786408 0.740234375 0.3067961165048544 0.740234375
2 0.1941747572815534 0.78515625 0.22135922330097088 0.78515625 0.22135922330097088 0.8125 0.1941747572815534 0.8125
2 0.003883495145631068 0.5625 0.031067961165048542 0.5625 0.031067961165048542 0.58984375 0.003883495145631068 0.58984375
1 0.3029126213592233 0.712890625 0.3339805825242718 0.712890625 0.3339805825242718 0.7421875 0.3029126213592233 0.7421875
2 0.003883495145631068 0.71875 0.03495145631067961 0.71875 0.03495145631067961 0.75 0.003883495145631068 0.75
