1 0.4954545454545455 0.515625 0.5295454545454545 0.515625 0.5295454545454545 0.5491071428571429 0.4954545454545455 0.5491071428571429
1 0.4954545454545455 0.3392857142857143 0.5295454545454545 0.3392857142857143 0.5295454545454545 0.37276785714285715 0.4954545454545455 0.37276785714285715
1 0.3 0.8325892857142857 0.33636363636363636 0.8325892857142857 0.33636363636363636 0.8660714285714286 0.3 0.8660714285714286
1 0.35 0.515625 0.3840909090909091 0.515625 0.3840909090909091 0.5491071428571429 0.35 0.5491071428571429
1 0.4954545454545455 0.6941964285714286 0.5272727272727272 0.6941964285714286 0.5272727272727272 0.7254464285714286 0.4954545454545455 0.7254464285714286
1 0.6772727272727272 0.8325892857142857 0.7136363636363636 0.8325892857142857 0.7136363636363636 0.8660714285714286 0.6772727272727272 0.8660714285714286
1 0.8863636363636364 0.515625 0.9204545454545454 0.515625 0.9204545454545454 0.5491071428571429 0.8863636363636364 0.5491071428571429
1 0.08863636363636364 0.6941964285714286 0.12045454545454545 0.6941964285714286 0.12045454545454545 0.7254464285714286 0.08863636363636364 0.7254464285714286
1 0.8886363636363638 0.6919642857142857 0.9204545454545456 0.6919642857142857 0.9204545454545456 0.7254464285714286 0.8886363636363638 0.7254464285714286
1 0.6272727272727273 0.24330357142857142 0.6568181818181819 0.24330357142857142 0.6568181818181819 0.2767857142857143 0.6272727272727273 0.2767857142857143
1 0.29545454545454547 0.33705357142857145 0.32954545454545453 0.33705357142857145 0.32954545454545453 0.3705357142857143 0.29545454545454547 0.3705357142857143
2 0.29545454545454547 0.08928571428571429 0.32954545454545453 0.08928571428571429 0.32954545454545453 0.125 0.29545454545454547 0.125
0 0.48863636363636365 0.16294642857142858 0.5363636363636364 0.16294642857142858 0.5363636363636364 0.20758928571428573 0.48863636363636365 0.20758928571428573
