1 0.6281179138321995 0.4251101321585903 0.6643990929705216 0.4251101321585903 0.6643990929705216 0.4581497797356828 0.6281179138321995 0.4581497797356828
1 0.4965986394557823 0.1696035242290749 0.5328798185941043 0.1696035242290749 0.5328798185941043 0.20484581497797358 0.4965986394557823 0.20484581497797358
1 0.21315192743764172 0.5969162995594713 0.2471655328798186 0.5969162995594713 0.2471655328798186 0.6277533039647577 0.21315192743764172 0.6277533039647577
1 0.7823129251700681 0.5969162995594713 0.816326530612245 0.5969162995594713 0.816326530612245 0.6277533039647577 0.7823129251700681 0.6277533039647577
1 0.36507936507936506 0.42290748898678415 0.4013605442176871 0.42290748898678415 0.4013605442176871 0.4581497797356828 0.36507936507936506 0.4581497797356828
1 0.4965986394557823 0.6784140969162996 0.5328798185941043 0.6784140969162996 0.5328798185941043 0.7158590308370044 0.4965986394557823 0.7158590308370044
2 0.6281179138321995 0.04185022026431718 0.6621315192743764 0.04185022026431718 0.6621315192743764 0.07488986784140969 0.6281179138321995 0.07488986784140969
2 0.5011337868480725 0.8964757709251101 0.5283446712018139 0.8964757709251101 0.5283446712018139 0.9251101321585903 0.5011337868480725 0.9251101321585903
2 0.7868480725623582 0.04405286343612335 0.8140589569160998 0.04405286343612335 0.8140589569160998 0.07268722466960352 0.7868480725623582 0.07268722466960352
2 0.21768707482993196 0.8942731277533039 0.24263038548752835 0.8942731277533039 0.24263038548752835 0.9229074889867841 0.21768707482993196 0.9229074889867841
2 0.7868480725623582 0.8942731277533039 0.8117913832199547 0.8942731277533039 0.8117913832199547 0.9229074889867841 0.7868480725623582 0.9229074889867841
2 0.36961451247165533 0.04405286343612335 0.39909297052154197 0.04405286343612335 0.39909297052154197 0.07268722466960352 0.36961451247165533 0.07268722466960352
2 0.21768707482993196 0.046255506607929514 0.24263038548752835 0.046255506607929514 0.24263038548752835 0.07048458149779736 0.21768707482993196 0.07048458149779736
0 0.5011337868480725 0.3370044052863436 0.5396825396825397 0.3370044052863436 0.5396825396825397 0.3788546255506608 0.5011337868480725 0.3788546255506608
