2 0.5588942307692307 0.06172839506172839 0.579326923076923 0.06172839506172839 0.579326923076923 0.08641975308641975 0.5588942307692307 0.08641975308641975
0 0.42427884615384615 0.6968449931412894 0.46033653846153844 0.6968449931412894 0.46033653846153844 0.7352537722908093 0.42427884615384615 0.7352537722908093
2 0.43028846153846156 0.1111111111111111 0.453125 0.1111111111111111 0.453125 0.13443072702331962 0.43028846153846156 0.13443072702331962
2 0.43028846153846156 0.9080932784636488 0.453125 0.9080932784636488 0.453125 0.9327846364883402 0.43028846153846156 0.9327846364883402
1 0.6165865384615384 0.3868312757201646 0.6394230769230769 0.3868312757201646 0.6394230769230769 0.41289437585733885 0.6165865384615384 0.41289437585733885
1 0.7992788461538461 0.5486968449931413 0.8221153846153846 0.5486968449931413 0.8221153846153846 0.5747599451303155 0.7992788461538461 0.5747599451303155
1 0.4314903846153847 0.5486968449931413 0.45312500000000006 0.5486968449931413 0.45312500000000006 0.5747599451303155 0.4314903846153847 0.5747599451303155
1 0.17427884615384615 0.5651577503429356 0.1971153846153846 0.5651577503429356 0.1971153846153846 0.5925925925925927 0.17427884615384615 0.5925925925925927
1 0.6033653846153846 0.6159122085048011 0.6237980769230769 0.6159122085048011 0.6237980769230769 0.6392318244170097 0.6033653846153846 0.6392318244170097
2 0.5588942307692307 0.10973936899862825 0.579326923076923 0.10973936899862825 0.579326923076923 0.13305898491083676 0.5588942307692307 0.13305898491083676
