1 0.14661654135338345 0.5384615384615384 0.17481203007518797 0.5384615384615384 0.17481203007518797 0.5846153846153846 0.14661654135338345 0.5846153846153846
1 0.8214285714285714 0.5384615384615384 0.8477443609022557 0.5384615384615384 0.8477443609022557 0.5846153846153846 0.8214285714285714 0.5846153846153846
1 0.5939849624060151 0.3076923076923077 0.618421052631579 0.3076923076923077 0.618421052631579 0.3476923076923077 0.5939849624060151 0.3476923076923077
1 0.36065054374777733 0.30563214267411465 0.39213957612218425 0.30563214267411465 0.39213957612218425 0.3545123763644749 0.36065054374777733 0.3545123763644749
2 0.14661654135338345 0.06461538461538462 0.17293233082706766 0.06461538461538462 0.17293233082706766 0.1076923076923077 0.14661654135338345 0.1076923076923077
1 0.7218045112781953 0.30153846153846153 0.7518796992481201 0.30153846153846153 0.7518796992481201 0.3476923076923077 0.7218045112781953 0.3476923076923077
2 0.825187969924812 0.07076923076923076 0.8439849624060151 0.07076923076923076 0.8439849624060151 0.10461538461538461 0.825187969924812 0.10461538461538461
2 0.36278195488721804 0.06153846153846154 0.39097744360902253 0.06153846153846154 0.39097744360902253 0.11384615384615385 0.36278195488721804 0.11384615384615385
1 0.2424812030075188 0.29846153846153844 0.2744360902255639 0.29846153846153844 0.2744360902255639 0.3507692307692308 0.2424812030075188 0.3507692307692308
2 0.4906015037593985 0.6215384615384615 0.518796992481203 0.6215384615384615 0.518796992481203 0.6646153846153845 0.4906015037593985 0.6646153846153845
2 0.5939849624060151 0.07076923076923076 0.618421052631579 0.07076923076923076 0.618421052631579 0.1076923076923077 0.5939849624060151 0.1076923076923077
