1 0.5625730994152047 0.9766839378238342 0.5754385964912281 0.9766839378238342 0.5754385964912281 0.9909326424870467 0.5625730994152047 0.9909326424870467
0 0.3473684210526316 0.7966321243523317 0.36608187134502923 0.7966321243523317 0.36608187134502923 0.8186528497409327 0.3473684210526316 0.8186528497409327
1 0.6619883040935672 0.3121761658031088 0.6760233918128655 0.3121761658031088 0.6760233918128655 0.3290155440414508 0.6619883040935672 0.3290155440414508
0 0.8140350877192982 0.15025906735751296 0.8339181286549707 0.15025906735751296 0.8339181286549707 0.172279792746114 0.8140350877192982 0.172279792746114
1 0.888888888888889 0.8018134715025907 0.9052631578947369 0.8018134715025907 0.9052631578947369 0.8199481865284974 0.888888888888889 0.8199481865284974
1 0.5625730994152047 0.716321243523316 0.5754385964912281 0.716321243523316 0.5754385964912281 0.7292746113989638 0.5625730994152047 0.7292746113989638
1 0.8900584795321638 0.7150259067357513 0.9040935672514621 0.7150259067357513 0.9040935672514621 0.7292746113989638 0.8900584795321638 0.7292746113989638
1 0.5614035087719298 0.8354922279792747 0.5789473684210527 0.8354922279792747 0.5789473684210527 0.8549222797927462 0.5614035087719298 0.8549222797927462
1 0.7777777777777778 0.3121761658031088 0.7918128654970761 0.3121761658031088 0.7918128654970761 0.327720207253886 0.7777777777777778 0.327720207253886
1 0.6631578947368422 0.6411917098445596 0.6760233918128655 0.6411917098445596 0.6760233918128655 0.655440414507772 0.6631578947368422 0.655440414507772
1 0.8912280701754386 0.9753886010362695 0.9052631578947369 0.9753886010362695 0.9052631578947369 0.9909326424870467 0.8912280701754386 0.9909326424870467
1 0.14152046783625732 0.45077720207253885 0.15555555555555556 0.45077720207253885 0.15555555555555556 0.46632124352331605 0.14152046783625732 0.46632124352331605
1 0.8865497076023392 0.25 0.9005847953216375 0.25 0.9005847953216375 0.26424870466321243 0.8865497076023392 0.26424870466321243
0 0.8842105263157894 0.2033678756476684 0.9017543859649123 0.2033678756476684 0.9017543859649123 0.22150259067357514 0.8842105263157894 0.22150259067357514
1 0.8853801169590644 0.15544041450777202 0.9029239766081871 0.15544041450777202 0.9029239766081871 0.17487046632124353 0.8853801169590644 0.17487046632124353
1 0.3473684210526316 0.9753886010362695 0.36257309941520466 0.9753886010362695 0.36257309941520466 0.9922279792746115 0.3473684210526316 0.9922279792746115
2 0.5637426900584795 0.805699481865285 0.5742690058479533 0.805699481865285 0.5742690058479533 0.8173575129533679 0.5637426900584795 0.8173575129533679
2 0.5625730994152047 0.15932642487046633 0.5742690058479533 0.15932642487046633 0.5742690058479533 0.172279792746114 0.5625730994152047 0.172279792746114
1 0.8853801169590644 0.44948186528497414 0.9029239766081871 0.44948186528497414 0.9029239766081871 0.4689119170984456 0.8853801169590644 0.4689119170984456
1 0.5614035087719298 0.48575129533678757 0.5789473684210527 0.48575129533678757 0.5789473684210527 0.5051813471502591 0.5614035087719298 0.5051813471502591
0 0.3473684210526316 0.8316062176165804 0.3649122807017544 0.8316062176165804 0.3649122807017544 0.8510362694300518 0.3473684210526316 0.8510362694300518
1 0.7789473684210526 0.6424870466321244 0.7918128654970761 0.6424870466321244 0.7918128654970761 0.6567357512953368 0.7789473684210526 0.6567357512953368
1 0.5625730994152047 0.014248704663212436 0.5754385964912281 0.014248704663212436 0.5754385964912281 0.02849740932642487 0.5625730994152047 0.02849740932642487
1 0.5614035087719298 0.24870466321243523 0.5742690058479533 0.24870466321243523 0.5742690058479533 0.26424870466321243 0.5614035087719298 0.26424870466321243
1 0.3497076023391813 0.400259067357513 0.36257309941520466 0.400259067357513 0.36257309941520466 0.41321243523316065 0.3497076023391813 0.41321243523316065
1 0.7789473684210526 0.7603626943005182 0.7929824561403509 0.7603626943005182 0.7929824561403509 0.7759067357512953 0.7789473684210526 0.7759067357512953
1 0.7789473684210526 0.42875647668393785 0.7929824561403509 0.42875647668393785 0.7929824561403509 0.4430051813471503 0.7789473684210526 0.4430051813471503
1 0.3497076023391813 0.5971502590673575 0.3649122807017544 0.5971502590673575 0.3649122807017544 0.6152849740932643 0.3497076023391813 0.6152849740932643
1 0.5625730994152047 0.594559585492228 0.5766081871345029 0.594559585492228 0.5766081871345029 0.61139896373057 0.5625730994152047 0.61139896373057
1 0.816374269005848 0.07383419689119171 0.8327485380116959 0.07383419689119171 0.8327485380116959 0.08937823834196891 0.816374269005848 0.08937823834196891
1 0.560233918128655 0.1295336787564767 0.5754385964912281 0.1295336787564767 0.5754385964912281 0.1450777202072539 0.560233918128655 0.1450777202072539
1 0.19415204678362574 0.49611398963730574 0.20935672514619882 0.49611398963730574 0.20935672514619882 0.5129533678756477 0.19415204678362574 0.5129533678756477
1 0.887719298245614 0.5971502590673575 0.9017543859649123 0.5971502590673575 0.9017543859649123 0.6126943005181348 0.887719298245614 0.6126943005181348
