1 0.6088888888888889 0.470873786407767 0.6266666666666667 0.470873786407767 0.6266666666666667 0.5097087378640777 0.6088888888888889 0.5097087378640777
2 0.7866666666666666 0.02912621359223301 0.8044444444444444 0.02912621359223301 0.8044444444444444 0.06796116504854369 0.7866666666666666 0.06796116504854369
1 0.41444444444444445 0.3325242718446602 0.43555555555555553 0.3325242718446602 0.43555555555555553 0.3737864077669903 0.41444444444444445 0.3737864077669903
2 0.5711111111111111 0.8786407766990292 0.59 0.8786407766990292 0.59 0.9199029126213593 0.5711111111111111 0.9199029126213593
1 0.7877777777777779 0.41504854368932037 0.8022222222222224 0.41504854368932037 0.8022222222222224 0.44902912621359226 0.7877777777777779 0.44902912621359226
2 0.7877777777777779 0.883495145631068 0.8033333333333335 0.883495145631068 0.8033333333333335 0.9174757281553398 0.7877777777777779 0.9174757281553398
2 0.83 0.7160194174757283 0.8477777777777777 0.7160194174757283 0.8477777777777777 0.7524271844660195 0.83 0.7524271844660195
1 0.5711111111111111 0.5558252427184466 0.5877777777777777 0.5558252427184466 0.5877777777777777 0.5946601941747572 0.5711111111111111 0.5946601941747572
1 0.9533333333333335 0.41019417475728154 0.9722222222222223 0.41019417475728154 0.9722222222222223 0.44902912621359226 0.9533333333333335 0.44902912621359226
1 0.5711111111111111 0.3325242718446602 0.5888888888888889 0.3325242718446602 0.5888888888888889 0.3713592233009709 0.5711111111111111 0.3713592233009709
2 0.57 0.02912621359223301 0.5888888888888889 0.02912621359223301 0.5888888888888889 0.06796116504854369 0.57 0.06796116504854369
2 0.83 0.883495145631068 0.8477777777777777 0.883495145631068 0.8477777777777777 0.9199029126213593 0.83 0.9199029126213593
2 0.19 0.03155339805825243 0.20666666666666667 0.03155339805825243 0.20666666666666667 0.06553398058252427 0.19 0.06553398058252427
2 0.41555555555555557 0.8810679611650486 0.43222222222222223 0.8810679611650486 0.43222222222222223 0.9174757281553398 0.41555555555555557 0.9174757281553398
1 0.41555555555555557 0.558252427184466 0.43333333333333335 0.558252427184466 0.43333333333333335 0.5946601941747572 0.41555555555555557 0.5946601941747572
2 0.19 0.8810679611650486 0.20666666666666667 0.8810679611650486 0.20666666666666667 0.9199029126213593 0.19 0.9199029126213593
1 0.7022222222222222 0.7111650485436894 0.72 0.7111650485436894 0.72 0.7524271844660195 0.7022222222222222 0.7524271844660195
1 0.19 0.41262135922330095 0.20555555555555555 0.41262135922330095 0.20555555555555555 0.44660194174757284 0.19 0.44660194174757284
2 0.41555555555555557 0.02912621359223301 0.43555555555555553 0.02912621359223301 0.43555555555555553 0.0703883495145631 0.41555555555555557 0.0703883495145631
1 0.37777777777777777 0.4684466019417476 0.39666666666666667 0.4684466019417476 0.39666666666666667 0.5121359223300971 0.37777777777777777 0.5121359223300971
1 0.868888888888889 0.1262135922330097 0.8855555555555557 0.1262135922330097 0.8855555555555557 0.16262135922330098 0.868888888888889 0.16262135922330098
1 0.83 0.9563106796116504 0.8477777777777777 0.9563106796116504 0.8477777777777777 0.9927184466019416 0.83 0.9927184466019416
1 0.2822222222222222 0.7135922330097089 0.3 0.7135922330097089 0.3 0.7524271844660195 0.2822222222222222 0.7524271844660195
1 0.05333333333333334 0.41262135922330095 0.07555555555555556 0.41262135922330095 0.07555555555555556 0.4563106796116505 0.05333333333333334 0.4563106796116505
1 0.27444444444444444 0.1262135922330097 0.28888888888888886 0.1262135922330097 0.28888888888888886 0.15776699029126215 0.27444444444444444 0.15776699029126215
2 0.83 0.41262135922330095 0.8488888888888889 0.41262135922330095 0.8488888888888889 0.45145631067961167 0.83 0.45145631067961167
1 0.01 0.41504854368932037 0.027777777777777776 0.41504854368932037 0.027777777777777776 0.4538834951456311 0.01 0.4538834951456311
