1 0.49796472184531887 0.2809611829944547 0.5264586160108549 0.2809611829944547 0.5264586160108549 0.3197781885397412 0.49796472184531887 0.3197781885397412
1 0.7381275440976932 0.6746765249537893 0.7666214382632291 0.6746765249537893 0.7666214382632291 0.7134935304990758 0.7381275440976932 0.7134935304990758
1 0.7381275440976932 0.7874306839186691 0.7666214382632291 0.7874306839186691 0.7666214382632291 0.8262476894639557 0.7381275440976932 0.8262476894639557
1 0.6146540027137042 0.09242144177449169 0.6431478968792401 0.09242144177449169 0.6431478968792401 0.12939001848428835 0.6146540027137042 0.12939001848428835
1 0.6132971506105834 0.6728280961182995 0.6431478968792401 0.6728280961182995 0.6431478968792401 0.7134935304990759 0.6132971506105834 0.7134935304990759
1 0.37720488466757124 0.39186691312384475 0.40705563093622793 0.39186691312384475 0.40705563093622793 0.43068391866913125 0.37720488466757124 0.43068391866913125
0 0.8534599728629579 0.6561922365988909 0.8955223880597015 0.6561922365988909 0.8955223880597015 0.7079482439926063 0.8534599728629579 0.7079482439926063
1 0.37720488466757124 0.6876155268022182 0.4084124830393487 0.6876155268022182 0.4084124830393487 0.7282809611829945 0.37720488466757124 0.7282809611829945
1 0.8616010854816823 0.43622920517560076 0.8900949796472183 0.43622920517560076 0.8900949796472183 0.47689463955637706 0.8616010854816823 0.47689463955637706
2 0.6173677069199457 0.06284658040665435 0.6390773405698779 0.06284658040665435 0.6390773405698779 0.09057301293900184 0.6173677069199457 0.09057301293900184
