1 0.2438563327032136 0.6440329218106996 0.2835538752362949 0.6440329218106996 0.2835538752362949 0.6872427983539094 0.2438563327032136 0.6872427983539094
1 0.5841209829867675 0.6995884773662552 0.6219281663516069 0.6995884773662552 0.6219281663516069 0.7386831275720165 0.5841209829867675 0.7386831275720165
1 0.24574669187145556 0.46296296296296297 0.2835538752362949 0.46296296296296297 0.2835538752362949 0.5041152263374485 0.24574669187145556 0.5041152263374485
1 0.5822306238185255 0.448559670781893 0.6238185255198487 0.448559670781893 0.6238185255198487 0.49176954732510286 0.5822306238185255 0.49176954732510286
1 0.5841209829867675 0.8950617283950618 0.6219281663516069 0.8950617283950618 0.6219281663516069 0.9341563786008231 0.5841209829867675 0.9341563786008231
1 0.5841209829867675 0.6460905349794238 0.6238185255198487 0.6460905349794238 0.6238185255198487 0.6893004115226338 0.5841209829867675 0.6893004115226338
1 0.41965973534971646 0.46296296296296297 0.45746691871455575 0.46296296296296297 0.45746691871455575 0.5041152263374485 0.41965973534971646 0.5041152263374485
1 0.5841209829867675 0.31275720164609055 0.6219281663516069 0.31275720164609055 0.6219281663516069 0.3559670781893004 0.5841209829867675 0.3559670781893004
1 0.5822306238185255 0.38065843621399176 0.6238185255198487 0.38065843621399176 0.6238185255198487 0.42592592592592593 0.5822306238185255 0.42592592592592593
1 0.41965973534971646 0.31275720164609055 0.45935727788279773 0.31275720164609055 0.45935727788279773 0.3559670781893004 0.41965973534971646 0.3559670781893004
1 0.08317580340264649 0.5576131687242798 0.12287334593572778 0.5576131687242798 0.12287334593572778 0.5987654320987654 0.08317580340264649 0.5987654320987654
