0 0.5429497568881685 0.06666666666666667 0.5753646677471637 0.06666666666666667 0.5753646677471637 0.1 0.5429497568881685 0.1
1 0.5429497568881685 0.5033333333333334 0.5769854132901134 0.5033333333333334 0.5769854132901134 0.54 0.5429497568881685 0.54
1 0.31442463533225284 0.19 0.35008103727714746 0.19 0.35008103727714746 0.22333333333333336 0.31442463533225284 0.22333333333333336
1 0.08752025931928686 0.5 0.12317666126418152 0.5 0.12317666126418152 0.5366666666666667 0.08752025931928686 0.5366666666666667
2 0.8525121555915721 0.42833333333333334 0.8816855753646677 0.42833333333333334 0.8816855753646677 0.45833333333333337 0.8525121555915721 0.45833333333333337
2 0.3079416531604538 0.765 0.33549432739059964 0.765 0.33549432739059964 0.7933333333333333 0.3079416531604538 0.7933333333333333
2 0.306320907617504 0.9116666666666667 0.3371150729335494 0.9116666666666667 0.3371150729335494 0.9416666666666668 0.306320907617504 0.9416666666666668
2 0.7552674230145867 0.9116666666666667 0.7844408427876823 0.9116666666666667 0.7844408427876823 0.9416666666666668 0.7552674230145867 0.9416666666666668
2 0.5445705024311183 0.9116666666666667 0.5737439222042139 0.9116666666666667 0.5737439222042139 0.9416666666666668 0.5445705024311183 0.9416666666666668
2 0.4700162074554295 0.9116666666666667 0.5024311183144247 0.9116666666666667 0.5024311183144247 0.9433333333333334 0.4700162074554295 0.9433333333333334
2 0.5429497568881685 0.03333333333333333 0.5721231766612641 0.03333333333333333 0.5721231766612641 0.06333333333333334 0.5429497568881685 0.06333333333333334
