1 0.4697508896797153 0.8724489795918368 0.4928825622775801 0.8724489795918368 0.4928825622775801 0.9081632653061225 0.4697508896797153 0.9081632653061225
1 0.32562277580071175 0.798469387755102 0.3505338078291815 0.798469387755102 0.3505338078291815 0.8341836734693877 0.32562277580071175 0.8341836734693877
1 0.3238434163701068 0.8698979591836735 0.35231316725978645 0.8698979591836735 0.35231316725978645 0.9107142857142857 0.3238434163701068 0.9107142857142857
1 0.8782330166603047 0.3897537695957796 0.9049234081193794 0.3897537695957796 0.9049234081193794 0.42801907571822856 0.8782330166603047 0.42801907571822856
1 0.7348754448398577 0.11479591836734696 0.7597864768683275 0.11479591836734696 0.7597864768683275 0.1479591836734694 0.7348754448398577 0.1479591836734694
2 0.32562277580071175 0.20918367346938777 0.35231316725978645 0.20918367346938777 0.35231316725978645 0.25 0.32562277580071175 0.25
1 0.6103202846975089 0.8724489795918368 0.6352313167259787 0.8724489795918368 0.6352313167259787 0.9081632653061225 0.6103202846975089 0.9081632653061225
1 0.18327402135231316 0.8724489795918368 0.20818505338078291 0.8724489795918368 0.20818505338078291 0.9081632653061225 0.18327402135231316 0.9081632653061225
1 0.18505338078291814 0.11479591836734696 0.2081850533807829 0.11479591836734696 0.2081850533807829 0.1479591836734694 0.18505338078291814 0.1479591836734694
1 0.3274021352313167 0.10714285714285714 0.3505338078291815 0.10714285714285714 0.3505338078291815 0.14285714285714285 0.3274021352313167 0.14285714285714285
1 0.4679715302491103 0.3877551020408163 0.49466192170818507 0.3877551020408163 0.49466192170818507 0.4260204081632653 0.4679715302491103 0.4260204081632653
1 0.7348754448398577 0.3647959183673469 0.7597864768683275 0.3647959183673469 0.7597864768683275 0.3979591836734694 0.7348754448398577 0.3979591836734694
2 0.39679715302491103 0.21173469387755103 0.4199288256227758 0.21173469387755103 0.4199288256227758 0.24489795918367346 0.39679715302491103 0.24489795918367346
1 0.18327402135231316 0.4387755102040816 0.20818505338078291 0.4387755102040816 0.20818505338078291 0.4770408163265306 0.18327402135231316 0.4770408163265306
1 0.18327402135231316 0.3903061224489796 0.20818505338078291 0.3903061224489796 0.20818505338078291 0.4260204081632653 0.18327402135231316 0.4260204081632653
1 0.4697508896797153 0.11224489795918367 0.4928825622775801 0.11224489795918367 0.4928825622775801 0.14795918367346939 0.4697508896797153 0.14795918367346939
1 0.4679715302491103 0.4387755102040816 0.4928825622775801 0.4387755102040816 0.4928825622775801 0.4770408163265306 0.4679715302491103 0.4770408163265306
0 0.4554247346371696 0.25820541407768965 0.5076734134539015 0.25820541407768965 0.5076734134539015 0.3264507335245891 0.4554247346371696 0.3264507335245891
