1 0.33078880407124683 0.6582278481012658 0.366412213740458 0.6582278481012658 0.366412213740458 0.6962025316455697 0.33078880407124683 0.6962025316455697
1 0.3282442748091603 0.5316455696202531 0.366412213740458 0.5316455696202531 0.366412213740458 0.5670886075949366 0.3282442748091603 0.5670886075949366
1 0.6208651399491094 0.6582278481012658 0.6564885496183206 0.6582278481012658 0.6564885496183206 0.6936708860759494 0.6208651399491094 0.6936708860759494
1 0.6208651399491094 0.589873417721519 0.6564885496183206 0.589873417721519 0.6564885496183206 0.6253164556962025 0.6208651399491094 0.6253164556962025
1 0.6208651399491094 0.3012658227848101 0.6590330788804071 0.3012658227848101 0.6590330788804071 0.3367088607594937 0.6208651399491094 0.3367088607594937
1 0.3282442748091603 0.29873417721518986 0.366412213740458 0.29873417721518986 0.366412213740458 0.3367088607594937 0.3282442748091603 0.3367088607594937
1 0.23918575063613232 0.42025316455696204 0.27735368956743 0.42025316455696204 0.27735368956743 0.4607594936708861 0.23918575063613232 0.4607594936708861
1 0.7099236641221374 0.4253164556962025 0.7455470737913485 0.4253164556962025 0.7455470737913485 0.4607594936708861 0.7099236641221374 0.4607594936708861
2 0.33078880407124683 0.589873417721519 0.366412213740458 0.589873417721519 0.366412213740458 0.6253164556962025 0.33078880407124683 0.6253164556962025
2 0.6234096692111959 0.5316455696202531 0.6564885496183206 0.5316455696202531 0.6564885496183206 0.5670886075949366 0.6234096692111959 0.5670886075949366
