0 0.7433116413593637 0.4231805929919138 0.7628344179320318 0.4231805929919138 0.7628344179320318 0.45956873315363883 0.7433116413593637 0.45956873315363883
0 0.801879971077368 0.4231805929919138 0.8214027476500362 0.4231805929919138 0.8214027476500362 0.45956873315363883 0.801879971077368 0.45956873315363883
0 0.7433116413593637 0.6064690026954178 0.7628344179320318 0.6064690026954178 0.7628344179320318 0.6428571428571429 0.7433116413593637 0.6428571428571429
1 0.5712219812002892 0.5080862533692723 0.5849602313810557 0.5080862533692723 0.5849602313810557 0.5350404312668464 0.5712219812002892 0.5350404312668464
0 0.801879971077368 0.6051212938005391 0.8214027476500362 0.6051212938005391 0.8214027476500362 0.6428571428571429 0.801879971077368 0.6428571428571429
1 0.47288503253796094 0.8692722371967655 0.4866232827187274 0.8692722371967655 0.4866232827187274 0.894878706199461 0.47288503253796094 0.894878706199461
1 0.6290672451193059 0.8706199460916443 0.6420824295010846 0.8706199460916443 0.6420824295010846 0.8962264150943396 0.6290672451193059 0.8962264150943396
1 0.7462039045553145 0.8706199460916443 0.759942154736081 0.8706199460916443 0.759942154736081 0.8962264150943396 0.7462039045553145 0.8962264150943396
1 0.7462039045553145 0.5444743935309974 0.7606652205350687 0.5444743935309974 0.7606652205350687 0.5700808625336927 0.7462039045553145 0.5700808625336927
1 0.8054953000723065 0.5080862533692723 0.819233550253073 0.5080862533692723 0.819233550253073 0.5336927223719676 0.8054953000723065 0.5336927223719676
1 0.47360809833694867 0.5094339622641509 0.4866232827187274 0.5094339622641509 0.4866232827187274 0.5336927223719676 0.47360809833694867 0.5336927223719676
1 0.7462039045553145 0.5094339622641509 0.759942154736081 0.5094339622641509 0.759942154736081 0.5336927223719676 0.7462039045553145 0.5336927223719676
1 0.8640636297903109 0.4339622641509434 0.878524945770065 0.4339622641509434 0.878524945770065 0.46091644204851756 0.8640636297903109 0.46091644204851756
1 0.6290672451193059 0.5444743935309974 0.6420824295010846 0.5444743935309974 0.6420824295010846 0.5700808625336927 0.6290672451193059 0.5700808625336927
1 0.08242950108459869 0.5080862533692723 0.09616775126536514 0.5080862533692723 0.09616775126536514 0.5336927223719676 0.08242950108459869 0.5336927223719676
1 0.31670281995661603 0.5080862533692723 0.33116413593637023 0.5080862533692723 0.33116413593637023 0.5350404312668464 0.31670281995661603 0.5350404312668464
1 0.08242950108459869 0.7264150943396227 0.09544468546637744 0.7264150943396227 0.09544468546637744 0.7506738544474394 0.08242950108459869 0.7506738544474394
1 0.8640636297903109 0.6172506738544474 0.8778018799710774 0.6172506738544474 0.8778018799710774 0.6428571428571429 0.8640636297903109 0.6428571428571429
1 0.023138105567606652 0.43261455525606474 0.03759942154736081 0.43261455525606474 0.03759942154736081 0.46091644204851756 0.023138105567606652 0.46091644204851756
2 0.5104844540853217 0.5053908355795148 0.527114967462039 0.5053908355795148 0.527114967462039 0.5350404312668464 0.5104844540853217 0.5350404312668464
1 0.16052060737527116 0.8692722371967655 0.1742588575560376 0.8692722371967655 0.1742588575560376 0.8962264150943396 0.16052060737527116 0.8962264150943396
1 0.7469269703543022 0.14690026954177898 0.759942154736081 0.14690026954177898 0.759942154736081 0.1684636118598383 0.7469269703543022 0.1684636118598383
1 0.022415039768618944 0.6509433962264152 0.03759942154736081 0.6509433962264152 0.03759942154736081 0.679245283018868 0.022415039768618944 0.679245283018868
2 0.5104844540853217 0.8679245283018868 0.527114967462039 0.8679245283018868 0.527114967462039 0.8975741239892184 0.5104844540853217 0.8975741239892184
1 0.3839479392624729 0.5080862533692723 0.39840925524222703 0.5080862533692723 0.39840925524222703 0.5350404312668464 0.3839479392624729 0.5350404312668464
1 0.27910339840925524 0.14555256064690028 0.29067245119305857 0.14555256064690028 0.29067245119305857 0.1684636118598383 0.27910339840925524 0.1684636118598383
1 0.21908893709327548 0.28975741239892183 0.23282718727404195 0.28975741239892183 0.23282718727404195 0.316711590296496 0.21908893709327548 0.316711590296496
1 0.3853940708604483 0.8692722371967655 0.39840925524222703 0.8692722371967655 0.39840925524222703 0.8962264150943396 0.3853940708604483 0.8962264150943396
2 0.5112075198843095 0.14285714285714288 0.527114967462039 0.14285714285714288 0.527114967462039 0.169811320754717 0.5112075198843095 0.169811320754717
1 0.6297903109182935 0.14690026954177898 0.6420824295010846 0.14690026954177898 0.6420824295010846 0.1684636118598383 0.6297903109182935 0.1684636118598383
2 0.5495300072306579 0.8679245283018868 0.5661605206073752 0.8679245283018868 0.5661605206073752 0.8962264150943396 0.5495300072306579 0.8962264150943396
1 0.16052060737527116 0.362533692722372 0.1742588575560376 0.362533692722372 0.1742588575560376 0.3867924528301887 0.16052060737527116 0.3867924528301887
2 0.8640636297903109 0.5107816711590297 0.8763557483731019 0.5107816711590297 0.8763557483731019 0.532345013477089 0.8640636297903109 0.532345013477089
1 0.386117136659436 0.14555256064690028 0.39913232104121477 0.14555256064690028 0.39913232104121477 0.1684636118598383 0.386117136659436 0.1684636118598383
1 0.2682574114244396 0.871967654986523 0.2812725958062184 0.871967654986523 0.2812725958062184 0.8962264150943396 0.2682574114244396 0.8962264150943396
2 0.5502530730296457 0.5067385444743936 0.5654374548083876 0.5067385444743936 0.5654374548083876 0.5336927223719676 0.5502530730296457 0.5336927223719676
2 0.5502530730296457 0.14285714285714288 0.5654374548083876 0.14285714285714288 0.5654374548083876 0.1684636118598383 0.5502530730296457 0.1684636118598383
2 0.8915401301518437 0.5067385444743936 0.9074475777295734 0.5067385444743936 0.9074475777295734 0.5350404312668464 0.8915401301518437 0.5350404312668464
2 0.2798264642082429 0.11185983827493262 0.28994938539407084 0.11185983827493262 0.28994938539407084 0.1307277628032345 0.2798264642082429 0.1307277628032345
2 0.17281272595806219 0.0 0.18076644974692696 0.0 0.18076644974692696 0.005390835579514825 0.17281272595806219 0.005390835579514825
