1 0.6506024096385542 0.5648854961832062 0.677376171352075 0.5648854961832062 0.677376171352075 0.6157760814249365 0.6506024096385542 0.6157760814249365
1 0.9303882195448461 0.2951653944020356 0.9531459170013387 0.2951653944020356 0.9531459170013387 0.3409669211195928 0.9303882195448461 0.3409669211195928
1 0.1499330655957162 0.2951653944020356 0.17269076305220885 0.2951653944020356 0.17269076305220885 0.3384223918575063 0.1499330655957162 0.3384223918575063
1 0.26238286479250333 0.2926208651399491 0.2878179384203481 0.2926208651399491 0.2878179384203481 0.3435114503816794 0.26238286479250333 0.3435114503816794
1 0.34404283801874164 0.7404580152671756 0.37215528781793844 0.7404580152671756 0.37215528781793844 0.7913486005089059 0.34404283801874164 0.7913486005089059
1 0.8487282463186078 0.29770992366412213 0.8714859437751004 0.29770992366412213 0.8714859437751004 0.34096692111959287 0.8487282463186078 0.34096692111959287
1 0.34404283801874164 0.1959287531806616 0.3708165997322624 0.1959287531806616 0.3708165997322624 0.2442748091603054 0.34404283801874164 0.2442748091603054
1 0.6506024096385542 0.1959287531806616 0.677376171352075 0.1959287531806616 0.677376171352075 0.2442748091603054 0.6506024096385542 0.2442748091603054
1 0.7322623828647924 0.2951653944020356 0.7576974564926371 0.2951653944020356 0.7576974564926371 0.3409669211195928 0.7322623828647924 0.3409669211195928
1 0.3427041499330656 0.5623409669211196 0.3708165997322624 0.5623409669211196 0.3708165997322624 0.6183206106870229 0.3427041499330656 0.6183206106870229
1 0.34404283801874164 0.37404580152671757 0.36947791164658633 0.37404580152671757 0.36947791164658633 0.4223918575063613 0.34404283801874164 0.4223918575063613
1 0.6506024096385542 0.7430025445292621 0.677376171352075 0.7430025445292621 0.677376171352075 0.7938931297709924 0.6506024096385542 0.7938931297709924
1 0.6506024096385542 0.37404580152671757 0.6760374832663989 0.37404580152671757 0.6760374832663989 0.4198473282442748 0.6506024096385542 0.4198473282442748
1 0.06559571619812583 0.2951653944020356 0.09103078982597054 0.2951653944020356 0.09103078982597054 0.3409669211195928 0.06559571619812583 0.3409669211195928
2 0.3453815261044177 0.025445292620865135 0.36947791164658633 0.025445292620865135 0.36947791164658633 0.07124681933842238 0.3453815261044177 0.07124681933842238
2 0.6506024096385542 0.022900763358778622 0.677376171352075 0.022900763358778622 0.677376171352075 0.07124681933842239 0.6506024096385542 0.07124681933842239
2 0.8473895582329317 0.08396946564885496 0.8714859437751004 0.08396946564885496 0.8714859437751004 0.1297709923664122 0.8473895582329317 0.1297709923664122
2 0.1459170013386881 0.08142493638676845 0.17402945113788487 0.08142493638676845 0.17402945113788487 0.1297709923664122 0.1459170013386881 0.1297709923664122
2 0.49806420886744845 0.6822118587608261 0.5233003967903593 0.6822118587608261 0.5233003967903593 0.7268487674883413 0.49806420886744845 0.7268487674883413
