0 0.3202054794520548 0.3147410358565737 0.3578767123287671 0.3147410358565737 0.3578767123287671 0.3426294820717131 0.3202054794520548 0.3426294820717131
0 0.6404109589041096 0.3160690571049137 0.6780821917808219 0.3160690571049137 0.6780821917808219 0.3426294820717131 0.6404109589041096 0.3426294820717131
1 0.32191780821917804 0.17529880478087648 0.3561643835616438 0.17529880478087648 0.3561643835616438 0.20185922974767595 0.32191780821917804 0.20185922974767595
1 0.8595890410958904 0.4887118193891102 0.8886986301369862 0.4887118193891102 0.8886986301369862 0.5126162018592297 0.8595890410958904 0.5126162018592297
1 0.8595890410958904 0.3240371845949535 0.8886986301369862 0.3240371845949535 0.8886986301369862 0.34661354581673304 0.8595890410958904 0.34661354581673304
1 0.4982876712328767 0.5604249667994687 0.5273972602739726 0.5604249667994687 0.5273972602739726 0.5843293492695882 0.4982876712328767 0.5843293492695882
1 0.6421232876712328 0.17662682602921645 0.6746575342465753 0.17662682602921645 0.6746575342465753 0.20185922974767595 0.6421232876712328 0.20185922974767595
1 0.10787671232876711 0.4887118193891102 0.1404109589041096 0.4887118193891102 0.1404109589041096 0.5126162018592297 0.10787671232876711 0.5126162018592297
1 0.1095890410958904 0.32270916334661354 0.1404109589041096 0.32270916334661354 0.1404109589041096 0.34661354581673304 0.1095890410958904 0.34661354581673304
1 0.4982876712328767 0.49003984063745015 0.5273972602739726 0.49003984063745015 0.5273972602739726 0.5126162018592297 0.4982876712328767 0.5126162018592297
1 0.4982876712328767 0.7065073041168658 0.5273972602739726 0.7065073041168658 0.5273972602739726 0.7304116865869853 0.4982876712328767 0.7304116865869853
2 0.5034246575342466 0.055776892430278883 0.5205479452054794 0.055776892430278883 0.5205479452054794 0.07038512616201859 0.5034246575342466 0.07038512616201859
2 0.48630136986301364 0.2589641434262948 0.5085616438356164 0.2589641434262948 0.5085616438356164 0.27622841965471445 0.48630136986301364 0.27622841965471445
1 0.4982876712328767 0.0743691899070385 0.5273972602739726 0.0743691899070385 0.5273972602739726 0.09694555112881806 0.4982876712328767 0.09694555112881806
