2 0.21584937094426956 0.547833773646031 0.2333460062067191 0.547833773646031 0.2333460062067191 0.5699772634600258 0.21584937094426956 0.5699772634600258
2 0.6574697173620457 0.05137289636846767 0.6742934051144011 0.05137289636846767 0.6742934051144011 0.07174490699734277 0.6574697173620457 0.07174490699734277
2 0.65814266487214 0.6545615589016829 0.6756393001345896 0.6545615589016829 0.6756393001345896 0.6758193091231178 0.65814266487214 0.6758193091231178
2 0.7442799461641992 0.3232949512843224 0.7611036339165546 0.3232949512843224 0.7611036339165546 0.3445527015057573 0.7442799461641992 0.3445527015057573
2 0.6574697173620457 0.11160318866253321 0.6742934051144011 0.11160318866253321 0.6742934051144011 0.13197519929140833 0.6574697173620457 0.13197519929140833
2 0.43808882907133245 0.7838795394154119 0.4528936742934051 0.7838795394154119 0.4528936742934051 0.8024800708591674 0.43808882907133245 0.8024800708591674
2 0.6567967698519516 0.32063773250664307 0.6749663526244953 0.32063773250664307 0.6749663526244953 0.3436669619131975 0.6567967698519516 0.3436669619131975
2 0.6594885598923284 0.023029229406554476 0.6729475100942126 0.023029229406554476 0.6729475100942126 0.03985828166519043 0.6594885598923284 0.03985828166519043
2 0.22543741588156124 0.7847652790079717 0.24024226110363392 0.7847652790079717 0.24024226110363392 0.8033658104517272 0.22543741588156124 0.8033658104517272
2 0.657130329443897 0.7238764354911901 0.6746269647063466 0.7238764354911901 0.6746269647063466 0.7460199253051848 0.657130329443897 0.7460199253051848
2 0.38896366083445494 0.4171833480956599 0.40511440107671604 0.4171833480956599 0.40511440107671604 0.437555358724535 0.38896366083445494 0.437555358724535
