1 0.5726643598615917 0.25 0.6020761245674741 0.25 0.6020761245674741 0.2896039603960396 0.5726643598615917 0.2896039603960396
1 0.1695501730103806 0.25 0.1972318339100346 0.25 0.1972318339100346 0.2896039603960396 0.1695501730103806 0.2896039603960396
1 0.8788927335640139 0.6782178217821783 0.9048442906574394 0.6782178217821783 0.9048442906574394 0.7178217821782178 0.8788927335640139 0.7178217821782178
1 0.07958477508650519 0.6782178217821783 0.10726643598615918 0.6782178217821783 0.10726643598615918 0.7202970297029703 0.07958477508650519 0.7202970297029703
1 0.32352941176470584 0.20049504950495053 0.3529411764705882 0.20049504950495053 0.3529411764705882 0.24257425742574262 0.32352941176470584 0.24257425742574262
1 0.7283737024221453 0.20297029702970298 0.7577854671280276 0.20297029702970298 0.7577854671280276 0.24257425742574257 0.7283737024221453 0.24257425742574257
1 0.6591695501730104 0.6782178217821783 0.6885813148788927 0.6782178217821783 0.6885813148788927 0.7178217821782178 0.6591695501730104 0.7178217821782178
1 0.5709342560553633 0.0297029702970297 0.6038062283737025 0.0297029702970297 0.6038062283737025 0.07673267326732673 0.5709342560553633 0.07673267326732673
1 0.25259515570934254 0.6757425742574258 0.2820069204152249 0.6757425742574258 0.2820069204152249 0.7178217821782178 0.25259515570934254 0.7178217821782178
1 0.32179930795847755 0.0297029702970297 0.35467128027681666 0.0297029702970297 0.35467128027681666 0.07673267326732673 0.32179930795847755 0.07673267326732673
1 0.24567474048442903 0.0297029702970297 0.2785467128027681 0.0297029702970297 0.2785467128027681 0.07673267326732673 0.24567474048442903 0.07673267326732673
1 0.6522491349480969 0.0297029702970297 0.6833910034602076 0.0297029702970297 0.6833910034602076 0.07673267326732673 0.6522491349480969 0.07673267326732673
1 0.16782006920415224 0.0297029702970297 0.19896193771626297 0.0297029702970297 0.19896193771626297 0.07673267326732673 0.16782006920415224 0.07673267326732673
1 0.7301038062283738 0.03217821782178218 0.7595155709342561 0.03217821782178218 0.7595155709342561 0.07673267326732673 0.7301038062283738 0.07673267326732673
