2 0.16437098255280072 0.3606168446026097 0.18365472910927455 0.3606168446026097 0.18365472910927455 0.3855278766310794 0.16437098255280072 0.3855278766310794
1 0.5206611570247934 0.45907473309608543 0.5390266299357208 0.45907473309608543 0.5390266299357208 0.48279952550415184 0.5206611570247934 0.48279952550415184
1 0.852157943067034 0.17319098457888493 0.869605142332415 0.17319098457888493 0.869605142332415 0.19691577698695137 0.852157943067034 0.19691577698695137
1 0.6069788797061524 0.2099644128113879 0.6253443526170799 0.2099644128113879 0.6253443526170799 0.23368920521945433 0.6069788797061524 0.23368920521945433
1 0.12029384756657484 0.1933570581257414 0.1386593204775023 0.1933570581257414 0.1386593204775023 0.21708185053380782 0.12029384756657484 0.21708185053380782
1 0.1111111111111111 0.7852906287069988 0.13131313131313133 0.7852906287069988 0.13131313131313133 0.8113879003558719 0.1111111111111111 0.8113879003558719
1 0.11202938475665748 0.5622775800711743 0.13039485766758493 0.5622775800711743 0.13039485766758493 0.587188612099644 0.11202938475665748 0.587188612099644
1 0.743801652892562 0.05931198102016608 0.7621671258034894 0.05931198102016608 0.7621671258034894 0.0830367734282325 0.743801652892562 0.0830367734282325
2 0.5188246097337006 0.4294187425860024 0.5399449035812672 0.4294187425860024 0.5399449035812672 0.45670225385527874 0.5188246097337006 0.45670225385527874
1 0.9302112029384757 0.23962040332147094 0.9494949494949495 0.23962040332147094 0.9494949494949495 0.26334519572953735 0.9302112029384757 0.26334519572953735
1 0.3709825528007346 0.431791221826809 0.39026629935720847 0.431791221826809 0.39026629935720847 0.4578884934756821 0.3709825528007346 0.4578884934756821
1 0.11937557392102846 0.361803084223013 0.13774104683195593 0.361803084223013 0.13774104683195593 0.3855278766310794 0.11937557392102846 0.3855278766310794
1 0.9329660238751147 0.3843416370106761 0.9522497704315886 0.3843416370106761 0.9522497704315886 0.4080664294187425 0.9329660238751147 0.4080664294187425
1 0.16437098255280072 0.05693950177935943 0.18273645546372816 0.05693950177935943 0.18273645546372816 0.08066429418742586 0.16437098255280072 0.08066429418742586
1 0.0440771349862259 0.2597864768683274 0.06152433425160698 0.2597864768683274 0.06152433425160698 0.2835112692763938 0.0440771349862259 0.2835112692763938
1 0.6786042240587694 0.45670225385527874 0.6969696969696969 0.45670225385527874 0.6969696969696969 0.4816132858837485 0.6786042240587694 0.4816132858837485
2 0.5169880624426079 0.3107947805456702 0.5399449035812672 0.3107947805456702 0.5399449035812672 0.3416370106761566 0.5169880624426079 0.3416370106761566
2 0.5215794306703397 0.5172004744958482 0.5390266299357208 0.5172004744958482 0.5390266299357208 0.5397390272835113 0.5215794306703397 0.5397390272835113
1 0.16345270890725433 0.5622775800711743 0.18365472910927455 0.5622775800711743 0.18365472910927455 0.5883748517200473 0.16345270890725433 0.5883748517200473
1 0.8429752066115702 0.45907473309608543 0.8613406795224977 0.45907473309608543 0.8613406795224977 0.48398576512455516 0.8429752066115702 0.48398576512455516
2 0.162534435261708 0.19098457888493475 0.18365472910927455 0.19098457888493475 0.18365472910927455 0.21945432977461446 0.162534435261708 0.21945432977461446
1 0.7456382001836546 0.5160142348754448 0.7658402203856747 0.5160142348754448 0.7658402203856747 0.5421115065243179 0.7456382001836546 0.5421115065243179
1 0.7447199265381085 0.7876631079478055 0.7649219467401287 0.7876631079478055 0.7649219467401287 0.8137603795966786 0.7447199265381085 0.8137603795966786
1 0.2699724517906336 0.6370106761565836 0.29017447199265384 0.6370106761565836 0.29017447199265384 0.6631079478054567 0.2699724517906336 0.6631079478054567
1 0.6464646464646465 0.7888493475682088 0.6657483930211204 0.7888493475682088 0.6657483930211204 0.8149466192170819 0.6464646464646465 0.8149466192170819
1 0.5169880624426079 0.05931198102016608 0.5353535353535354 0.05931198102016608 0.5353535353535354 0.0830367734282325 0.5169880624426079 0.0830367734282325
2 0.7447199265381085 0.4578884934756821 0.7649219467401287 0.4578884934756821 0.7649219467401287 0.48398576512455516 0.7447199265381085 0.48398576512455516
1 0.5188246097337006 0.7852906287069988 0.5390266299357208 0.7852906287069988 0.5390266299357208 0.8125741399762753 0.5188246097337006 0.8125741399762753
1 0.8512396694214877 0.3202846975088968 0.869605142332415 0.3202846975088968 0.869605142332415 0.34400948991696323 0.8512396694214877 0.34400948991696323
1 0.8438934802571167 0.7852906287069988 0.8659320477502297 0.7852906287069988 0.8659320477502297 0.8137603795966786 0.8438934802571167 0.8137603795966786
1 0.5858585858585859 0.5160142348754448 0.6042240587695134 0.5160142348754448 0.6042240587695134 0.5397390272835113 0.5858585858585859 0.5397390272835113
1 0.044995408631772274 0.4246737841043891 0.0642791551882461 0.4246737841043891 0.0642791551882461 0.4483985765124555 0.044995408631772274 0.4483985765124555
1 0.16437098255280072 0.7829181494661923 0.18457300275482091 0.7829181494661923 0.18457300275482091 0.8090154211150654 0.16437098255280072 0.8090154211150654
