1 0.8407471123126075 0.034266133637921185 0.8510690587367903 0.034266133637921185 0.8510690587367903 0.059394631639063396 0.8407471123126075 0.059394631639063396
1 0.6642909805849103 0.03597944031981725 0.6736298844925043 0.03597944031981725 0.6736298844925043 0.058823529411764705 0.6642909805849103 0.058823529411764705
2 0.6635536986974686 0.37749857224443173 0.674612927009093 0.37749857224443173 0.674612927009093 0.40434037692747 0.6635536986974686 0.40434037692747
1 0.8139592037355615 0.8149628783552256 0.8242811501597445 0.8149628783552256 0.8242811501597445 0.8400913763563678 0.8139592037355615 0.8400913763563678
1 0.9506021135414106 0.8155339805825242 0.9604325387072989 0.8155339805825242 0.9604325387072989 0.8395202741290692 0.9506021135414106 0.8395202741290692
2 0.49913983779798476 0.13192461450599657 0.5082329810764316 0.13192461450599657 0.5082329810764316 0.1519131924614506 0.49913983779798476 0.1519131924614506
1 0.9503563529122636 0.03597944031981725 0.9592037355615631 0.03597944031981725 0.9592037355615631 0.058823529411764705 0.9503563529122636 0.058823529411764705
1 0.6222659130007373 0.5362649914334666 0.6325878594249201 0.5362649914334666 0.6325878594249201 0.5591090805254141 0.6222659130007373 0.5591090805254141
1 0.664045219955763 0.8166761850371217 0.6738756451216515 0.8166761850371217 0.6738756451216515 0.8406624785836665 0.664045219955763 0.8406624785836665
1 0.7331039567461292 0.8143917761279269 0.742197100024576 0.8143917761279269 0.742197100024576 0.836093660765277 0.7331039567461292 0.836093660765277
1 0.5401818628655689 0.03769274700171331 0.5485377242565741 0.03769274700171331 0.5485377242565741 0.05825242718446602 0.5401818628655689 0.05825242718446602
1 0.6974686655197837 0.13249571673329527 0.7072990906856722 0.13249571673329527 0.7072990906856722 0.15305539691604797 0.6974686655197837 0.15305539691604797
1 0.40403047431801425 0.04169046259280411 0.411894814450725 0.04169046259280411 0.411894814450725 0.05996573386636208 0.40403047431801425 0.05996573386636208
2 0.5883596391990233 0.5370331947269802 0.5979443037357645 0.5370331947269802 0.5979443037357645 0.5604483860462264 0.5883596391990233 0.5604483860462264
2 0.8124846399606782 0.48372358652198744 0.8245269107888915 0.48372358652198744 0.8245269107888915 0.5128498001142204 0.8124846399606782 0.5128498001142204
1 0.5888424674367166 0.8166761850371217 0.5976898500860163 0.8166761850371217 0.5976898500860163 0.8395202741290692 0.5888424674367166 0.8395202741290692
1 0.6222659130007373 0.37749857224443173 0.6325878594249201 0.37749857224443173 0.6325878594249201 0.402627070245574 0.6222659130007373 0.402627070245574
1 0.4042762349471614 0.8166761850371217 0.414352420742197 0.8166761850371217 0.414352420742197 0.8418046830382638 0.4042762349471614 0.8418046830382638
2 0.8667977390022118 0.4831524842946887 0.8803145736053084 0.4831524842946887 0.8803145736053084 0.5151342090234151 0.8667977390022118 0.5151342090234151
1 0.3497173752764807 0.7258709308966305 0.35905627918407473 0.7258709308966305 0.35905627918407473 0.7492861222158766 0.3497173752764807 0.7492861222158766
2 0.8402555910543131 0.251284980011422 0.8515605799950848 0.251284980011422 0.8515605799950848 0.27869788692175895 0.8402555910543131 0.27869788692175895
2 0.6642909805849103 0.5362649914334666 0.6741214057507987 0.5362649914334666 0.6741214057507987 0.5591090805254141 0.6642909805849103 0.5591090805254141
1 0.5876136642909806 0.6584808680753855 0.5979356107151634 0.6584808680753855 0.5979356107151634 0.6847515705311251 0.5876136642909806 0.6847515705311251
1 0.4045219955763087 0.22558537978298115 0.41410666011304986 0.22558537978298115 0.41410666011304986 0.24671616219303255 0.4045219955763087 0.24671616219303255
1 0.6259523224379454 0.7218732153055397 0.6379945932661588 0.7218732153055397 0.6379945932661588 0.7492861222158766 0.6259523224379454 0.7492861222158766
1 0.9085770459572377 0.2524271844660194 0.9203735561563038 0.2524271844660194 0.9203735561563038 0.2792689891490577 0.9085770459572377 0.2792689891490577
1 0.5883509461784222 0.036550542547115934 0.5971983288277218 0.036550542547115934 0.5971983288277218 0.05768132495716733 0.5883509461784222 0.05768132495716733
1 0.8675350208896535 0.8132495716733296 0.8788400098304252 0.8132495716733296 0.8788400098304252 0.8406624785836665 0.8675350208896535 0.8406624785836665
2 0.5406733841238633 0.1302113078241005 0.5502580486606046 0.1302113078241005 0.5502580486606046 0.15248429468874927 0.5406733841238633 0.15248429468874927
1 0.6642909805849103 0.19360365505425473 0.6733841238633571 0.19360365505425473 0.6733841238633571 0.21701884637350086 0.6642909805849103 0.21701884637350086
1 0.8407471123126075 0.3455168475157053 0.8513148193659374 0.3455168475157053 0.8513148193659374 0.37178754997144486 0.8407471123126075 0.37178754997144486
1 0.022148760330578512 0.043019384436756326 0.03107438016528925 0.043019384436756326 0.03107438016528925 0.06452907665513448 0.022148760330578512 0.06452907665513448
1 0.14314049586776859 0.042251181143242826 0.1527272727272727 0.042251181143242826 0.1527272727272727 0.065297279948648 0.14314049586776859 0.065297279948648
1 0.08264462809917356 0.13443557636486353 0.09190082644628099 0.13443557636486353 0.09190082644628099 0.15824987846378222 0.08264462809917356 0.15824987846378222
1 0.14380165289256197 0.20050105960702505 0.1530578512396694 0.20050105960702505 0.1530578512396694 0.2212425485318897 0.14380165289256197 0.2212425485318897
1 0.0224793388429752 0.5285238659372921 0.030082644628099172 0.5285238659372921 0.030082644628099172 0.5515699647426973 0.0224793388429752 0.5515699647426973
1 0.14578512396694215 0.5246828494697245 0.15305785123966945 0.5246828494697245 0.15305785123966945 0.5477289482751296 0.14578512396694215 0.5477289482751296
1 0.08330578512396696 0.7320977387183711 0.0922314049586777 0.7320977387183711 0.0922314049586777 0.7513028210562087 0.08330578512396696 0.7513028210562087
1 0.08396694214876031 0.8204411174724242 0.09388429752066116 0.8204411174724242 0.09388429752066116 0.8442554195713429 0.08396694214876031 0.8442554195713429
1 0.02115702479338843 0.8235139306464784 0.031074380165289257 0.8235139306464784 0.031074380165289257 0.8442554195713431 0.02115702479338843 0.8442554195713431
1 0.14413223140495868 0.8204411174724242 0.1553719008264463 0.8204411174724242 0.1553719008264463 0.8434872162778294 0.14413223140495868 0.8434872162778294
1 0.2948760330578512 0.039946571262702305 0.30347107438016535 0.039946571262702305 0.30347107438016535 0.06299267006810748 0.2948760330578512 0.06299267006810748
1 0.29454545454545455 0.5408151186335082 0.30413223140495865 0.5408151186335082 0.30413223140495865 0.5615566075583727 0.29454545454545455 0.5615566075583727
1 0.2952066115702479 0.8227457273529649 0.30446280991735536 0.8227457273529649 0.30446280991735536 0.8419508096908025 0.2952066115702479 0.8419508096908025
1 0.3500826446280992 0.8212093207659378 0.3590082644628099 0.8212093207659378 0.3590082644628099 0.8411826063972889 0.3500826446280992 0.8411826063972889
1 0.45884297520661166 0.8204411174724241 0.4690909090909092 0.8204411174724241 0.4690909090909092 0.8434872162778293 0.45884297520661166 0.8434872162778293
1 0.7728925619834712 0.7267203156637766 0.7824793388429755 0.7267203156637766 0.7824793388429755 0.7482300078821547 0.7728925619834712 0.7482300078821547
1 0.8135537190082645 0.660654832421615 0.8234710743801653 0.660654832421615 0.8234710743801653 0.6837009312270202 0.8135537190082645 0.6837009312270202
1 0.8677685950413223 0.6621912390086421 0.8793388429752066 0.6621912390086421 0.8793388429752066 0.6844691345205338 0.8677685950413223 0.6844691345205338
1 0.9094214876033058 0.7244157057832361 0.9193388429752066 0.7244157057832361 0.9193388429752066 0.7466936012951279 0.9094214876033058 0.7466936012951279
1 0.731900826446281 0.03687375808864828 0.7414876033057851 0.03687375808864828 0.7414876033057851 0.06145626348108048 0.731900826446281 0.06145626348108048
1 0.49983471074380165 0.039178367969188804 0.5087603305785126 0.039178367969188804 0.5087603305785126 0.059919856894053464 0.49983471074380165 0.059919856894053464
1 0.45785123966942154 0.039946571262702305 0.46743801652892564 0.039946571262702305 0.46743801652892564 0.060688060187566964 0.45785123966942154 0.060688060187566964
1 0.4585123966942149 0.25734810332702446 0.4684297520661158 0.25734810332702446 0.4684297520661158 0.28039420213242966 0.4585123966942149 0.28039420213242966
1 0.4052892561983471 0.4939547177291843 0.41322314049586784 0.4939547177291843 0.41322314049586784 0.5123915967735084 0.4052892561983471 0.5123915967735084
1 0.49917355371900823 0.4901137012616168 0.5097520661157025 0.4901137012616168 0.5097520661157025 0.5139280033605355 0.49917355371900823 0.5139280033605355
2 0.7732231404958678 0.48704088808756274 0.7821487603305787 0.48704088808756274 0.7821487603305787 0.5100869868929679 0.7732231404958678 0.5100869868929679
2 0.731900826446281 0.4893454979681033 0.7418181818181818 0.4893454979681033 0.7418181818181818 0.5123915967735084 0.731900826446281 0.5123915967735084
2 0.6641322314049587 0.4855044815005357 0.6737190082644628 0.4855044815005357 0.6737190082644628 0.5139280033605355 0.6641322314049587 0.5139280033605355
2 0.6234710743801652 0.48780909138107625 0.6320661157024795 0.48780909138107625 0.6320661157024795 0.5139280033605355 0.6234710743801652 0.5139280033605355
2 0.5877685950413223 0.4901137012616166 0.5993388429752066 0.4901137012616166 0.5993388429752066 0.5139280033605352 0.5877685950413223 0.5139280033605352
2 0.540495867768595 0.4901137012616168 0.5504132231404959 0.4901137012616168 0.5504132231404959 0.5123915967735084 0.540495867768595 0.5123915967735084
2 0.4585123966942149 0.4924183111421573 0.4684297520661157 0.4924183111421573 0.4684297520661157 0.513159800067022 0.4585123966942149 0.513159800067022
2 0.4588429752066115 0.5400469153399946 0.46842975206611565 0.5400469153399946 0.46842975206611565 0.5630930141453999 0.4588429752066115 0.5630930141453999
2 0.5408264462809917 0.5408151186335082 0.5494214876033057 0.5408151186335082 0.5494214876033057 0.5607884042648593 0.5408264462809917 0.5607884042648593
2 0.40429752066115704 0.5408151186335082 0.4142148760330578 0.5408151186335082 0.4142148760330578 0.5592519976778322 0.40429752066115704 0.5592519976778322
2 0.731900826446281 0.13289916977783653 0.7411570247933884 0.13289916977783653 0.7411570247933884 0.1536406587027012 0.731900826446281 0.1536406587027012
2 0.7312396694214875 0.5362058988724271 0.7424793388429753 0.5362058988724271 0.7424793388429753 0.5592519976778322 0.7312396694214875 0.5592519976778322
1 0.730909090909091 0.3787242237021584 0.7441322314049588 0.3787242237021584 0.7441322314049588 0.40561133897513113 0.730909090909091 0.40561133897513113
