0 0.6385396518375241 0.905241935483871 0.6528046421663443 0.905241935483871 0.6528046421663443 0.9442204301075269 0.6385396518375241 0.9442204301075269
0 0.17311411992263057 0.8104838709677419 0.18447775628626692 0.8104838709677419 0.18447775628626692 0.842741935483871 0.17311411992263057 0.842741935483871
1 0.3471953578336556 0.21236559139784947 0.3597678916827852 0.21236559139784947 0.3597678916827852 0.24596774193548387 0.3471953578336556 0.24596774193548387
2 0.05125725338491296 0.05309139784946237 0.061895551257253385 0.05309139784946237 0.061895551257253385 0.08198924731182795 0.05125725338491296 0.08198924731182795
2 0.1237911025145068 0.05577956989247312 0.13297872340425534 0.05577956989247312 0.13297872340425534 0.08198924731182795 0.1237911025145068 0.08198924731182795
1 0.5113636363636364 0.31518817204301075 0.5246615087040619 0.31518817204301075 0.5246615087040619 0.3521505376344086 0.5113636363636364 0.3521505376344086
1 0.16078336557059958 0.21236559139784947 0.17311411992263054 0.21236559139784947 0.17311411992263054 0.24663978494623656 0.16078336557059958 0.24663978494623656
0 0.3775457958812148 0.39618912080961394 0.39395835703720544 0.39618912080961394 0.39395835703720544 0.4367884250474383 0.3775457958812148 0.4367884250474383
1 0.12209864603481625 0.21370967741935484 0.1356382978723404 0.21370967741935484 0.1356382978723404 0.2506720430107527 0.12209864603481625 0.2506720430107527
0 0.1702127659574468 0.9146505376344086 0.1854448742746615 0.9146505376344086 0.1854448742746615 0.9475806451612904 0.1702127659574468 0.9475806451612904
1 0.7487413243827511 0.3999743042378242 0.7627752019569913 0.3999743042378242 0.7627752019569913 0.4387353731815308 0.7487413243827511 0.4387353731815308
2 0.9238394584139265 0.0564516129032258 0.9335106382978723 0.0564516129032258 0.9335106382978723 0.08333333333333331 0.9238394584139265 0.08333333333333331
1 0.05125725338491296 0.4200268817204302 0.06262088974854932 0.4200268817204302 0.06262088974854932 0.45228494623655924 0.05125725338491296 0.45228494623655924
1 0.6948742746615088 0.4012096774193548 0.7079303675048356 0.4012096774193548 0.7079303675048356 0.4361559139784946 0.6948742746615088 0.4361559139784946
0 0.17045454545454544 0.8649193548387096 0.18713733075435204 0.8649193548387096 0.18713733075435204 0.9032258064516129 0.17045454545454544 0.9032258064516129
1 0.4233558994197292 0.23319892473118278 0.4361702127659574 0.23319892473118278 0.4361702127659574 0.2721774193548387 0.4233558994197292 0.2721774193548387
1 0.6554642166344293 0.5840053763440862 0.6680225281602002 0.5840053763440862 0.6680225281602002 0.6220944022770397 0.6554642166344293 0.6220944022770397
1 0.23595190010240075 0.6368496995572422 0.24784887359198995 0.6368496995572422 0.24784887359198995 0.669176944971537 0.23595190010240075 0.669176944971537
1 0.6199226305609284 0.3978494623655914 0.6329787234042553 0.3978494623655914 0.6329787234042553 0.4327956989247312 0.6199226305609284 0.4327956989247312
2 0.3491295938104449 0.05981182795698925 0.3575918762088975 0.05981182795698925 0.3575918762088975 0.08198924731182795 0.3491295938104449 0.08198924731182795
2 0.9591392649903289 0.05376344086021505 0.9709864603481625 0.05376344086021505 0.9709864603481625 0.0846774193548387 0.9591392649903289 0.0846774193548387
1 0.6547388781431335 0.40053763440860213 0.668036750483559 0.40053763440860213 0.668036750483559 0.43481182795698925 0.6547388781431335 0.43481182795698925
1 0.6199226305609284 0.49663978494623656 0.633220502901354 0.49663978494623656 0.633220502901354 0.5315860215053764 0.6199226305609284 0.5315860215053764
1 0.9574468085106383 0.5315860215053764 0.9702611218568665 0.5315860215053764 0.9702611218568665 0.5658602150537635 0.9574468085106383 0.5658602150537635
1 0.34792069632495165 0.6028225806451613 0.3602514506769826 0.6028225806451613 0.3602514506769826 0.635752688172043 0.34792069632495165 0.635752688172043
1 0.9231141199226306 0.532258064516129 0.9347195357833655 0.532258064516129 0.9347195357833655 0.5651881720430108 0.9231141199226306 0.5651881720430108
2 0.8670212765957447 0.05309139784946237 0.8786266924564797 0.05309139784946237 0.8786266924564797 0.08266129032258064 0.8670212765957447 0.08266129032258064
1 0.4671179883945841 0.12432795698924731 0.4787234042553192 0.12432795698924731 0.4787234042553192 0.1538978494623656 0.4671179883945841 0.1538978494623656
2 0.42504835589941975 0.40860215053763443 0.43423597678916825 0.40860215053763443 0.43423597678916825 0.43413978494623656 0.42504835589941975 0.43413978494623656
2 0.20309477756286262 0.5127688172043011 0.21263795653657977 0.5127688172043011 0.21263795653657977 0.538375632511069 0.20309477756286262 0.538375632511069
2 0.16247582205029013 0.05712365591397849 0.17190522243713732 0.05712365591397849 0.17190522243713732 0.08266129032258064 0.16247582205029013 0.08266129032258064
2 0.20212765957446804 0.31451612903225806 0.21373307543520303 0.31451612903225806 0.21373307543520303 0.34610215053763443 0.20212765957446804 0.34610215053763443
2 0.15401353965183753 0.7049731182795699 0.16416827852998067 0.7049731182795699 0.16416827852998067 0.7338709677419355 0.15401353965183753 0.7338709677419355
2 0.1534162020707703 0.874327956989247 0.16489361702127667 0.874327956989247 0.16489361702127667 0.9089875869702719 0.1534162020707703 0.9089875869702719
2 0.7156673114119922 0.05443548387096774 0.7258220502901354 0.05443548387096774 0.7258220502901354 0.08266129032258064 0.7156673114119922 0.08266129032258064
2 0.5114276368187508 0.405844797596458 0.5240748378655138 0.405844797596458 0.5240748378655138 0.44191769449715373 0.5114276368187508 0.44191769449715373
2 0.1627176015473888 0.12701612903225806 0.17166344294003869 0.12701612903225806 0.17166344294003869 0.15053763440860216 0.1627176015473888 0.15053763440860216
0 0.17142166344294005 0.6962365591397851 0.18637288087381956 0.6962365591397851 0.18637288087381956 0.730510752688172 0.17142166344294005 0.730510752688172
1 0.8068181818181818 0.5295698924731183 0.8201160541586073 0.5295698924731183 0.8201160541586073 0.5638440860215054 0.8068181818181818 0.5638440860215054
2 0.3479598077141883 0.40793010752688197 0.360009671179884 0.40793010752688197 0.360009671179884 0.44153225806451635 0.3479598077141883 0.44153225806451635
1 0.6950662760268517 0.3069852941176471 0.7073010296962112 0.3069852941176471 0.7073010296962112 0.34375 0.6950662760268517 0.34375
1 0.8670141654340654 0.5275735294117647 0.8812329332119696 0.5275735294117647 0.8812329332119696 0.5698529411764706 0.8670141654340654 0.5698529411764706
2 0.27015658778017976 0.31433823529411764 0.28073799635908525 0.31433823529411764 0.28073799635908525 0.34834558823529416 0.27015658778017976 0.34834558823529416
2 0.2691645807259074 0.5091911764705882 0.281068665377176 0.5091911764705882 0.281068665377176 0.5441176470588235 0.2691645807259074 0.5441176470588235
1 0.0902726419387871 0.40900735294117646 0.10482207873478214 0.40900735294117646 0.10482207873478214 0.44117647058823534 0.0902726419387871 0.44117647058823534
1 0.12069419160314028 0.40625 0.13524362839913529 0.40625 0.13524362839913529 0.44485294117647056 0.12069419160314028 0.44485294117647056
1 0.12168619865741266 0.6011029411764706 0.13623563545340767 0.6011029411764706 0.13623563545340767 0.6387867647058824 0.12168619865741266 0.6387867647058824
2 0.3716719763340539 0.05606617647058823 0.38026937080441464 0.05606617647058823 0.38026937080441464 0.08272058823529412 0.3716719763340539 0.08272058823529412
2 0.38159204687677784 0.035845588235294115 0.39052011036522927 0.035845588235294115 0.39052011036522927 0.0588235294117647 0.38159204687677784 0.0588235294117647
2 0.3809307088405962 0.05606617647058823 0.39052011036522927 0.05606617647058823 0.39052011036522927 0.08088235294117646 0.3809307088405962 0.08088235294117646
2 0.6772101490499487 0.05606617647058823 0.6871302195926727 0.05606617647058823 0.6871302195926727 0.08363970588235294 0.6772101490499487 0.08363970588235294
2 0.8071630731596315 0.05698529411764706 0.8180751507566277 0.05698529411764706 0.8180751507566277 0.08731617647058822 0.8071630731596315 0.08731617647058822
2 0.6213270849926045 0.0588235294117647 0.6319084935715099 0.0588235294117647 0.6319084935715099 0.0863970588235294 0.6213270849926045 0.0863970588235294
2 0.5125369780407327 0.0588235294117647 0.5227877176015475 0.0588235294117647 0.5227877176015475 0.0863970588235294 0.5125369780407327 0.0863970588235294
2 0.4259016953009444 0.05974264705882353 0.4358217658436682 0.05974264705882353 0.4358217658436682 0.08823529411764706 0.4259016953009444 0.08823529411764706
2 0.15276908635794745 0.8170955882352943 0.16467317100921608 0.8170955882352943 0.16467317100921608 0.8520220588235293 0.15276908635794745 0.8520220588235293
1 0.39746415974513594 0.4053308823529412 0.40969891341449544 0.4053308823529412 0.40969891341449544 0.44025735294117646 0.39746415974513594 0.44025735294117646
