2 0.5563808237677245 0.07396870554765292 0.5705604321404456 0.07396870554765292 0.5705604321404456 0.10384068278805121 0.5563808237677245 0.10384068278805121
2 0.8474004051316676 0.07396870554765292 0.8615800135043887 0.07396870554765292 0.8615800135043887 0.10384068278805121 0.8474004051316676 0.10384068278805121
2 0.34436191762322754 0.07254623044096728 0.35989196488858877 0.07254623044096728 0.35989196488858877 0.10384068278805121 0.34436191762322754 0.10384068278805121
2 0.16070222822417285 0.837837837837838 0.17353139770425388 0.837837837837838 0.17353139770425388 0.8634423897581794 0.16070222822417285 0.8634423897581794
2 0.7184334908845375 0.07254623044096728 0.7332883187035787 0.07254623044096728 0.7332883187035787 0.10384068278805121 0.7184334908845375 0.10384068278805121
1 0.3470627954085078 0.44096728307254623 0.35854152599594874 0.44096728307254623 0.35854152599594874 0.4665718349928876 0.3470627954085078 0.4665718349928876
1 0.8487508440243079 0.4395448079658606 0.861580013504389 0.4395448079658606 0.861580013504389 0.4665718349928876 0.8487508440243079 0.4665718349928876
2 0.21539500337609724 0.07254623044096728 0.23024983119513842 0.07254623044096728 0.23024983119513842 0.10384068278805121 0.21539500337609724 0.10384068278805121
2 0.661039837947333 0.8421052631578947 0.6738690074274141 0.8421052631578947 0.6738690074274141 0.8677098150782361 0.661039837947333 0.8677098150782361
2 0.05401755570560432 0.07254623044096728 0.06819716407832546 0.07254623044096728 0.06819716407832546 0.10384068278805121 0.05401755570560432 0.10384068278805121
2 0.05401755570560432 0.8364153627311522 0.0661715057393653 0.8364153627311522 0.0661715057393653 0.8620199146514936 0.05401755570560432 0.8620199146514936
2 0.21742066171505744 0.837837837837838 0.2295746117488184 0.837837837837838 0.2295746117488184 0.8620199146514937 0.21742066171505744 0.8620199146514937
1 0.1323430114787306 0.1891891891891892 0.14382174206617152 0.1891891891891892 0.14382174206617152 0.21337126600284495 0.1323430114787306 0.21337126600284495
2 0.7724510465901417 0.8392603129445235 0.7846049966239028 0.8392603129445235 0.7846049966239028 0.8648648648648649 0.7724510465901417 0.8648648648648649
2 0.3106009453072249 0.837837837837838 0.3220796758946658 0.837837837837838 0.3220796758946658 0.8620199146514937 0.3106009453072249 0.8620199146514937
1 0.7204591492234976 0.4779516358463727 0.7332883187035787 0.4779516358463727 0.7332883187035787 0.5049786628733998 0.7204591492234976 0.5049786628733998
1 0.21674544226873735 0.4779516358463727 0.22957461174881835 0.4779516358463727 0.22957461174881835 0.5035561877667141 0.21674544226873735 0.5035561877667141
2 0.5212694125590817 0.8421052631578947 0.5327481431465225 0.8421052631578947 0.5327481431465225 0.8677098150782361 0.5212694125590817 0.8677098150782361
1 0.5577312626603647 0.4779516358463727 0.5705604321404457 0.4779516358463727 0.5705604321404457 0.5049786628733998 0.5577312626603647 0.5049786628733998
2 0.5584064821066846 0.8421052631578947 0.5692099932478055 0.8421052631578947 0.5692099932478055 0.8662873399715505 0.5584064821066846 0.8662873399715505
2 0.6839972991222147 0.8406827880512091 0.6968264686022958 0.8406827880512091 0.6968264686022958 0.8662873399715505 0.6839972991222147 0.8662873399715505
2 0.7211343686698177 0.8421052631578947 0.7319378798109386 0.8421052631578947 0.7319378798109386 0.8648648648648649 0.7211343686698177 0.8648648648648649
2 0.6347062795408508 0.19914651493598862 0.6475354490209319 0.19914651493598862 0.6475354490209319 0.22475106685633 0.6347062795408508 0.22475106685633
2 0.18095881161377447 0.837837837837838 0.19311276164753544 0.837837837837838 0.19311276164753544 0.8620199146514937 0.18095881161377447 0.8620199146514937
1 0.053342336259284265 0.47652916073968704 0.06684672518568535 0.47652916073968704 0.06684672518568535 0.5049786628733998 0.053342336259284265 0.5049786628733998
