2 0.5093399750933998 0.06290322580645161 0.530510585305106 0.06290322580645161 0.530510585305106 0.09032258064516129 0.5093399750933998 0.09032258064516129
1 0.5740971357409713 0.3 0.5902864259028642 0.3 0.5902864259028642 0.3209677419354839 0.5740971357409713 0.3209677419354839
1 0.32378580323785805 0.5338709677419354 0.33997509339975096 0.5338709677419354 0.33997509339975096 0.5548387096774192 0.32378580323785805 0.5548387096774192
1 0.5155666251556662 0.7580645161290324 0.5317559153175591 0.7580645161290324 0.5317559153175591 0.7790322580645163 0.5155666251556662 0.7790322580645163
1 0.8094645080946451 0.4096774193548387 0.8244084682440846 0.4096774193548387 0.8244084682440846 0.4290322580645161 0.8094645080946451 0.4290322580645161
1 0.11207970112079702 0.7032258064516129 0.1295143212951432 0.7032258064516129 0.1295143212951432 0.7258064516129032 0.11207970112079702 0.7258064516129032
1 0.9090909090909091 0.7032258064516129 0.925280199252802 0.7032258064516129 0.925280199252802 0.7241935483870968 0.9090909090909091 0.7241935483870968
1 0.5105853051058531 0.0967741935483871 0.5292652552926527 0.0967741935483871 0.5292652552926527 0.12096774193548387 0.5105853051058531 0.12096774193548387
1 0.6986301369863014 0.5338709677419354 0.7160647571606475 0.5338709677419354 0.7160647571606475 0.5564516129032258 0.6986301369863014 0.5564516129032258
1 0.21419676214196762 0.4096774193548387 0.23038605230386053 0.4096774193548387 0.23038605230386053 0.4290322580645161 0.21419676214196762 0.4290322580645161
1 0.45205479452054786 0.29838709677419356 0.4694894146948941 0.29838709677419356 0.4694894146948941 0.3225806451612903 0.45205479452054786 0.3225806451612903
