2 0.647359454855196 0.5605815831987077 0.6695059625212947 0.5605815831987077 0.6695059625212947 0.5815831987075929 0.647359454855196 0.5815831987075929
2 0.28960817717206133 0.09693053311793215 0.3083475298126065 0.09693053311793215 0.3083475298126065 0.11631663974151858 0.28960817717206133 0.11631663974151858
2 0.20954003407155025 0.09693053311793215 0.23168654173764908 0.09693053311793215 0.23168654173764908 0.11631663974151858 0.20954003407155025 0.11631663974151858
2 0.5672913117546848 0.9127625201938612 0.5894378194207837 0.9127625201938612 0.5894378194207837 0.9337641357027464 0.5672913117546848 0.9337641357027464
2 0.36626916524701875 0.09531502423263329 0.38841567291311757 0.09531502423263329 0.38841567291311757 0.11793214862681746 0.36626916524701875 0.11793214862681746
2 0.36626916524701875 0.9095315024232634 0.38841567291311757 0.9095315024232634 0.38841567291311757 0.9337641357027464 0.36626916524701875 0.9337641357027464
2 0.5706984667802385 0.24232633279483037 0.5877342419080068 0.24232633279483037 0.5877342419080068 0.26009693053311794 0.5706984667802385 0.26009693053311794
2 0.5689948892674617 0.5605815831987077 0.5894378194207837 0.5605815831987077 0.5894378194207837 0.5815831987075929 0.5689948892674617 0.5815831987075929
2 0.5672913117546848 0.46042003231017775 0.5894378194207837 0.46042003231017775 0.5894378194207837 0.48142164781906305 0.5672913117546848 0.48142164781906305
2 0.3679727427597956 0.3344103392568659 0.38841567291311757 0.3344103392568659 0.38841567291311757 0.35379644588045234 0.3679727427597956 0.35379644588045234
2 0.5672913117546848 0.09693053311793215 0.5911413969335605 0.09693053311793215 0.5911413969335605 0.11954765751211632 0.5672913117546848 0.11954765751211632
2 0.28620102214650767 0.5234248788368336 0.3100511073253833 0.5234248788368336 0.3100511073253833 0.5444264943457189 0.28620102214650767 0.5444264943457189
2 0.36626916524701875 0.72859450726979 0.38841567291311757 0.72859450726979 0.38841567291311757 0.7495961227786754 0.36626916524701875 0.7495961227786754
2 0.20954003407155025 0.33279483037156704 0.22998296422487224 0.33279483037156704 0.22998296422487224 0.35379644588045234 0.20954003407155025 0.35379644588045234
2 0.05792163543441227 0.8739903069466882 0.07836456558773425 0.8739903069466882 0.07836456558773425 0.8933764135702746 0.05792163543441227 0.8933764135702746
2 0.2061328790459966 0.5201938610662359 0.23168654173764908 0.5201938610662359 0.23168654173764908 0.5444264943457189 0.2061328790459966 0.5444264943457189
2 0.08517887563884156 0.7156704361873991 0.10902896081771721 0.7156704361873991 0.10902896081771721 0.7382875605815833 0.08517887563884156 0.7382875605815833
2 0.8296422487223168 0.4588045234248789 0.8517887563884157 0.4588045234248789 0.8517887563884157 0.48142164781906305 0.8296422487223168 0.48142164781906305
2 0.4889267461669506 0.5573505654281099 0.514480408858603 0.5573505654281099 0.514480408858603 0.5831987075928918 0.4889267461669506 0.5831987075928918
2 0.9011925042589438 0.45718901453958 0.9284497444633731 0.45718901453958 0.9284497444633731 0.4830371567043619 0.9011925042589438 0.4830371567043619
2 0.4940374787052811 0.09369951534733442 0.5195911413969335 0.09369951534733442 0.5195911413969335 0.11954765751211632 0.4940374787052811 0.11954765751211632
2 0.13458262350936967 0.7156704361873991 0.15843270868824533 0.7156704361873991 0.15843270868824533 0.7382875605815833 0.13458262350936967 0.7382875605815833
2 0.82793867120954 0.24071082390953152 0.848381601362862 0.24071082390953152 0.848381601362862 0.2617124394184168 0.82793867120954 0.2617124394184168
2 0.8262350936967632 0.09369951534733442 0.8517887563884157 0.09369951534733442 0.8517887563884157 0.11954765751211632 0.8262350936967632 0.11954765751211632
0 0.2674616695059625 0.32148626817447495 0.31175468483816016 0.32148626817447495 0.31175468483816016 0.3683360258481422 0.2674616695059625 0.3683360258481422
2 0.4940374787052811 0.24071082390953152 0.514480408858603 0.24071082390953152 0.514480408858603 0.26009693053311794 0.4940374787052811 0.26009693053311794
2 0.3850085178875639 0.7269789983844912 0.4020442930153322 0.7269789983844912 0.4020442930153322 0.7512116316639742 0.3850085178875639 0.7512116316639742
