2 0.48091603053435117 0.6967509025270757 0.5063613231552163 0.6967509025270757 0.5063613231552163 0.720818291215403 0.48091603053435117 0.720818291215403
2 0.7811704834605598 0.4127557160048135 0.8078880407124682 0.4127557160048135 0.8078880407124682 0.4380264741275572 0.7811704834605598 0.4380264741275572
2 0.8333333333333335 0.03850782190132371 0.8600508905852419 0.03850782190132371 0.8600508905852419 0.06257521058965103 0.8333333333333335 0.06257521058965103
2 0.8346055979643766 0.1793020457280385 0.8600508905852418 0.1793020457280385 0.8600508905852418 0.20336943441636582 0.8346055979643766 0.20336943441636582
2 0.6310432569974554 0.6979542719614922 0.6552162849872774 0.6979542719614922 0.6552162849872774 0.7184115523465704 0.6310432569974554 0.7184115523465704
2 0.29770992366412213 0.18050541516245489 0.3231552162849873 0.18050541516245489 0.3231552162849873 0.20336943441636582 0.29770992366412213 0.20336943441636582
2 0.6310432569974554 0.41034897713598073 0.6590330788804071 0.41034897713598073 0.6590330788804071 0.4368231046931408 0.6310432569974554 0.4368231046931408
2 0.5661577608142494 0.18050541516245489 0.5928753180661578 0.18050541516245489 0.5928753180661578 0.20336943441636582 0.5661577608142494 0.20336943441636582
2 0.29770992366412213 0.03850782190132371 0.3231552162849873 0.03850782190132371 0.3231552162849873 0.06257521058965103 0.29770992366412213 0.06257521058965103
2 0.5661577608142494 0.03850782190132371 0.5928753180661578 0.03850782190132371 0.5928753180661578 0.06257521058965103 0.5661577608142494 0.06257521058965103
2 0.4796437659033079 0.41155234657039713 0.5076335877862596 0.41155234657039713 0.5076335877862596 0.43922984356197353 0.4796437659033079 0.43922984356197353
2 0.8982188295165394 0.41155234657039713 0.9249363867684478 0.41155234657039713 0.9249363867684478 0.4368231046931408 0.8982188295165394 0.4368231046931408
2 0.6310432569974554 0.8399518652226233 0.6552162849872774 0.8399518652226233 0.6552162849872774 0.8628158844765343 0.6310432569974554 0.8628158844765343
2 0.7824427480916029 0.8411552346570397 0.8053435114503815 0.8411552346570397 0.8053435114503815 0.8616125150421179 0.7824427480916029 0.8616125150421179
2 0.4821882951653944 0.8423586040914561 0.5038167938931297 0.8423586040914561 0.5038167938931297 0.8616125150421179 0.4821882951653944 0.8616125150421179
2 0.7798982188295165 0.6979542719614922 0.8078880407124682 0.6979542719614922 0.8078880407124682 0.7220216606498195 0.7798982188295165 0.7220216606498195
2 0.7837150127226464 0.5583634175691937 0.8066157760814251 0.5583634175691937 0.8066157760814251 0.5788206979542719 0.7837150127226464 0.5788206979542719
2 0.4796437659033079 0.5571600481347774 0.5050890585241731 0.5571600481347774 0.5050890585241731 0.5800240673886883 0.4796437659033079 0.5800240673886883
