1 0.8115942028985508 0.45704057279236276 0.8416945373467113 0.45704057279236276 0.8416945373467113 0.4892601431980907 0.8115942028985508 0.4892601431980907
1 0.022296544035674472 0.5620525059665871 0.05239687848383501 0.5620525059665871 0.05239687848383501 0.5930787589498806 0.022296544035674472 0.5930787589498806
1 0.14046822742474915 0.45823389021479705 0.16833890746934224 0.45823389021479705 0.16833890746934224 0.48926014319809064 0.14046822742474915 0.48926014319809064
1 0.14046822742474915 0.662291169451074 0.16833890746934224 0.662291169451074 0.16833890746934224 0.6933174224343676 0.14046822742474915 0.6933174224343676
1 0.4760312151616499 0.4594272076372315 0.5039018952062431 0.4594272076372315 0.5039018952062431 0.4892601431980907 0.4760312151616499 0.4892601431980907
1 0.4760312151616499 0.662291169451074 0.5050167224080268 0.662291169451074 0.5050167224080268 0.6933174224343676 0.4760312151616499 0.6933174224343676
1 0.358974358974359 0.5632458233890215 0.38684503901895206 0.5632458233890215 0.38684503901895206 0.5930787589498807 0.358974358974359 0.5930787589498807
1 0.8115942028985508 0.662291169451074 0.8416945373467113 0.662291169451074 0.8416945373467113 0.6933174224343676 0.8115942028985508 0.6933174224343676
1 0.6945373467112597 0.5620525059665871 0.7235228539576365 0.5620525059665871 0.7235228539576365 0.5930787589498806 0.6945373467112597 0.5930787589498806
1 0.47491638795986624 0.03818615751789976 0.5061315496098104 0.03818615751789976 0.5061315496098104 0.07159904534606205 0.47491638795986624 0.07159904534606205
2 0.241917502787068 0.03579952267303103 0.2697881828316611 0.03579952267303103 0.2697881828316611 0.06921241050119331 0.241917502787068 0.06921241050119331
2 0.2408026755852843 0.0 0.2709030100334448 0.0 0.2709030100334448 0.02028639618138425 0.2408026755852843 0.02028639618138425
