0 0.40560747663551405 0.41074523396880414 0.42990654205607476 0.41074523396880414 0.42990654205607476 0.4332755632582322 0.40560747663551405 0.4332755632582322
0 0.8168224299065421 0.365684575389948 0.8467289719626169 0.365684575389948 0.8467289719626169 0.3916811091854419 0.8168224299065421 0.3916811091854419
0 0.6523364485981309 0.365684575389948 0.6785046728971963 0.365684575389948 0.6785046728971963 0.3916811091854419 0.6523364485981309 0.3916811091854419
2 0.7420560747663552 0.5944540727902946 0.7551401869158879 0.5944540727902946 0.7551401869158879 0.6065857885615251 0.7420560747663552 0.6065857885615251
2 0.12149532710280374 0.41767764298093585 0.1383177570093458 0.41767764298093585 0.1383177570093458 0.4332755632582322 0.12149532710280374 0.4332755632582322
2 0.6598130841121496 0.02946273830155979 0.6728971962616823 0.02946273830155979 0.6728971962616823 0.04159445407279029 0.6598130841121496 0.04159445407279029
2 0.11962616822429907 0.15771230502599654 0.13457943925233645 0.15771230502599654 0.13457943925233645 0.17157712305025996 0.11962616822429907 0.17157712305025996
2 0.3271028037383178 0.9376083188908145 0.34392523364485983 0.9376083188908145 0.34392523364485983 0.9532062391681109 0.3271028037383178 0.9532062391681109
2 0.6579439252336449 0.24263431542461003 0.6747663551401869 0.24263431542461003 0.6747663551401869 0.2582322357019064 0.6579439252336449 0.2582322357019064
2 0.491588785046729 0.9376083188908145 0.508411214953271 0.9376083188908145 0.508411214953271 0.9549393414211438 0.491588785046729 0.9549393414211438
2 0.3271028037383178 0.7660311958405546 0.34205607476635513 0.7660311958405546 0.34205607476635513 0.779896013864818 0.3271028037383178 0.779896013864818
2 0.47289719626168225 0.02946273830155979 0.48598130841121495 0.02946273830155979 0.48598130841121495 0.03986135181975736 0.47289719626168225 0.03986135181975736
0 0.8186915887850468 0.23570190641247832 0.8448598130841122 0.23570190641247832 0.8448598130841122 0.2599653379549393 0.8186915887850468 0.2599653379549393
2 0.205607476635514 0.7660311958405546 0.2205607476635514 0.7660311958405546 0.2205607476635514 0.779896013864818 0.205607476635514 0.779896013864818
2 0.5140186915887851 0.42114384748700173 0.5271028037383177 0.42114384748700173 0.5271028037383177 0.4332755632582322 0.5140186915887851 0.4332755632582322
2 0.8242990654205608 0.31022530329289427 0.8411214953271028 0.31022530329289427 0.8411214953271028 0.3258232235701906 0.8242990654205608 0.3258232235701906
2 0.1177570093457944 0.634315424610052 0.13644859813084112 0.634315424610052 0.13644859813084112 0.6516464471403812 0.1177570093457944 0.6516464471403812
2 0.47289719626168225 0.008665511265164644 0.48598130841121495 0.008665511265164644 0.48598130841121495 0.019064124783362217 0.47289719626168225 0.019064124783362217
2 0.4093457943925234 0.6325823223570191 0.4280373831775701 0.6325823223570191 0.4280373831775701 0.6499133448873483 0.4093457943925234 0.6499133448873483
2 0.411214953271028 0.02946273830155979 0.4261682242990654 0.02946273830155979 0.4261682242990654 0.04159445407279029 0.411214953271028 0.04159445407279029
2 0.411214953271028 0.15771230502599654 0.4261682242990654 0.15771230502599654 0.4261682242990654 0.17157712305025996 0.411214953271028 0.17157712305025996
2 0.6598130841121496 0.41941074523396876 0.6728971962616823 0.41941074523396876 0.6728971962616823 0.4315424610051993 0.6598130841121496 0.4315424610051993
1 0.8242990654205608 0.41941074523396876 0.8411214953271028 0.41941074523396876 0.8411214953271028 0.4332755632582322 0.8242990654205608 0.4332755632582322
2 0.411214953271028 0.37435008665511266 0.43177570093457945 0.37435008665511266 0.43177570093457945 0.3951473136915078 0.411214953271028 0.3951473136915078
