1 0.3563714902807775 0.09923664122137404 0.3758099352051836 0.09923664122137404 0.3758099352051836 0.11959287531806616 0.3563714902807775 0.11959287531806616
0 0.4514038876889849 0.6743002544529262 0.4864296253577044 0.6743002544529262 0.4864296253577044 0.7048346055979644 0.4514038876889849 0.7048346055979644
2 0.46004319654427644 0.21882951653944022 0.4773218142548596 0.21882951653944022 0.4773218142548596 0.23918575063613232 0.46004319654427644 0.23918575063613232
2 0.46004319654427644 0.628498727735369 0.4773218142548596 0.628498727735369 0.4773218142548596 0.6513994910941476 0.46004319654427644 0.6513994910941476
2 0.09071274298056156 0.6870229007633588 0.11231101511879049 0.6870229007633588 0.11231101511879049 0.7099236641221374 0.09071274298056156 0.7099236641221374
2 0.5572354211663066 0.2926208651399491 0.5788336933045356 0.2926208651399491 0.5788336933045356 0.31806615776081426 0.5572354211663066 0.31806615776081426
2 0.7408207343412527 0.2951653944020356 0.7602591792656588 0.2951653944020356 0.7602591792656588 0.3180661577608142 0.7408207343412527 0.3180661577608142
2 0.19222462203023757 0.7862595419847328 0.20950323974082075 0.7862595419847328 0.20950323974082075 0.806615776081425 0.19222462203023757 0.806615776081425
2 0.3563714902807775 0.35368956743002544 0.3758099352051836 0.35368956743002544 0.3758099352051836 0.37659033078880405 0.3563714902807775 0.37659033078880405
2 0.3585313174946004 0.061068702290076333 0.3736501079913606 0.061068702290076333 0.3736501079913606 0.07888040712468193 0.3585313174946004 0.07888040712468193
