0 0.46720575022461813 0.6430006697923644 0.48247978436657685 0.6430006697923644 0.48247978436657685 0.6630944407233758 0.46720575022461813 0.6630944407233758
0 0.4618149146451033 0.34427327528466173 0.4757412398921833 0.34427327528466173 0.4757412398921833 0.3636972538513061 0.4618149146451033 0.3636972538513061
0 0.4043126684636118 0.6148693904889484 0.4204851752021563 0.6148693904889484 0.4204851752021563 0.6369725385130609 0.4043126684636118 0.6369725385130609
0 0.6060221607278288 0.34693816535794625 0.6226295377804435 0.34693816535794625 0.6226295377804435 0.3670247965968658 0.6060221607278288 0.3670247965968658
0 0.49056603773584917 0.7019423978566646 0.5013477088948788 0.7019423978566646 0.5013477088948788 0.728021461914428 0.49056603773584917 0.728021461914428
2 0.4887690925426775 0.826523777628935 0.49865229110512127 0.826523777628935 0.49865229110512127 0.840589417280643 0.4887690925426775 0.840589417280643
0 0.8364779874213837 0.45411922304085733 0.8526504941599281 0.45411922304085733 0.8526504941599281 0.4768921634293369 0.8364779874213837 0.4768921634293369
0 0.7502246181491465 0.34427327528466173 0.7646001796945194 0.34427327528466173 0.7646001796945194 0.3636972538513061 0.7502246181491465 0.3636972538513061
0 0.898921832884097 0.45344943067649024 0.9155435759209344 0.45344943067649024 0.9155435759209344 0.4768921634293368 0.898921832884097 0.4768921634293368
2 0.550314465408805 0.9176155391828533 0.5628930817610063 0.9176155391828533 0.5628930817610063 0.9363697253851306 0.550314465408805 0.9363697253851306
2 0.40700808625336926 0.9182853315472204 0.4191374663072776 0.9182853315472204 0.4191374663072776 0.9363697253851306 0.40700808625336926 0.9363697253851306
2 0.26864330637915546 0.9176155391828533 0.2812219227313567 0.9176155391828533 0.2812219227313567 0.9363697253851306 0.26864330637915546 0.9363697253851306
2 0.5327942497753818 0.15472203616878769 0.5422282120395328 0.15472203616878769 0.5422282120395328 0.1694574681848627 0.5327942497753818 0.1694574681848627
0 0.7493261455525606 0.45411922304085733 0.7650494159928122 0.45411922304085733 0.7650494159928122 0.4768921634293369 0.7493261455525606 0.4768921634293369
2 0.10062893081761008 0.24648359008707302 0.11185983827493264 0.24648359008707302 0.11185983827493264 0.2625586068318821 0.10062893081761008 0.2625586068318821
2 0.8400718778077269 0.061620897521768254 0.8495058400718778 0.061620897521768254 0.8495058400718778 0.07635632953784327 0.8400718778077269 0.07635632953784327
2 0.5332434860736748 0.061620897521768254 0.5417789757412399 0.061620897521768254 0.5417789757412399 0.07434695244474213 0.5332434860736748 0.07434695244474213
2 0.16307277628032346 0.15405224380442062 0.17430368373764601 0.15405224380442062 0.17430368373764601 0.16945746818486268 0.16307277628032346 0.16945746818486268
2 0.46451033243486073 0.06229068988613531 0.47349505840071876 0.06229068988613531 0.47349505840071876 0.07568653717347623 0.46451033243486073 0.07568653717347623
2 0.34546271338724177 0.061620897521768254 0.3548966756513927 0.061620897521768254 0.3548966756513927 0.07568653717347622 0.34546271338724177 0.07568653717347622
2 0.9016172506738545 0.377093101138647 0.912848158131177 0.377093101138647 0.912848158131177 0.39383791024782316 0.9016172506738545 0.39383791024782316
2 0.6082659478885895 0.061620897521768254 0.6176999101527404 0.061620897521768254 0.6176999101527404 0.07568653717347622 0.6082659478885895 0.07568653717347622
0 0.34186882300089855 0.3415941058271935 0.3602683565852774 0.3415941058271935 0.3602683565852774 0.36769815880727874 0.34186882300089855 0.36769815880727874
2 0.4757412398921833 0.9196249162759544 0.48697214734950584 0.9196249162759544 0.48697214734950584 0.9356999330207636 0.4757412398921833 0.9356999330207636
2 0.24528301886792453 0.061620897521768254 0.25471698113207547 0.061620897521768254 0.25471698113207547 0.07568653717347622 0.24528301886792453 0.07568653717347622
0 0.5332458804043786 0.27394507702612175 0.5449236298292901 0.27394507702612175 0.5449236298292901 0.2973592510106011 0.5332458804043786 0.2973592510106011
2 0.3445642407906559 0.6215673141326189 0.3553459119496855 0.6215673141326189 0.3553459119496855 0.6376423308774279 0.3445642407906559 0.6376423308774279
2 0.26999101527403413 0.6208975217682519 0.2807726864330638 0.6208975217682519 0.2807726864330638 0.6376423308774279 0.26999101527403413 0.6376423308774279
2 0.839173405211141 0.3503014065639652 0.8490566037735849 0.3503014065639652 0.8490566037735849 0.3643670462156731 0.839173405211141 0.3643670462156731
2 0.5512129380053908 0.6121902210314802 0.5615453728661276 0.6121902210314802 0.5615453728661276 0.6269256530475552 0.5512129380053908 0.6269256530475552
2 0.839173405211141 0.37776289350301406 0.8495058400718778 0.37776289350301406 0.8495058400718778 0.3931681178834561 0.839173405211141 0.3931681178834561
0 0.3445642407906559 0.5150703281982585 0.35759209344115006 0.5150703281982585 0.35759209344115006 0.537173476222371 0.3445642407906559 0.537173476222371
2 0.8387241689128482 0.9169457468184861 0.8526504941599281 0.9169457468184861 0.8526504941599281 0.9370395177494975 0.8387241689128482 0.9370395177494975
2 0.16486972147349505 0.24849296718017413 0.17295597484276726 0.24849296718017413 0.17295597484276726 0.260549229738781 0.16486972147349505 0.260549229738781
2 0.47124887690925427 0.7066309444072337 0.4797843665768194 0.7066309444072337 0.4797843665768194 0.7186872069658405 0.47124887690925427 0.7186872069658405
2 0.9892183288409704 0.4608171466845278 0.9991015274034142 0.4608171466845278 0.9991015274034142 0.478231748158071 0.9892183288409704 0.478231748158071
0 0.24573225516621758 0.24581379772270606 0.25696316262354013 0.24581379772270606 0.25696316262354013 0.27123020910819445 0.24573225516621758 0.27123020910819445
2 0.5530098831985625 0.2772940388479571 0.5610961365678346 0.2772940388479571 0.5610961365678346 0.29002009377093096 0.5530098831985625 0.29002009377093096
2 0.6087151841868823 0.3322170127260549 0.6190476190476191 0.3322170127260549 0.6190476190476191 0.34561286001339586 0.6087151841868823 0.34561286001339586
2 0.4647156462927082 0.3344437041972019 0.4745461695796694 0.3344437041972019 0.4745461695796694 0.34976682211858756 0.4647156462927082 0.34976682211858756
2 0.7524818734201159 0.3357761492338441 0.7632060806422554 0.3357761492338441 0.7632060806422554 0.34776815456362425 0.7524818734201159 0.34776815456362425
