0 0.44965517241379305 0.11981566820276497 0.4841379310344827 0.11981566820276497 0.4841379310344827 0.16282642089093702 0.44965517241379305 0.16282642089093702
0 0.44965517241379305 0.4116743471582181 0.4841379310344827 0.4116743471582181 0.4841379310344827 0.45314900153609833 0.44965517241379305 0.45314900153609833
0 0.6703448275862068 0.11981566820276497 0.7062068965517241 0.11981566820276497 0.7062068965517241 0.16282642089093702 0.6703448275862068 0.16282642089093702
0 0.2303448275862069 0.11981566820276497 0.26620689655172414 0.11981566820276497 0.26620689655172414 0.16282642089093702 0.2303448275862069 0.16282642089093702
0 0.22896551724137928 0.41013824884792627 0.2675862068965517 0.41013824884792627 0.2675862068965517 0.45314900153609833 0.22896551724137928 0.45314900153609833
0 0.6703448275862068 0.41013824884792627 0.7075862068965517 0.41013824884792627 0.7075862068965517 0.45314900153609833 0.6703448275862068 0.45314900153609833
2 0.5379310344827586 0.1336405529953917 0.5544827586206896 0.1336405529953917 0.5544827586206896 0.15053763440860216 0.5379310344827586 0.15053763440860216
1 0.7572413793103447 0.42242703533026116 0.7765517241379309 0.42242703533026116 0.7765517241379309 0.44239631336405527 0.7572413793103447 0.44239631336405527
2 0.24413793103448275 0.4930875576036866 0.26068965517241377 0.4930875576036866 0.26068965517241377 0.511520737327189 0.24413793103448275 0.511520737327189
2 0.4648275862068965 0.4930875576036866 0.48137931034482756 0.4930875576036866 0.48137931034482756 0.511520737327189 0.4648275862068965 0.511520737327189
2 0.5393103448275862 0.42242703533026116 0.5544827586206896 0.42242703533026116 0.5544827586206896 0.4393241167434716 0.5393103448275862 0.4393241167434716
2 0.46206896551724136 0.04915514592933948 0.48137931034482756 0.04915514592933948 0.48137931034482756 0.06912442396313365 0.46206896551724136 0.06912442396313365
1 0.6841379310344827 0.4930875576036866 0.7034482758620689 0.4930875576036866 0.7034482758620689 0.5145929339477726 0.6841379310344827 0.5145929339477726
2 0.3737931034482758 0.1336405529953917 0.3889655172413793 0.1336405529953917 0.3889655172413793 0.1490015360983103 0.3737931034482758 0.1490015360983103
2 0.24275862068965515 0.04915514592933948 0.26206896551724135 0.04915514592933948 0.26206896551724135 0.06912442396313365 0.24275862068965515 0.06912442396313365
2 0.3172413793103448 0.1336405529953917 0.33379310344827584 0.1336405529953917 0.33379310344827584 0.15053763440860216 0.3172413793103448 0.15053763440860216
2 0.37103448275862067 0.09062980030721966 0.39034482758620687 0.09062980030721966 0.39034482758620687 0.11213517665130568 0.37103448275862067 0.11213517665130568
2 0.7572413793103447 0.9062980030721967 0.7765517241379309 0.9062980030721967 0.7765517241379309 0.9278033794162827 0.7572413793103447 0.9278033794162827
2 0.3186206896551724 0.42242703533026116 0.3351724137931034 0.42242703533026116 0.3351724137931034 0.4393241167434716 0.3186206896551724 0.4393241167434716
2 0.7572413793103447 0.7895545314900153 0.7751724137931034 0.7895545314900153 0.7751724137931034 0.8095238095238095 0.7572413793103447 0.8095238095238095
2 0.6813793103448276 0.047619047619047616 0.7020689655172413 0.047619047619047616 0.7020689655172413 0.0706605222734255 0.6813793103448276 0.0706605222734255
2 0.7572413793103447 0.6697388632872504 0.7751724137931034 0.6697388632872504 0.7751724137931034 0.6897081413210445 0.7572413793103447 0.6897081413210445
2 0.7572413793103447 0.5499231950844854 0.7751724137931034 0.5499231950844854 0.7751724137931034 0.5698924731182796 0.7572413793103447 0.5698924731182796
2 0.7599999999999999 0.7158218125960062 0.7765517241379309 0.7158218125960062 0.7765517241379309 0.7327188940092166 0.7599999999999999 0.7327188940092166
2 0.7599999999999999 0.8310291858678955 0.7779310344827586 0.8310291858678955 0.7779310344827586 0.8494623655913979 0.7599999999999999 0.8494623655913979
2 0.7599999999999999 0.17357910906298002 0.7751724137931034 0.17357910906298002 0.7751724137931034 0.19047619047619047 0.7599999999999999 0.19047619047619047
2 0.3186206896551724 0.17511520737327188 0.3351724137931034 0.17511520737327188 0.3351724137931034 0.1889400921658986 0.3186206896551724 0.1889400921658986
2 0.5393103448275862 0.17511520737327188 0.5558620689655172 0.17511520737327188 0.5558620689655172 0.19047619047619047 0.5393103448275862 0.19047619047619047
2 0.09793103448275861 0.17204301075268819 0.11448275862068964 0.17204301075268819 0.11448275862068964 0.19201228878648233 0.09793103448275861 0.19201228878648233
