0 0.7804054054054055 0.5692883895131087 0.8040540540540541 0.5692883895131087 0.8040540540540541 0.6217228464419475 0.7804054054054055 0.6217228464419475
1 0.6621621621621622 0.24719101123595505 0.6807432432432433 0.24719101123595505 0.6807432432432433 0.2883895131086142 0.6621621621621622 0.2883895131086142
1 0.7820945945945946 0.7752808988764045 0.8023648648648649 0.7752808988764045 0.8023648648648649 0.8164794007490637 0.7820945945945946 0.8164794007490637
1 0.4391891891891892 0.5842696629213483 0.4560810810810811 0.5842696629213483 0.4560810810810811 0.6217228464419475 0.4391891891891892 0.6217228464419475
1 0.30236486486486486 0.5842696629213483 0.3192567567567568 0.5842696629213483 0.3192567567567568 0.6217228464419475 0.30236486486486486 0.6217228464419475
1 0.9037162162162162 0.8576779026217228 0.9239864864864865 0.8576779026217228 0.9239864864864865 0.898876404494382 0.9037162162162162 0.898876404494382
1 0.6621621621621622 0.7752808988764045 0.6790540540540541 0.7752808988764045 0.6790540540540541 0.8127340823970037 0.6621621621621622 0.8127340823970037
1 0.9645270270270271 0.8576779026217228 0.9831081081081081 0.8576779026217228 0.9831081081081081 0.898876404494382 0.9645270270270271 0.898876404494382
1 0.6621621621621622 0.4157303370786517 0.6807432432432433 0.4157303370786517 0.6807432432432433 0.45692883895131087 0.6621621621621622 0.45692883895131087
1 0.9037162162162162 0.5805243445692884 0.9239864864864865 0.5805243445692884 0.9239864864864865 0.6254681647940075 0.9037162162162162 0.6254681647940075
1 0.5608108108108109 0.5805243445692884 0.5810810810810811 0.5805243445692884 0.5810810810810811 0.6254681647940075 0.5608108108108109 0.6254681647940075
1 0.16891891891891891 0.5767790262172284 0.1891891891891892 0.5767790262172284 0.1891891891891892 0.6217228464419475 0.16891891891891891 0.6217228464419475
