0 0.37106017191977075 0.46336206896551724 0.4083094555873925 0.46336206896551724 0.4083094555873925 0.5172413793103449 0.37106017191977075 0.5172413793103449
0 0.2148997134670487 0.46336206896551724 0.25358166189111747 0.46336206896551724 0.25358166189111747 0.5172413793103449 0.2148997134670487 0.5172413793103449
1 0.4699140401146132 0.23060344827586207 0.491404011461318 0.23060344827586207 0.491404011461318 0.2650862068965517 0.4699140401146132 0.2650862068965517
1 0.3137535816618911 0.7392241379310345 0.336676217765043 0.7392241379310345 0.336676217765043 0.771551724137931 0.3137535816618911 0.771551724137931
1 0.3782234957020057 0.3189655172413793 0.40114613180515757 0.3189655172413793 0.40114613180515757 0.35344827586206895 0.3782234957020057 0.35344827586206895
1 0.5859598853868194 0.48275862068965514 0.6117478510028653 0.48275862068965514 0.6117478510028653 0.5193965517241379 0.5859598853868194 0.5193965517241379
1 0.5845272206303724 0.6788793103448276 0.6088825214899714 0.6788793103448276 0.6088825214899714 0.7155172413793104 0.5845272206303724 0.7155172413793104
1 0.5845272206303724 0.28879310344827586 0.6088825214899714 0.28879310344827586 0.6088825214899714 0.3254310344827586 0.5845272206303724 0.3254310344827586
1 0.22206303724928367 0.6508620689655172 0.2449856733524355 0.6508620689655172 0.2449856733524355 0.6853448275862069 0.22206303724928367 0.6853448275862069
1 0.7535816618911174 0.48275862068965514 0.7779369627507163 0.48275862068965514 0.7779369627507163 0.5193965517241379 0.7535816618911174 0.5193965517241379
2 0.7005730659025787 0.29310344827586204 0.7206303724928367 0.29310344827586204 0.7206303724928367 0.3232758620689655 0.7005730659025787 0.3232758620689655
2 0.669054441260745 0.2952586206896552 0.6862464183381088 0.2952586206896552 0.6862464183381088 0.3189655172413793 0.669054441260745 0.3189655172413793
