1 0.6964028776978417 0.04755244755244755 0.7381294964028777 0.04755244755244755 0.7381294964028777 0.08671328671328671 0.6964028776978417 0.08671328671328671
1 0.5568345323741007 0.2811188811188811 0.6071942446043166 0.2811188811188811 0.6071942446043166 0.32727272727272727 0.5568345323741007 0.32727272727272727
1 0.40431654676258993 0.5944055944055944 0.4460431654676259 0.5944055944055944 0.4460431654676259 0.6321678321678321 0.40431654676258993 0.6321678321678321
1 0.8546762589928057 0.4041958041958042 0.897841726618705 0.4041958041958042 0.897841726618705 0.4433566433566434 0.8546762589928057 0.4433566433566434
1 0.5625899280575539 0.23916083916083916 0.60431654676259 0.23916083916083916 0.60431654676259 0.27692307692307694 0.5625899280575539 0.27692307692307694
1 0.6935251798561152 0.47132867132867134 0.7424460431654676 0.47132867132867134 0.7424460431654676 0.5160839160839161 0.6935251798561152 0.5160839160839161
2 0.5611510791366906 0.47692307692307695 0.6028776978417265 0.47692307692307695 0.6028776978417265 0.5174825174825175 0.5611510791366906 0.5174825174825175
1 0.7237410071942446 0.8055944055944056 0.7640287769784173 0.8055944055944056 0.7640287769784173 0.8433566433566434 0.7237410071942446 0.8433566433566434
1 0.23597122302158277 0.4671328671328671 0.2906474820143885 0.4671328671328671 0.2906474820143885 0.5160839160839161 0.23597122302158277 0.5160839160839161
1 0.479136690647482 0.6601398601398601 0.5266187050359712 0.6601398601398601 0.5266187050359712 0.7020979020979021 0.479136690647482 0.7020979020979021
1 0.5597122302158274 0.8 0.6057553956834533 0.8 0.6057553956834533 0.8433566433566434 0.5597122302158274 0.8433566433566434
2 0.6964028776978417 0.4041958041958042 0.739568345323741 0.4041958041958042 0.739568345323741 0.4433566433566434 0.6964028776978417 0.4433566433566434
1 0.10359712230215827 0.46573426573426574 0.1553956834532374 0.46573426573426574 0.1553956834532374 0.5160839160839161 0.10359712230215827 0.5160839160839161
