2 0.49028571428571427 0.10785714285714286 0.5097142857142857 0.10785714285714286 0.5097142857142857 0.11928571428571429 0.49028571428571427 0.11928571428571429
1 0.017142857142857144 0.4878571428571429 0.038857142857142854 0.4878571428571429 0.038857142857142854 0.5021428571428571 0.017142857142857144 0.5021428571428571
2 0.6102857142857143 0.05857142857142858 0.6262857142857143 0.05857142857142858 0.6262857142857143 0.0692857142857143 0.6102857142857143 0.0692857142857143
1 0.018285714285714287 0.35214285714285715 0.038857142857142854 0.35214285714285715 0.038857142857142854 0.365 0.018285714285714287 0.365
2 0.6091428571428571 0.3285714285714285 0.6274285714285714 0.3285714285714285 0.6274285714285714 0.33999999999999997 0.6091428571428571 0.33999999999999997
1 0.7657142857142857 0.8685714285714288 0.7851428571428571 0.8685714285714288 0.7851428571428571 0.8814285714285716 0.7657142857142857 0.8814285714285716
2 0.6091428571428571 0.7221428571428572 0.6274285714285714 0.7221428571428572 0.6274285714285714 0.7335714285714285 0.6091428571428571 0.7335714285714285
2 0.608 0.8692857142857143 0.6274285714285714 0.8692857142857143 0.6274285714285714 0.8814285714285715 0.608 0.8814285714285715
1 0.6091428571428571 0.40214285714285714 0.6274285714285714 0.40214285714285714 0.6274285714285714 0.4142857142857143 0.6091428571428571 0.4142857142857143
2 0.49028571428571427 0.05857142857142858 0.5085714285714286 0.05857142857142858 0.5085714285714286 0.07 0.49028571428571427 0.07
2 0.6091428571428571 0.1814285714285714 0.6274285714285714 0.1814285714285714 0.6274285714285714 0.19285714285714287 0.6091428571428571 0.19285714285714287
2 0.49142857142857144 0.8707142857142857 0.5085714285714286 0.8707142857142857 0.5085714285714286 0.8807142857142857 0.49142857142857144 0.8807142857142857
1 0.6102857142857143 0.020714285714285713 0.6274285714285714 0.020714285714285713 0.6274285714285714 0.03142857142857143 0.6102857142857143 0.03142857142857143
2 0.7691428571428571 0.40357142857142864 0.784 0.40357142857142864 0.784 0.41357142857142865 0.7691428571428571 0.41357142857142865
1 0.6091428571428571 0.967857142857143 0.6285714285714286 0.967857142857143 0.6285714285714286 0.9792857142857144 0.6091428571428571 0.9792857142857144
2 0.12 0.3535714285714286 0.1382857142857143 0.3535714285714286 0.1382857142857143 0.3642857142857143 0.12 0.3642857142857143
1 0.12 0.05928571428571429 0.1382857142857143 0.05928571428571429 0.1382857142857143 0.07071428571428572 0.12 0.07071428571428572
1 0.7668571428571429 0.967857142857143 0.7851428571428571 0.967857142857143 0.7851428571428571 0.9792857142857144 0.7668571428571429 0.9792857142857144
1 0.49142857142857144 0.020714285714285713 0.5085714285714286 0.020714285714285713 0.5085714285714286 0.03214285714285714 0.49142857142857144 0.03214285714285714
1 0.7668571428571429 0.1814285714285714 0.7851428571428571 0.1814285714285714 0.7851428571428571 0.19357142857142856 0.7668571428571429 0.19357142857142856
1 0.49142857142857144 0.7221428571428572 0.5085714285714286 0.7221428571428572 0.5085714285714286 0.7335714285714285 0.49142857142857144 0.7335714285714285
1 0.6091428571428571 0.6235714285714286 0.6285714285714286 0.6235714285714286 0.6285714285714286 0.635 0.6091428571428571 0.635
2 0.768 0.6242857142857143 0.784 0.6242857142857143 0.784 0.6342857142857143 0.768 0.6342857142857143
2 0.49142857142857144 0.92 0.5074285714285715 0.92 0.5074285714285715 0.9292857142857143 0.49142857142857144 0.9292857142857143
1 0.49028571428571427 0.32785714285714285 0.5108571428571429 0.32785714285714285 0.5108571428571429 0.34 0.49028571428571427 0.34
2 0.49142857142857144 0.18071428571428572 0.5085714285714286 0.18071428571428572 0.5085714285714286 0.19214285714285714 0.49142857142857144 0.19214285714285714
1 0.312 0.3285714285714285 0.3302857142857143 0.3285714285714285 0.3302857142857143 0.3407142857142857 0.312 0.3407142857142857
2 0.12 0.4278571428571429 0.1382857142857143 0.4278571428571429 0.1382857142857143 0.43857142857142856 0.12 0.43857142857142856
1 0.31085714285714283 0.6235714285714286 0.3314285714285714 0.6235714285714286 0.3314285714285714 0.6357142857142857 0.31085714285714283 0.6357142857142857
