1 0.8532608695652172 0.46462264150943405 0.8695652173913042 0.46462264150943405 0.8695652173913042 0.4929245283018869 0.8532608695652172 0.4929245283018869
1 0.6834239130434783 0.46226415094339623 0.6997282608695652 0.46226415094339623 0.6997282608695652 0.49292452830188677 0.6834239130434783 0.49292452830188677
1 0.3451086956521739 0.6462264150943396 0.3627717391304347 0.6462264150943396 0.3627717391304347 0.6768867924528302 0.3451086956521739 0.6768867924528302
1 0.49184782608695654 0.5683962264150944 0.5108695652173914 0.5683962264150944 0.5108695652173914 0.6014150943396226 0.49184782608695654 0.6014150943396226
1 0.08967391304347826 0.20518867924528297 0.10869565217391304 0.20518867924528297 0.10869565217391304 0.24056603773584903 0.08967391304347826 0.24056603773584903
1 0.4904891304347826 0.49764150943396224 0.5108695652173914 0.49764150943396224 0.5108695652173914 0.5330188679245284 0.4904891304347826 0.5330188679245284
1 0.5353260869565217 0.24528301886792453 0.5516304347826086 0.24528301886792453 0.5516304347826086 0.27358490566037735 0.5353260869565217 0.27358490566037735
1 0.6195652173913043 0.46226415094339623 0.6372282608695652 0.46226415094339623 0.6372282608695652 0.49292452830188677 0.6195652173913043 0.49292452830188677
1 0.8546195652173914 0.9764150943396226 0.8695652173913043 0.9764150943396226 0.8695652173913043 1.0 0.8546195652173914 1.0
1 0.09103260869565215 0.6061320754716981 0.10869565217391303 0.6061320754716981 0.10869565217391303 0.6391509433962265 0.09103260869565215 0.6391509433962265
1 0.5339673913043478 0.7523584905660379 0.5529891304347825 0.7523584905660379 0.5529891304347825 0.7853773584905662 0.5339673913043478 0.7853773584905662
2 0.5339673913043478 0.8254716981132075 0.5529891304347825 0.8254716981132075 0.5529891304347825 0.8584905660377359 0.5339673913043478 0.8584905660377359
1 0.2798913043478261 0.20518867924528297 0.3002717391304348 0.20518867924528297 0.3002717391304348 0.24056603773584903 0.2798913043478261 0.24056603773584903
1 0.5353260869565217 0.9764150943396226 0.5529891304347826 0.9764150943396226 0.5529891304347826 1.0 0.5353260869565217 1.0
