1 0.2326086956521739 0.5320754716981132 0.26304347826086955 0.5320754716981132 0.26304347826086955 0.5849056603773585 0.2326086956521739 0.5849056603773585
1 0.6934782608695652 0.4 0.7260869565217392 0.4 0.7260869565217392 0.45660377358490567 0.6934782608695652 0.45660377358490567
1 0.5630434782608695 0.018867924528301886 0.5934782608695652 0.018867924528301886 0.5934782608695652 0.07547169811320754 0.5630434782608695 0.07547169811320754
1 0.5739130434782609 0.5584905660377358 0.6065217391304348 0.5584905660377358 0.6065217391304348 0.6150943396226415 0.5739130434782609 0.6150943396226415
1 0.6913043478260871 0.018867924528301886 0.7217391304347828 0.018867924528301886 0.7217391304347828 0.07547169811320754 0.6913043478260871 0.07547169811320754
1 0.2326086956521739 0.026415094339622646 0.2608695652173913 0.026415094339622646 0.2608695652173913 0.07924528301886793 0.2326086956521739 0.07924528301886793
1 0.08260869565217391 0.5962264150943396 0.11739130434782609 0.5962264150943396 0.11739130434782609 0.6566037735849056 0.08260869565217391 0.6566037735849056
1 0.3804347826086957 0.022641509433962263 0.40869565217391307 0.022641509433962263 0.40869565217391307 0.07547169811320754 0.3804347826086957 0.07547169811320754
1 0.08043478260869565 0.34339622641509426 0.11739130434782609 0.34339622641509426 0.11739130434782609 0.4075471698113207 0.08043478260869565 0.4075471698113207
2 0.23043478260869565 0.5962264150943396 0.26521739130434785 0.5962264150943396 0.26521739130434785 0.6566037735849056 0.23043478260869565 0.6566037735849056
