2 0.8467741935483871 0.4279661016949153 0.8642473118279571 0.4279661016949153 0.8642473118279571 0.4533898305084746 0.8467741935483871 0.4533898305084746
2 0.2903225806451613 0.1843220338983051 0.31048387096774194 0.1843220338983051 0.31048387096774194 0.21398305084745764 0.2903225806451613 0.21398305084745764
2 0.28897849462365593 0.6610169491525424 0.30913978494623656 0.6610169491525424 0.30913978494623656 0.6927966101694916 0.28897849462365593 0.6927966101694916
2 0.41263440860215056 0.3199152542372881 0.435483870967742 0.3199152542372881 0.435483870967742 0.3538135593220339 0.41263440860215056 0.3538135593220339
2 0.4112903225806452 0.0826271186440678 0.43279569892473124 0.0826271186440678 0.43279569892473124 0.11652542372881355 0.4112903225806452 0.11652542372881355
2 0.18682795698924734 0.3199152542372881 0.20833333333333334 0.3199152542372881 0.20833333333333334 0.3538135593220339 0.18682795698924734 0.3538135593220339
2 0.7876344086021506 0.4258474576271186 0.8077956989247312 0.4258474576271186 0.8077956989247312 0.4555084745762712 0.7876344086021506 0.4555084745762712
2 0.2916666666666667 0.902542372881356 0.30913978494623656 0.902542372881356 0.30913978494623656 0.9279661016949152 0.2916666666666667 0.9279661016949152
2 0.5376344086021506 0.3220338983050847 0.5577956989247312 0.3220338983050847 0.5577956989247312 0.3516949152542373 0.5376344086021506 0.3516949152542373
0 0.2755376344086022 0.6949152542372882 0.32795698924731187 0.6949152542372882 0.32795698924731187 0.771186440677966 0.2755376344086022 0.771186440677966
