1 0.18774703557312253 0.6717391304347826 0.21739130434782608 0.6717391304347826 0.21739130434782608 0.7043478260869566 0.18774703557312253 0.7043478260869566
1 0.7727272727272727 0.3869565217391304 0.8023715415019763 0.3869565217391304 0.8023715415019763 0.4217391304347826 0.7727272727272727 0.4217391304347826
1 0.16996047430830039 0.3695652173913043 0.2015810276679842 0.3695652173913043 0.2015810276679842 0.40217391304347827 0.16996047430830039 0.40217391304347827
1 0.7588932806324109 0.7260869565217392 0.7905138339920947 0.7260869565217392 0.7905138339920947 0.7608695652173914 0.7588932806324109 0.7608695652173914
1 0.5395256916996047 0.44130434782608696 0.5711462450592886 0.44130434782608696 0.5711462450592886 0.47608695652173916 0.5395256916996047 0.47608695652173916
1 0.7569169960474308 0.8804347826086957 0.7924901185770751 0.8804347826086957 0.7924901185770751 0.9173913043478261 0.7569169960474308 0.9173913043478261
1 0.1324110671936759 0.26304347826086955 0.16205533596837945 0.26304347826086955 0.16205533596837945 0.29782608695652174 0.1324110671936759 0.29782608695652174
1 0.4130434782608695 0.6217391304347826 0.4446640316205533 0.6217391304347826 0.4446640316205533 0.6565217391304348 0.4130434782608695 0.6565217391304348
1 0.42292490118577075 0.11739130434782609 0.45454545454545453 0.11739130434782609 0.45454545454545453 0.15 0.42292490118577075 0.15
1 0.5375494071146245 0.6217391304347826 0.5691699604743083 0.6217391304347826 0.5691699604743083 0.658695652173913 0.5375494071146245 0.658695652173913
1 0.4822134387351779 0.7195652173913045 0.5177865612648221 0.7195652173913045 0.5177865612648221 0.7565217391304349 0.4822134387351779 0.7565217391304349
2 0.1324110671936759 0.3695652173913043 0.1600790513833992 0.3695652173913043 0.1600790513833992 0.4 0.1324110671936759 0.4
2 0.308300395256917 0.43913043478260877 0.3359683794466403 0.43913043478260877 0.3359683794466403 0.4695652173913044 0.308300395256917 0.4695652173913044
2 0.7584469378780418 0.6297685600903745 0.7880912066527453 0.6297685600903745 0.7880912066527453 0.6602033426990702 0.7584469378780418 0.6602033426990702
