0 0.7199434229137199 0.3532934131736527 0.7355021216407355 0.3532934131736527 0.7355021216407355 0.38105606967882416 0.7199434229137199 0.38105606967882416
1 0.5847241867043848 0.22972237343494828 0.596039603960396 0.22972237343494828 0.596039603960396 0.2520413718018508 0.5847241867043848 0.2520413718018508
1 0.5015558698727015 0.23026673924877517 0.5123055162659123 0.23026673924877517 0.5123055162659123 0.25149700598802394 0.5015558698727015 0.25149700598802394
1 0.7243766767463842 0.23280977261756544 0.7348434377081947 0.23280977261756544 0.7348434377081947 0.2529513077291604 0.7243766767463842 0.2529513077291604
0 0.8169731258840165 0.49047359825802933 0.8320631130401516 0.49047359825802933 0.8320631130401516 0.5189673949901661 0.8169731258840165 0.5189673949901661
1 0.5018387553041019 0.07343244587078038 0.512432164507019 0.07343244587078038 0.512432164507019 0.0936958376868696 0.5018387553041019 0.0936958376868696
1 0.5838755304101839 0.497550353837779 0.5954738330975955 0.497550353837779 0.5954738330975955 0.5193249863908547 0.5838755304101839 0.5193249863908547
0 0.0853047520417789 0.48884050081654884 0.10209205178631502 0.48884050081654884 0.10209205178631502 0.5196336175084874 0.0853047520417789 0.5196336175084874
1 0.500990099009901 0.8677191072400653 0.5134370579915134 0.8677191072400653 0.5134370579915134 0.8927599346761024 0.500990099009901 0.8927599346761024
0 0.27864214992927866 0.35547087642896025 0.29306930693069305 0.35547087642896025 0.29306930693069305 0.38160043549265105 0.27864214992927866 0.38160043549265105
1 0.18478751082493805 0.23347599513588657 0.1955371572181488 0.23347599513588657 0.1955371572181488 0.25361753024748157 0.18478751082493805 0.25361753024748157
0 0.9142857142857143 0.48938486663037556 0.9281471004243281 0.48938486663037556 0.9281471004243281 0.5144256940664126 0.9142857142857143 0.5144256940664126
0 0.1811395891659215 0.4882961350027216 0.19880928037602472 0.4882961350027216 0.19880928037602472 0.5193329651036489 0.1811395891659215 0.5193329651036489
1 0.6667609618104667 0.4964616222101252 0.6777934936350778 0.4964616222101252 0.6777934936350778 0.5182362547632009 0.6667609618104667 0.5182362547632009
1 0.33622412969382975 0.49700598802395196 0.3481390529840079 0.49700598802395196 0.3481390529840079 0.5236878916142641 0.33622412969382975 0.5236878916142641
1 0.28137809117354107 0.23341905614003658 0.29212773756675187 0.23341905614003658 0.29212773756675187 0.25410495706545844 0.28137809117354107 0.25410495706545844
1 0.18504080730715125 0.36642311041414233 0.19550756826896173 0.36642311041414233 0.19550756826896173 0.3865646455257373 0.18504080730715125 0.3865646455257373
1 0.18488042389467832 0.5754516042108742 0.19560048133870211 0.5754516042108742 0.19560048133870211 0.5987454562137307 0.18488042389467832 0.5987454562137307
1 0.7233380480905234 0.869896570495373 0.7335219236209335 0.869896570495373 0.7335219236209335 0.8916712030484486 0.7233380480905234 0.8916712030484486
1 0.91642214949581 0.7245508982035929 0.9258840169731261 0.7245508982035929 0.9258840169731261 0.7474222410971164 0.91642214949581 0.7474222410971164
1 0.583026874115983 0.869896570495373 0.5954738330975955 0.869896570495373 0.5954738330975955 0.8933043004899293 0.583026874115983 0.8933043004899293
0 0.7210749646393211 0.4888405008165487 0.734936350777935 0.4888405008165487 0.734936350777935 0.5144256940664126 0.7210749646393211 0.5144256940664126
1 0.7241233802641709 0.5802939575394669 0.7332390381895334 0.5802939575394669 0.7332390381895334 0.6010447761735326 0.7241233802641709 0.6010447761735326
1 0.7236209335219236 0.7261839956450735 0.7335219236209335 0.7261839956450735 0.7335219236209335 0.7474142623843223 0.7236209335219236 0.7474142623843223
0 0.27920792079207923 0.48992923244420244 0.2925035360678925 0.48992923244420244 0.2925035360678925 0.5149700598802395 0.27920792079207923 0.5149700598802395
1 0.18387553041018387 0.869896570495373 0.19519094766619519 0.869896570495373 0.19519094766619519 0.8927599346761024 0.18387553041018387 0.8927599346761024
1 0.9161392640644097 0.5797495917256393 0.9269226456289863 0.5797495917256393 0.9269226456289863 0.603587809542323 0.9161392640644097 0.603587809542323
1 0.4175388967468175 0.22645617855198694 0.4305516265912305 0.22645617855198694 0.4305516265912305 0.25149700598802394 0.4175388967468175 0.25149700598802394
1 0.08910891089108908 0.5790833692073185 0.09989229245566598 0.5790833692073185 0.09989229245566598 0.6034659528378286 0.08910891089108908 0.6034659528378286
1 0.41725601131541723 0.4977371282509175 0.43083451202263084 0.4977371282509175 0.43083451202263084 0.5238666873146083 0.41725601131541723 0.5238666873146083
1 0.4186704384724187 0.8660860097985846 0.43224893917963225 0.8660860097985846 0.43224893917963225 0.8927599346761024 0.4186704384724187 0.8927599346761024
1 0.2808123203107405 0.5798145094342838 0.2915619667039513 0.5798145094342838 0.2915619667039513 0.6005004103597057 0.2808123203107405 0.6005004103597057
1 0.08813360635578167 0.7229178007621111 0.0993898457134187 0.7229178007621111 0.0993898457134187 0.7484540337289202 0.08813360635578167 0.7484540337289202
1 0.8187855903702106 0.23317788141239174 0.8302105055846787 0.23317788141239174 0.8302105055846787 0.2558294470353098 0.8187855903702106 0.2558294470353098
1 0.8180931712663034 0.3664223850766156 0.8298642960327249 0.3664223850766156 0.8298642960327249 0.3864090606262492 0.8180931712663034 0.3864090606262492
1 0.8194780094741179 0.8754163890739507 0.8302105055846787 0.8754163890739507 0.8302105055846787 0.894736842105263 0.8194780094741179 0.894736842105263
1 0.2807759466343513 0.871419053964024 0.2925470714007729 0.871419053964024 0.2925470714007729 0.8947368421052633 0.2807759466343513 0.8947368421052633
