0 0.541015625 0.4739583333333333 0.5634765625 0.4739583333333333 0.5634765625 0.5052083333333333 0.541015625 0.5052083333333333
1 0.1552734375 0.12630208333333331 0.1708984375 0.12630208333333331 0.1708984375 0.14583333333333331 0.1552734375 0.14583333333333331
1 0.443359375 0.28515625 0.4609375 0.28515625 0.4609375 0.30859375 0.443359375 0.30859375
1 0.2509765625 0.8333333333333333 0.2685546875 0.8333333333333333 0.2685546875 0.85546875 0.2509765625 0.85546875
1 0.154296875 0.8333333333333333 0.1708984375 0.8333333333333333 0.1708984375 0.85546875 0.154296875 0.85546875
1 0.3955078125 0.83203125 0.4130859375 0.83203125 0.4130859375 0.85546875 0.3955078125 0.85546875
1 0.39453125 0.6705729166666666 0.4130859375 0.6705729166666666 0.4130859375 0.6953125 0.39453125 0.6953125
1 0.396484375 0.4140625 0.4130859375 0.4140625 0.4130859375 0.43619791666666663 0.396484375 0.43619791666666663
1 0.734375 0.83203125 0.75390625 0.83203125 0.75390625 0.8567708333333333 0.734375 0.8567708333333333
1 0.396484375 0.125 0.4130859375 0.125 0.4130859375 0.14713541666666666 0.396484375 0.14713541666666666
1 0.2509765625 0.5442708333333333 0.2685546875 0.5442708333333333 0.2685546875 0.56640625 0.2509765625 0.56640625
1 0.1533203125 0.5416666666666666 0.171875 0.5416666666666666 0.171875 0.56640625 0.1533203125 0.56640625
1 0.396484375 0.15625 0.4130859375 0.15625 0.4130859375 0.1796875 0.396484375 0.1796875
1 0.39453125 0.4765625 0.4140625 0.4765625 0.4140625 0.50390625 0.39453125 0.50390625
2 0.0576171875 0.9348958333333333 0.08203125 0.9348958333333333 0.08203125 0.9661458333333333 0.0576171875 0.9661458333333333
