1 0.6321070234113713 0.0020491803278688526 0.6471571906354515 0.0020491803278688526 0.6471571906354515 0.020491803278688527 0.6321070234113713 0.020491803278688527
1 0.6655518394648829 0.9713114754098361 0.6806020066889632 0.9713114754098361 0.6806020066889632 0.9897540983606558 0.6655518394648829 0.9897540983606558
1 0.7876254180602007 0.8627049180327869 0.802675585284281 0.8627049180327869 0.802675585284281 0.8811475409836066 0.7876254180602007 0.8811475409836066
1 0.8294314381270903 0.8627049180327869 0.8444816053511706 0.8627049180327869 0.8444816053511706 0.8811475409836066 0.8294314381270903 0.8811475409836066
1 0.6220735785953178 0.9713114754098361 0.637123745819398 0.9713114754098361 0.637123745819398 0.9897540983606558 0.6220735785953178 0.9897540983606558
1 0.19732441471571907 0.0020491803278688526 0.21237458193979933 0.0020491803278688526 0.21237458193979933 0.020491803278688527 0.19732441471571907 0.020491803278688527
1 0.5 0.9713114754098361 0.5150501672240803 0.9713114754098361 0.5150501672240803 0.9897540983606558 0.5 0.9897540983606558
1 0.2792642140468227 0.16598360655737707 0.294314381270903 0.16598360655737707 0.294314381270903 0.1864754098360656 0.2792642140468227 0.1864754098360656
1 0.47157190635451507 0.0020491803278688526 0.4866220735785953 0.0020491803278688526 0.4866220735785953 0.020491803278688527 0.47157190635451507 0.020491803278688527
1 0.8729096989966555 0.8627049180327869 0.8879598662207357 0.8627049180327869 0.8879598662207357 0.8811475409836066 0.8729096989966555 0.8811475409836066
1 0.2792642140468227 0.0020491803278688526 0.294314381270903 0.0020491803278688526 0.294314381270903 0.020491803278688527 0.2792642140468227 0.020491803278688527
0 0.2709030100334448 0.3852459016393443 0.29933110367892973 0.3852459016393443 0.29933110367892973 0.42418032786885246 0.2709030100334448 0.42418032786885246
1 0.4230769230769231 0.5 0.43812709030100333 0.5 0.43812709030100333 0.5204918032786886 0.4230769230769231 0.5204918032786886
0 0.1939799331103679 0.3831967213114754 0.22240802675585283 0.3831967213114754 0.22240802675585283 0.42213114754098363 0.1939799331103679 0.42213114754098363
1 0.4983277591973244 0.22745901639344263 0.5150501672240803 0.22745901639344263 0.5150501672240803 0.24795081967213117 0.4983277591973244 0.24795081967213117
1 0.4431438127090301 0.7274590163934427 0.4598662207357859 0.7274590163934427 0.4598662207357859 0.7479508196721312 0.4431438127090301 0.7479508196721312
1 0.4983277591973244 0.39139344262295084 0.5150501672240803 0.39139344262295084 0.5150501672240803 0.4118852459016394 0.4983277591973244 0.4118852459016394
1 0.8712374581939799 0.7827868852459017 0.8896321070234113 0.7827868852459017 0.8896321070234113 0.8032786885245902 0.8712374581939799 0.8032786885245902
1 0.4983277591973244 0.3176229508196721 0.5150501672240803 0.3176229508196721 0.5150501672240803 0.33606557377049184 0.4983277591973244 0.33606557377049184
1 0.09866220735785954 0.3504098360655738 0.11538461538461538 0.3504098360655738 0.11538461538461538 0.3709016393442623 0.09866220735785954 0.3709016393442623
1 0.4983277591973244 0.6147540983606558 0.5150501672240803 0.6147540983606558 0.5150501672240803 0.6352459016393442 0.4983277591973244 0.6352459016393442
1 0.4431438127090301 0.9713114754098361 0.45819397993311034 0.9713114754098361 0.45819397993311034 0.9918032786885247 0.4431438127090301 0.9918032786885247
1 0.6655518394648829 0.8934426229508197 0.6806020066889632 0.8934426229508197 0.6806020066889632 0.9118852459016394 0.6655518394648829 0.9118852459016394
1 0.4431438127090301 0.22745901639344263 0.4598662207357859 0.22745901639344263 0.4598662207357859 0.24795081967213117 0.4431438127090301 0.24795081967213117
1 0.36789297658862874 0.16803278688524592 0.382943143812709 0.16803278688524592 0.382943143812709 0.1864754098360656 0.36789297658862874 0.1864754098360656
1 0.4983277591973244 0.5307377049180328 0.5150501672240803 0.5307377049180328 0.5150501672240803 0.5512295081967213 0.4983277591973244 0.5512295081967213
0 0.27591973244147155 0.2602459016393443 0.30267558528428096 0.2602459016393443 0.30267558528428096 0.29508196721311475 0.27591973244147155 0.29508196721311475
1 0.7107023411371237 0.0020491803278688526 0.725752508361204 0.0020491803278688526 0.725752508361204 0.020491803278688527 0.7107023411371237 0.020491803278688527
1 0.9314381270903009 0.5 0.9481605351170569 0.5 0.9481605351170569 0.5204918032786886 0.9314381270903009 0.5204918032786886
1 0.8210702341137124 0.1209016393442623 0.8394648829431438 0.1209016393442623 0.8394648829431438 0.14139344262295084 0.8210702341137124 0.14139344262295084
1 0.2391304347826087 0.6372950819672132 0.25585284280936454 0.6372950819672132 0.25585284280936454 0.6577868852459017 0.2391304347826087 0.6577868852459017
1 0.8963210702341137 0.1209016393442623 0.9130434782608695 0.1209016393442623 0.9130434782608695 0.14139344262295084 0.8963210702341137 0.14139344262295084
1 0.5752508361204013 0.22745901639344263 0.5919732441471571 0.22745901639344263 0.5919732441471571 0.24795081967213117 0.5752508361204013 0.24795081967213117
1 0.1956521739130435 0.26639344262295084 0.2140468227424749 0.26639344262295084 0.2140468227424749 0.2868852459016394 0.1956521739130435 0.2868852459016394
1 0.4431438127090301 0.6434426229508197 0.4598662207357859 0.6434426229508197 0.4598662207357859 0.6639344262295083 0.4431438127090301 0.6639344262295083
1 0.4983277591973244 0.6721311475409837 0.5150501672240803 0.6721311475409837 0.5150501672240803 0.6926229508196722 0.4983277591973244 0.6926229508196722
1 0.7876254180602007 0.1209016393442623 0.8043478260869565 0.1209016393442623 0.8043478260869565 0.14139344262295084 0.7876254180602007 0.14139344262295084
1 0.12040133779264214 0.5 0.13712374581939799 0.5 0.13712374581939799 0.5204918032786886 0.12040133779264214 0.5204918032786886
1 0.08528428093645485 0.5 0.10033444816053512 0.5 0.10033444816053512 0.5204918032786886 0.08528428093645485 0.5204918032786886
1 0.4431438127090301 0.778688524590164 0.4598662207357859 0.778688524590164 0.4598662207357859 0.7991803278688525 0.4431438127090301 0.7991803278688525
1 0.6287625418060201 0.5 0.6471571906354515 0.5 0.6471571906354515 0.5204918032786886 0.6287625418060201 0.5204918032786886
1 0.13377926421404682 0.3524590163934426 0.14882943143812707 0.3524590163934426 0.14882943143812707 0.3709016393442623 0.13377926421404682 0.3709016393442623
1 0.46989966555183943 0.11885245901639345 0.4882943143812709 0.11885245901639345 0.4882943143812709 0.13934426229508198 0.46989966555183943 0.13934426229508198
1 0.7876254180602007 0.5 0.8043478260869565 0.5 0.8043478260869565 0.5204918032786886 0.7876254180602007 0.5204918032786886
1 0.1956521739130435 0.5430327868852459 0.2140468227424749 0.5430327868852459 0.2140468227424749 0.5635245901639344 0.1956521739130435 0.5635245901639344
0 0.49665551839464883 0.7704918032786886 0.5250836120401338 0.7704918032786886 0.5250836120401338 0.8073770491803279 0.49665551839464883 0.8073770491803279
0 0.6270903010033445 0.30942622950819676 0.6555183946488294 0.30942622950819676 0.6555183946488294 0.3442622950819672 0.6270903010033445 0.3442622950819672
1 0.8327759197324415 0.5 0.8494983277591973 0.5 0.8494983277591973 0.5204918032786886 0.8327759197324415 0.5204918032786886
1 0.2792642140468227 0.5430327868852459 0.29598662207357856 0.5430327868852459 0.29598662207357856 0.5635245901639344 0.2792642140468227 0.5635245901639344
1 0.35451505016722407 0.5 0.3695652173913043 0.5 0.3695652173913043 0.5184426229508197 0.35451505016722407 0.5184426229508197
0 0.6270903010033445 0.6659836065573771 0.6538461538461539 0.6659836065573771 0.6538461538461539 0.7008196721311476 0.6270903010033445 0.7008196721311476
0 0.4397993311036789 0.2602459016393443 0.46655518394648826 0.2602459016393443 0.46655518394648826 0.29508196721311475 0.4397993311036789 0.29508196721311475
0 0.5 0.49590163934426235 0.5250836120401338 0.49590163934426235 0.5250836120401338 0.5266393442622951 0.5 0.5266393442622951
2 0.7123745819397993 0.0860655737704918 0.7240802675585284 0.0860655737704918 0.7240802675585284 0.10040983606557377 0.7123745819397993 0.10040983606557377
0 0.44481605351170567 0.49590163934426235 0.46655518394648826 0.49590163934426235 0.46655518394648826 0.5245901639344263 0.44481605351170567 0.5245901639344263
2 0.05351170568561873 0.4323770491803279 0.06521739130434782 0.4323770491803279 0.06521739130434782 0.44672131147540983 0.05351170568561873 0.44672131147540983
2 0.09866220735785954 0.43442622950819676 0.11204013377926421 0.43442622950819676 0.11204013377926421 0.45081967213114754 0.09866220735785954 0.45081967213114754
2 0.08695652173913043 0.5881147540983607 0.09866220735785954 0.5881147540983607 0.09866220735785954 0.6045081967213115 0.08695652173913043 0.6045081967213115
2 0.12040133779264214 0.6127049180327869 0.13377926421404682 0.6127049180327869 0.13377926421404682 0.6290983606557378 0.12040133779264214 0.6290983606557378
2 0.8963210702341137 0.2069672131147541 0.9096989966555183 0.2069672131147541 0.9096989966555183 0.2213114754098361 0.8963210702341137 0.2213114754098361
1 0.7040133779264214 0.9754098360655739 0.7123745819397993 0.9754098360655739 0.7123745819397993 0.9877049180327869 0.7040133779264214 0.9877049180327869
2 0.7190635451505016 0.9139344262295083 0.7307692307692307 0.9139344262295083 0.7307692307692307 0.9303278688524591 0.7190635451505016 0.9303278688524591
2 0.6354515050167224 0.08401639344262296 0.6488294314381271 0.08401639344262296 0.6488294314381271 0.10450819672131148 0.6354515050167224 0.10450819672131148
