1 0.3211517165005537 0.9040735873850198 0.34994462901439644 0.9040735873850198 0.34994462901439644 0.9395532194480947 0.3211517165005537 0.9395532194480947
1 0.46511627906976744 0.5256241787122208 0.49612403100775193 0.5256241787122208 0.49612403100775193 0.5624178712220762 0.46511627906976744 0.5624178712220762
1 0.7541528239202657 0.9027595269382391 0.7840531561461793 0.9027595269382391 0.7840531561461793 0.9395532194480947 0.7541528239202657 0.9395532194480947
1 0.5813953488372092 0.9040735873850198 0.610188261351052 0.9040735873850198 0.610188261351052 0.938239159001314 0.5813953488372092 0.938239159001314
0 0.4662236987818383 0.3180026281208936 0.4939091915836102 0.3180026281208936 0.4939091915836102 0.34822601839684625 0.4662236987818383 0.34822601839684625
1 0.46511627906976744 0.9027595269382391 0.49612403100775193 0.9027595269382391 0.49612403100775193 0.9395532194480947 0.46511627906976744 0.9395532194480947
1 0.17497231450719822 0.5243101182654403 0.2070874861572536 0.5243101182654403 0.2070874861572536 0.5624178712220762 0.17497231450719822 0.5624178712220762
1 0.1760797342192691 0.9027595269382391 0.2070874861572536 0.9027595269382391 0.2070874861572536 0.9395532194480947 0.1760797342192691 0.9395532194480947
1 0.7541528239202657 0.45729303547963207 0.7840531561461793 0.45729303547963207 0.7840531561461793 0.49408672798948755 0.7541528239202657 0.49408672798948755
1 0.4662236987818383 0.04730617608409987 0.49501661129568103 0.04730617608409987 0.49501661129568103 0.08147174770039423 0.4662236987818383 0.08147174770039423
1 0.3211517165005537 0.8002628120893561 0.34994462901439644 0.8002628120893561 0.34994462901439644 0.8370565045992115 0.3211517165005537 0.8370565045992115
1 0.3787375415282392 0.21024967148488832 0.4086378737541528 0.21024967148488832 0.4086378737541528 0.24441524310118265 0.3787375415282392 0.24441524310118265
1 0.3222591362126246 0.21156373193166886 0.34994462901439644 0.21156373193166886 0.34994462901439644 0.24441524310118265 0.3222591362126246 0.24441524310118265
1 0.46511627906976744 0.6990801576872536 0.49501661129568103 0.6990801576872536 0.49501661129568103 0.7345597897503285 0.46511627906976744 0.7345597897503285
2 0.3599114064230343 0.3968462549277267 0.3776301218161683 0.3968462549277267 0.3776301218161683 0.4191852825229961 0.3599114064230343 0.4191852825229961
2 0.5016611295681063 0.32982917214191854 0.5171650055370985 0.32982917214191854 0.5171650055370985 0.3469119579500657 0.5016611295681063 0.3469119579500657
2 0.24031007751937983 0.3272010512483574 0.2591362126245847 0.3272010512483574 0.2591362126245847 0.3495400788436268 0.24031007751937983 0.3495400788436268
