1 0.6741071428571429 0.3203285420944558 0.7038690476190477 0.3203285420944558 0.7038690476190477 0.3613963039014374 0.6741071428571429 0.3613963039014374
1 0.25297619047619047 0.08213552361396304 0.28720238095238093 0.08213552361396304 0.28720238095238093 0.12525667351129363 0.25297619047619047 0.12525667351129363
1 0.5029761904761905 0.188911704312115 0.5327380952380952 0.188911704312115 0.5327380952380952 0.2299794661190965 0.5029761904761905 0.2299794661190965
1 0.5401785714285714 0.946611909650924 0.5714285714285714 0.946611909650924 0.5714285714285714 0.9917864476386037 0.5401785714285714 0.9917864476386037
1 0.5401785714285714 0.6344969199178645 0.5714285714285714 0.6344969199178645 0.5714285714285714 0.6776180698151951 0.5401785714285714 0.6776180698151951
1 0.40625 0.08418891170431211 0.4375 0.08418891170431211 0.4375 0.12525667351129363 0.40625 0.12525667351129363
1 0.8244047619047619 0.5277207392197125 0.8571428571428571 0.5277207392197125 0.8571428571428571 0.5728952772073922 0.8244047619047619 0.5728952772073922
1 0.10267857142857142 0.8418891170431212 0.1324404761904762 0.8418891170431212 0.1324404761904762 0.8829568788501027 0.10267857142857142 0.8829568788501027
1 0.40773809523809523 0.3203285420944558 0.4375 0.3203285420944558 0.4375 0.3613963039014374 0.40773809523809523 0.3613963039014374
1 0.2544642857142857 0.9486652977412731 0.2857142857142857 0.9486652977412731 0.2857142857142857 0.9897330595482546 0.2544642857142857 0.9897330595482546
1 0.25297619047619047 0.5277207392197125 0.2857142857142857 0.5277207392197125 0.2857142857142857 0.5728952772073922 0.25297619047619047 0.5728952772073922
1 0.6726190476190478 0.08213552361396304 0.705357142857143 0.08213552361396304 0.705357142857143 0.12525667351129363 0.6726190476190478 0.12525667351129363
2 0.25595238095238093 0.8459958932238193 0.28273809523809523 0.8459958932238193 0.28273809523809523 0.8829568788501027 0.25595238095238093 0.8829568788501027
1 0.005952380952380952 0.7371663244353183 0.03869047619047619 0.7371663244353183 0.03869047619047619 0.7823408624229979 0.005952380952380952 0.7823408624229979
