0 0.6722408026755853 0.7384305835010061 0.7006688963210702 0.7384305835010061 0.7006688963210702 0.7746478873239437 0.6722408026755853 0.7746478873239437
1 0.677257525083612 0.7967806841046279 0.6989966555183946 0.7967806841046279 0.6989966555183946 0.8229376257545272 0.677257525083612 0.8229376257545272
0 0.6739130434782609 0.2655935613682093 0.7006688963210702 0.2655935613682093 0.7006688963210702 0.295774647887324 0.6739130434782609 0.295774647887324
1 0.8913043478260869 0.7484909456740443 0.9130434782608695 0.7484909456740443 0.9130434782608695 0.7746478873239437 0.8913043478260869 0.7746478873239437
1 0.36454849498327757 0.3883299798792757 0.3896321070234114 0.3883299798792757 0.3896321070234114 0.4164989939637827 0.36454849498327757 0.4164989939637827
0 0.6739130434782609 0.19315895372233402 0.7006688963210702 0.19315895372233402 0.7006688963210702 0.22937625754527166 0.6739130434782609 0.22937625754527166
1 0.6755852842809364 0.5050301810865192 0.6989966555183946 0.5050301810865192 0.6989966555183946 0.5331991951710262 0.6755852842809364 0.5331991951710262
1 0.7525083612040133 0.3279678068410463 0.7759197324414716 0.3279678068410463 0.7759197324414716 0.3541247484909457 0.7525083612040133 0.3541247484909457
1 0.28929765886287623 0.39235412474849096 0.31270903010033446 0.39235412474849096 0.31270903010033446 0.4164989939637827 0.28929765886287623 0.4164989939637827
1 0.8913043478260869 0.5070422535211268 0.9130434782608695 0.5070422535211268 0.9130434782608695 0.5331991951710262 0.8913043478260869 0.5331991951710262
1 0.6755852842809364 0.08651911468812878 0.6989966555183946 0.08651911468812878 0.6989966555183946 0.11267605633802819 0.6755852842809364 0.11267605633802819
1 0.7491638795986622 0.14688128772635817 0.7709030100334449 0.14688128772635817 0.7709030100334449 0.17303822937625757 0.7491638795986622 0.17303822937625757
2 0.782608695652174 0.09054325955734407 0.7976588628762542 0.09054325955734407 0.7976588628762542 0.10663983903420524 0.782608695652174 0.10663983903420524
2 0.782608695652174 0.06438631790744467 0.7959866220735786 0.06438631790744467 0.7959866220735786 0.0824949698189135 0.782608695652174 0.0824949698189135
