1 0.4825 0.875 0.51 0.875 0.51 0.9166666666666666 0.4825 0.9166666666666666
1 0.79 0.3020833333333333 0.82 0.3020833333333333 0.82 0.34375 0.79 0.34375
2 0.8725 0.42361111111111105 0.905 0.42361111111111105 0.905 0.4687499999999999 0.8725 0.4687499999999999
2 0.4825 0.04166666666666666 0.5075 0.04166666666666666 0.5075 0.07291666666666666 0.4825 0.07291666666666666
1 0.795 0.5555555555555556 0.82 0.5555555555555556 0.82 0.5902777777777778 0.795 0.5902777777777778
2 0.4825 0.0763888888888889 0.5075 0.0763888888888889 0.5075 0.11458333333333333 0.4825 0.11458333333333333
2 0.2825 0.8715277777777779 0.30749999999999994 0.8715277777777779 0.30749999999999994 0.9131944444444444 0.2825 0.9131944444444444
1 0.1675 0.5486111111111112 0.2 0.5486111111111112 0.2 0.59375 0.1675 0.59375
1 0.28 0.3020833333333333 0.31250000000000006 0.3020833333333333 0.31250000000000006 0.3472222222222222 0.28 0.3472222222222222
1 0.68 0.5520833333333334 0.705 0.5520833333333334 0.705 0.5902777777777778 0.68 0.5902777777777778
2 0.4825 0.42361111111111105 0.5075 0.42361111111111105 0.5075 0.4618055555555556 0.4825 0.4618055555555556
1 0.1675 0.2986111111111111 0.2 0.2986111111111111 0.2 0.34375 0.1675 0.34375
1 0.28 0.6041666666666666 0.31250000000000006 0.6041666666666666 0.31250000000000006 0.6493055555555556 0.28 0.6493055555555556
2 0.68 0.875 0.7075 0.875 0.7075 0.9131944444444444 0.68 0.9131944444444444
2 0.57 0.5486111111111112 0.5974999999999999 0.5486111111111112 0.5974999999999999 0.5902777777777778 0.57 0.5902777777777778
1 0.68 0.3020833333333333 0.7075 0.3020833333333333 0.7075 0.34375 0.68 0.34375
2 0.0825 0.42013888888888895 0.1175 0.42013888888888895 0.1175 0.4687500000000001 0.0825 0.4687500000000001
