0 0.4124293785310734 0.395 0.4717514124293785 0.395 0.4717514124293785 0.44 0.4124293785310734 0.44
2 0.3502824858757062 0.3275 0.3926553672316384 0.3275 0.3926553672316384 0.365 0.3502824858757062 0.365
2 0.3502824858757062 0.6275000000000001 0.3898305084745763 0.6275000000000001 0.3898305084745763 0.6625 0.3502824858757062 0.6625
2 0.7288135593220338 0.485 0.7740112994350282 0.485 0.7740112994350282 0.5225 0.7288135593220338 0.5225
2 0.022598870056497175 0.4675 0.06779661016949153 0.4675 0.06779661016949153 0.51 0.022598870056497175 0.51
2 0.5790960451977402 0.20500000000000002 0.6242937853107344 0.20500000000000002 0.6242937853107344 0.245 0.5790960451977402 0.245
2 0.4180790960451977 0.56 0.4661016949152542 0.56 0.4661016949152542 0.6 0.4180790960451977 0.6
2 0.5677966101694916 0.41500000000000004 0.6242937853107344 0.41500000000000004 0.6242937853107344 0.46 0.5677966101694916 0.46
2 0.5649717514124294 0.685 0.6242937853107344 0.685 0.6242937853107344 0.7325 0.5649717514124294 0.7325
2 0.7259887005649718 0.35000000000000003 0.7768361581920904 0.35000000000000003 0.7768361581920904 0.395 0.7259887005649718 0.395
2 0.4209039548022599 0.63 0.4604519774011299 0.63 0.4604519774011299 0.665 0.4209039548022599 0.665
2 0.7259887005649718 0.615 0.7768361581920904 0.615 0.7768361581920904 0.66 0.7259887005649718 0.66
