0 0.6561024949426837 0.10699001426533523 0.6709372892784895 0.10699001426533523 0.6709372892784895 0.1369472182596291 0.6561024949426837 0.1369472182596291
0 0.7383681726230613 0.6619115549215406 0.75118004045853 0.6619115549215406 0.75118004045853 0.6861626248216833 0.7383681726230613 0.6861626248216833
0 0.921105866486851 0.4850213980028531 0.9345920431557653 0.4850213980028531 0.9345920431557653 0.5121255349500713 0.921105866486851 0.5121255349500713
0 0.2987188132164531 0.40798858773181174 0.31490222521915034 0.40798858773181174 0.31490222521915034 0.4407988587731812 0.2987188132164531 0.4407988587731812
1 0.8071476736345246 0.5092724679029957 0.8186109238031019 0.5092724679029957 0.8186109238031019 0.5320970042796006 0.8071476736345246 0.5320970042796006
0 0.7376938637896157 0.4850213980028531 0.7518543492919757 0.4850213980028531 0.7518543492919757 0.5121255349500713 0.7376938637896157 0.5121255349500713
0 0.13283884018880648 0.4094151212553495 0.14699932569116655 0.4094151212553495 0.14699932569116655 0.4379457917261056 0.13283884018880648 0.4379457917261056
0 0.8806473364801078 0.48359486447931527 0.8954821308159137 0.48359486447931527 0.8954821308159137 0.5106990014265336 0.8806473364801078 0.5106990014265336
1 0.48887390424814564 0.4864479315263909 0.5037086985839514 0.4864479315263909 0.5037086985839514 0.5178316690442225 0.48887390424814564 0.5178316690442225
1 0.42279163857046526 0.24679029957203996 0.4349291975724882 0.24679029957203996 0.4349291975724882 0.2738944365192582 0.42279163857046526 0.2738944365192582
1 0.8550236008091706 0.6947218259629101 0.865812542144302 0.6947218259629101 0.865812542144302 0.717546362339515 0.8550236008091706 0.717546362339515
0 0.16520566419420094 0.16690442225392296 0.1786918408631153 0.16690442225392296 0.1786918408631153 0.19258202567760344 0.16520566419420094 0.19258202567760344
1 0.8550236008091706 0.5078459343794579 0.865812542144302 0.5078459343794579 0.865812542144302 0.5320970042796006 0.8550236008091706 0.5320970042796006
1 0.6574511126095752 0.24679029957203996 0.6702629804450438 0.24679029957203996 0.6702629804450438 0.2738944365192582 0.6574511126095752 0.2738944365192582
1 0.5407956844234659 0.18687589158345222 0.554956169925826 0.18687589158345222 0.554956169925826 0.21540656205420827 0.5407956844234659 0.21540656205420827
1 0.05866486850977748 0.5649072753209701 0.07080242751180041 0.5649072753209701 0.07080242751180041 0.5920114122681883 0.05866486850977748 0.5920114122681883
0 0.2677006068779501 0.16405135520684735 0.28320971004720163 0.16405135520684735 0.28320971004720163 0.19543509272467904 0.2677006068779501 0.19543509272467904
1 0.48954821308159135 0.3281027104136947 0.5043830074173972 0.3281027104136947 0.5043830074173972 0.3580599144079886 0.48954821308159135 0.3580599144079886
1 0.2164531355360755 0.17118402282453637 0.2306136210384356 0.17118402282453637 0.2306136210384356 0.19971469329529246 0.2164531355360755 0.19971469329529246
1 0.21780175320296696 0.07845934379457918 0.2299393122049899 0.07845934379457918 0.2299393122049899 0.10413694721825963 0.21780175320296696 0.10413694721825963
0 0.2993931220498989 0.16547788873038516 0.31422791638570463 0.16547788873038516 0.31422791638570463 0.19543509272467904 0.2993931220498989 0.19543509272467904
1 0.2164531355360755 0.2796005706134094 0.2306136210384356 0.2796005706134094 0.2306136210384356 0.3081312410841655 0.2164531355360755 0.3081312410841655
1 0.21712744436952125 0.5634807417974322 0.2306136210384356 0.5634807417974322 0.2306136210384356 0.5934379457917262 0.21712744436952125 0.5934379457917262
1 0.758597437626433 0.3495007132667618 0.7700606877950101 0.3495007132667618 0.7700606877950101 0.37089871611982883 0.758597437626433 0.37089871611982883
1 0.05866486850977748 0.24679029957203996 0.07147673634524612 0.24679029957203996 0.07147673634524612 0.275320970042796 0.05866486850977748 0.275320970042796
1 0.16587997302764665 0.41512125534950073 0.1786918408631153 0.41512125534950073 0.1786918408631153 0.4407988587731812 0.16587997302764665 0.4407988587731812
0 0.5846257585974376 0.6604850213980029 0.5987862440997977 0.6604850213980029 0.5987862440997977 0.6875891583452212 0.5846257585974376 0.6875891583452212
1 0.37693863789615645 0.5620542082738944 0.3904248145650708 0.5620542082738944 0.3904248145650708 0.5948644793152639 0.37693863789615645 0.5948644793152639
1 0.3007417397167903 0.07845934379457918 0.3135536075522589 0.07845934379457918 0.3135536075522589 0.10556348074179743 0.3007417397167903 0.10556348074179743
0 0.1335131490222522 0.16833095577746077 0.14632501685772084 0.16833095577746077 0.14632501685772084 0.19258202567760344 0.1335131490222522 0.19258202567760344
1 0.21712744436952125 0.7489300998573467 0.2299393122049899 0.7489300998573467 0.2299393122049899 0.7746077032810271 0.21712744436952125 0.7746077032810271
1 0.27039784221173296 0.4136947218259629 0.28320971004720163 0.4136947218259629 0.28320971004720163 0.4407988587731812 0.27039784221173296 0.4407988587731812
1 0.15037086985839515 0.6248216833095578 0.16250842886041808 0.6248216833095578 0.16250842886041808 0.6504992867332382 0.15037086985839515 0.6504992867332382
1 0.5380984490896831 0.7503566333808844 0.550236008091706 0.7503566333808844 0.550236008091706 0.7746077032810271 0.5380984490896831 0.7746077032810271
1 0.16587997302764665 0.08273894436519258 0.1786918408631153 0.08273894436519258 0.1786918408631153 0.10413694721825963 0.16587997302764665 0.10413694721825963
1 0.3749157113958193 0.24536376604850216 0.38975050573162506 0.24536376604850216 0.38975050573162506 0.2767475035663338 0.3749157113958193 0.2767475035663338
1 0.2852326365475388 0.62339514978602 0.2987188132164531 0.62339514978602 0.2987188132164531 0.651925820256776 0.2852326365475388 0.651925820256776
1 0.9015509103169251 0.34807417974322397 0.9136884693189481 0.34807417974322397 0.9136884693189481 0.3723252496433666 0.9015509103169251 0.3723252496433666
1 0.26972353337828725 0.07845934379457918 0.2825354012137559 0.07845934379457918 0.2825354012137559 0.10556348074179743 0.26972353337828725 0.10556348074179743
1 0.1341874578556979 0.08131241084165478 0.14565070802427513 0.08131241084165478 0.14565070802427513 0.10413694721825963 0.1341874578556979 0.10413694721825963
1 0.8307484828051247 0.4165477888730385 0.842211732973702 0.4165477888730385 0.842211732973702 0.4379457917261056 0.8307484828051247 0.4379457917261056
1 0.8071476736345246 0.6932952924393724 0.8179366149696561 0.6932952924393724 0.8179366149696561 0.7161198288159772 0.8071476736345246 0.7161198288159772
0 0.5853000674308834 0.4850213980028531 0.5994605529332434 0.4850213980028531 0.5994605529332434 0.5135520684736091 0.5853000674308834 0.5135520684736091
1 0.5846257585974376 0.3309557774607703 0.5974376264329062 0.3309557774607703 0.5974376264329062 0.3566333808844508 0.5846257585974376 0.3566333808844508
2 0.5407956844234659 0.0456490727532097 0.5542818610923803 0.0456490727532097 0.5542818610923803 0.07132667617689016 0.5407956844234659 0.07132667617689016
1 0.5866486850977748 0.4664764621968616 0.598111935266352 0.4664764621968616 0.598111935266352 0.4907275320970043 0.5866486850977748 0.4907275320970043
2 0.21780175320296696 0.04850213980028531 0.22926500337154415 0.04850213980028531 0.22926500337154415 0.06990014265335236 0.21780175320296696 0.06990014265335236
2 0.904248145650708 0.049928673323823114 0.9136884693189481 0.049928673323823114 0.9136884693189481 0.06990014265335236 0.904248145650708 0.06990014265335236
1 0.5380984490896831 0.4165477888730385 0.550236008091706 0.4165477888730385 0.550236008091706 0.4407988587731812 0.5380984490896831 0.4407988587731812
2 0.7599460552933244 0.049928673323823114 0.7693863789615644 0.049928673323823114 0.7693863789615644 0.06990014265335236 0.7599460552933244 0.06990014265335236
1 0.7781523937963587 0.5064194008559201 0.7916385704652731 0.5064194008559201 0.7916385704652731 0.5320970042796006 0.7781523937963587 0.5320970042796006
0 0.7801753202966959 0.4907275320970043 0.7936614969656103 0.4907275320970043 0.7936614969656103 0.5121255349500713 0.7801753202966959 0.5121255349500713
