1 0.59130859375 0.42864693446088803 0.61328125 0.42864693446088803 0.61328125 0.45137420718816074 0.59130859375 0.45137420718816074
1 0.59130859375 0.9191331923890064 0.61474609375 0.9191331923890064 0.61474609375 0.9439746300211417 0.59130859375 0.9439746300211417
1 0.59228515625 0.04756871035940804 0.61328125 0.04756871035940804 0.61328125 0.06923890063424948 0.59228515625 0.06923890063424948
1 0.591796875 0.37684989429175475 0.6142578125 0.37684989429175475 0.6142578125 0.4011627906976744 0.591796875 0.4011627906976744
1 0.8662109375 0.5465116279069767 0.888671875 0.5465116279069767 0.888671875 0.5702959830866807 0.8662109375 0.5702959830866807
1 0.775390625 0.7943974630021141 0.79541015625 0.7943974630021141 0.79541015625 0.8165961945031712 0.775390625 0.8165961945031712
1 0.060546875 0.37790697674418605 0.08056640625 0.37790697674418605 0.08056640625 0.4001057082452431 0.060546875 0.4001057082452431
1 0.23486328125 0.2156448202959831 0.25537109375 0.2156448202959831 0.25537109375 0.23890063424947147 0.23486328125 0.23890063424947147
1 0.33837890625 0.04756871035940804 0.35888671875 0.04756871035940804 0.35888671875 0.06871035940803383 0.33837890625 0.06871035940803383
1 0.7744140625 0.5454545454545454 0.796875 0.5454545454545454 0.796875 0.5702959830866807 0.7744140625 0.5702959830866807
1 0.775390625 0.04756871035940804 0.7958984375 0.04756871035940804 0.7958984375 0.06871035940803383 0.775390625 0.06871035940803383
1 0.2880859375 0.4138477801268499 0.30615234375 0.4138477801268499 0.30615234375 0.4334038054968288 0.2880859375 0.4334038054968288
1 0.77490234375 0.2832980972515856 0.7958984375 0.2832980972515856 0.7958984375 0.3070824524312896 0.77490234375 0.3070824524312896
1 0.44921875 0.7167019027484145 0.47021484375 0.7167019027484145 0.47021484375 0.7404862579281185 0.44921875 0.7404862579281185
1 0.4345703125 0.379492600422833 0.453125 0.379492600422833 0.453125 0.39957716701902746 0.4345703125 0.39957716701902746
1 0.77587890625 0.9207188160676533 0.79541015625 0.9207188160676533 0.79541015625 0.9429175475687104 0.77587890625 0.9429175475687104
1 0.4501953125 0.9207188160676533 0.4697265625 0.9207188160676533 0.4697265625 0.9429175475687104 0.4501953125 0.9429175475687104
2 0.59423828125 0.5496828752642706 0.611328125 0.5496828752642706 0.611328125 0.5676532769556025 0.59423828125 0.5676532769556025
2 0.43603515625 0.5496828752642706 0.45361328125 0.5496828752642706 0.45361328125 0.5676532769556025 0.43603515625 0.5676532769556025
2 0.2890625 0.5502114164904862 0.3056640625 0.5502114164904862 0.3056640625 0.5681818181818182 0.2890625 0.5681818181818182
2 0.34033203125 0.2182875264270613 0.35693359375 0.2182875264270613 0.35693359375 0.23625792811839325 0.34033203125 0.23625792811839325
2 0.28857421875 0.5829809725158562 0.30615234375 0.5829809725158562 0.30615234375 0.6020084566596194 0.28857421875 0.6020084566596194
