1 0.05597964376590331 0.6770601336302895 0.06870229007633588 0.6770601336302895 0.06870229007633588 0.6993318485523385 0.05597964376590331 0.6993318485523385
1 0.7824427480916029 0.6726057906458798 0.8002544529262086 0.6726057906458798 0.8002544529262086 0.7037861915367484 0.7824427480916029 0.7037861915367484
1 0.8460559796437659 0.6748329621380846 0.861323155216285 0.6748329621380846 0.861323155216285 0.7015590200445434 0.8460559796437659 0.7015590200445434
1 0.24300254452926212 0.6748329621380846 0.25826972010178123 0.6748329621380846 0.25826972010178123 0.7015590200445434 0.24300254452926212 0.7015590200445434
1 0.4910941475826972 0.6748329621380846 0.5089058524173028 0.6748329621380846 0.5089058524173028 0.7037861915367484 0.4910941475826972 0.7037861915367484
1 0.659033078880407 0.3830734966592428 0.6743002544529261 0.3830734966592428 0.6743002544529261 0.40979955456570155 0.659033078880407 0.40979955456570155
1 0.847328244274809 0.3830734966592428 0.8600508905852415 0.3830734966592428 0.8600508905852415 0.4053452115812918 0.847328244274809 0.4053452115812918
1 0.5330788804071247 0.6748329621380846 0.5483460559796438 0.6748329621380846 0.5483460559796438 0.7015590200445434 0.5330788804071247 0.7015590200445434
1 0.36641221374045796 0.9554565701559021 0.3804071246819338 0.9554565701559021 0.3804071246819338 0.9777282850779512 0.36641221374045796 0.9777282850779512
1 0.1997455470737913 0.3830734966592428 0.21501272264631038 0.3830734966592428 0.21501272264631038 0.40979955456570155 0.1997455470737913 0.40979955456570155
1 0.6603053435114504 0.9554565701559021 0.6717557251908397 0.9554565701559021 0.6717557251908397 0.9777282850779512 0.6603053435114504 0.9777282850779512
1 0.36895674300254455 0.09131403118040088 0.3816793893129771 0.09131403118040088 0.3816793893129771 0.11358574610244987 0.36895674300254455 0.11358574610244987
1 0.6603053435114504 0.09131403118040088 0.6730279898218829 0.09131403118040088 0.6730279898218829 0.11581291759465477 0.6603053435114504 0.11581291759465477
1 0.36768447837150126 0.38084632516703787 0.38295165394402036 0.38084632516703787 0.38295165394402036 0.40979955456570155 0.36768447837150126 0.40979955456570155
1 0.6577608142493638 0.6770601336302895 0.6730279898218829 0.6770601336302895 0.6730279898218829 0.7037861915367484 0.6577608142493638 0.7037861915367484
1 0.7824427480916029 0.38084632516703787 0.7989821882951652 0.38084632516703787 0.7989821882951652 0.41202672605790647 0.7824427480916029 0.41202672605790647
1 0.36641221374045796 0.6770601336302895 0.381679389312977 0.6770601336302895 0.381679389312977 0.7037861915367484 0.36641221374045796 0.7037861915367484
1 0.5330788804071247 0.38084632516703787 0.549618320610687 0.38084632516703787 0.549618320610687 0.40979955456570155 0.5330788804071247 0.40979955456570155
1 0.4910941475826972 0.38084632516703787 0.5089058524173028 0.38084632516703787 0.5089058524173028 0.41202672605790647 0.4910941475826972 0.41202672605790647
1 0.24173027989821882 0.38084632516703787 0.2595419847328244 0.38084632516703787 0.2595419847328244 0.40979955456570155 0.24173027989821882 0.40979955456570155
