0 0.19591346153846154 0.055449330783938815 0.22235576923076925 0.055449330783938815 0.22235576923076925 0.09560229445506692 0.19591346153846154 0.09560229445506692
0 0.37259615384615385 0.05736137667304015 0.3978365384615385 0.05736137667304015 0.3978365384615385 0.09560229445506692 0.37259615384615385 0.09560229445506692
0 0.703125 0.25239005736137665 0.7283653846153847 0.25239005736137665 0.7283653846153847 0.2925430210325048 0.703125 0.2925430210325048
1 0.04447115384615385 0.3097514340344168 0.06730769230769232 0.3097514340344168 0.06730769230769232 0.34608030592734224 0.04447115384615385 0.34608030592734224
1 0.7043269230769231 0.4569789674952199 0.7283653846153847 0.4569789674952199 0.7283653846153847 0.49521988527724664 0.7043269230769231 0.49521988527724664
1 0.5396634615384616 0.1586998087954111 0.5637019230769231 0.1586998087954111 0.5637019230769231 0.1950286806883365 0.5396634615384616 0.1950286806883365
1 0.6105769230769231 0.1586998087954111 0.6322115384615385 0.1586998087954111 0.6322115384615385 0.1950286806883365 0.6105769230769231 0.1950286806883365
1 0.31490384615384615 0.4569789674952199 0.3389423076923077 0.4569789674952199 0.3389423076923077 0.4933078393881453 0.31490384615384615 0.4933078393881453
1 0.46875 0.1586998087954111 0.4903846153846154 0.1586998087954111 0.4903846153846154 0.1931166347992352 0.46875 0.1931166347992352
1 0.3737980769230769 0.4569789674952199 0.3978365384615385 0.4569789674952199 0.3978365384615385 0.4933078393881453 0.3737980769230769 0.4933078393881453
1 0.9266826923076924 0.5468451242829828 0.9507211538461539 0.5468451242829828 0.9507211538461539 0.5869980879541109 0.9266826923076924 0.5869980879541109
2 0.7067307692307693 0.049713193116634795 0.7247596153846154 0.049713193116634795 0.7247596153846154 0.07839388145315487 0.7067307692307693 0.07839388145315487
2 0.13461538461538464 0.5831739961759081 0.15264423076923078 0.5831739961759081 0.15264423076923078 0.6137667304015296 0.13461538461538464 0.6137667304015296
2 0.046875 0.03250478011472275 0.06370192307692309 0.03250478011472275 0.06370192307692309 0.05736137667304015 0.046875 0.05736137667304015
2 0.3762019230769231 0.030592734225621414 0.3942307692307693 0.030592734225621414 0.3942307692307693 0.05927342256214149 0.3762019230769231 0.05927342256214149
2 0.9302884615384616 0.049713193116634795 0.9483173076923077 0.049713193116634795 0.9483173076923077 0.07839388145315487 0.9302884615384616 0.07839388145315487
2 0.20072115384615385 0.030592734225621414 0.21875 0.030592734225621414 0.21875 0.05927342256214149 0.20072115384615385 0.05927342256214149
2 0.24879807692307693 0.07074569789674952 0.26322115384615385 0.07074569789674952 0.26322115384615385 0.09369024856596558 0.24879807692307693 0.09369024856596558
