1 0.5742397137745975 0.8568627450980393 0.6010733452593918 0.8568627450980393 0.6010733452593918 0.8862745098039216 0.5742397137745975 0.8862745098039216
1 0.5706618962432916 0.45098039215686275 0.6064400715563506 0.45098039215686275 0.6064400715563506 0.48823529411764705 0.5706618962432916 0.48823529411764705
1 0.5760286225402504 0.6215686274509804 0.6028622540250447 0.6215686274509804 0.6028622540250447 0.6509803921568628 0.5760286225402504 0.6509803921568628
1 0.7227191413237926 0.8549019607843137 0.7531305903398927 0.8549019607843137 0.7531305903398927 0.8862745098039215 0.7227191413237926 0.8862745098039215
1 0.3559928443649374 0.5254901960784314 0.38640429338103754 0.5254901960784314 0.38640429338103754 0.5607843137254902 0.3559928443649374 0.5607843137254902
1 0.47048300536672627 0.24901960784313726 0.5044722719141324 0.24901960784313726 0.5044722719141324 0.28431372549019607 0.47048300536672627 0.28431372549019607
1 0.35778175313059035 0.8549019607843137 0.38640429338103754 0.8549019607843137 0.38640429338103754 0.8862745098039215 0.35778175313059035 0.8862745098039215
1 0.45796064400715564 0.8588235294117647 0.4847942754919499 0.8588235294117647 0.4847942754919499 0.8862745098039215 0.45796064400715564 0.8862745098039215
1 0.49016100178890876 0.5274509803921569 0.518783542039356 0.5274509803921569 0.518783542039356 0.5588235294117647 0.49016100178890876 0.5588235294117647
2 0.5724508050089445 0.6 0.6046511627906976 0.6 0.6046511627906976 0.6313725490196078 0.5724508050089445 0.6313725490196078
