1 0.15343203230148048 0.7398230088495574 0.180349932705249 0.7398230088495574 0.180349932705249 0.7716814159292035 0.15343203230148048 0.7716814159292035
1 0.15343203230148048 0.6371681415929203 0.17765814266487215 0.6371681415929203 0.17765814266487215 0.6690265486725664 0.15343203230148048 0.6690265486725664
1 0.7348586810228802 0.3646017699115045 0.7604306864064603 0.3646017699115045 0.7604306864064603 0.4000000000000001 0.7348586810228802 0.4000000000000001
1 0.4360699865410498 0.27964601769911507 0.46433378196500674 0.27964601769911507 0.46433378196500674 0.3168141592920354 0.4360699865410498 0.3168141592920354
1 0.5033647375504711 0.27964601769911507 0.5289367429340511 0.27964601769911507 0.5289367429340511 0.31327433628318585 0.5033647375504711 0.31327433628318585
1 0.7348586810228802 0.035398230088495575 0.7604306864064603 0.035398230088495575 0.7604306864064603 0.06902654867256637 0.7348586810228802 0.06902654867256637
1 0.3041722745625841 0.9522123893805312 0.3297442799461642 0.9522123893805312 0.3297442799461642 0.985840707964602 0.3041722745625841 0.985840707964602
1 0.5033647375504711 0.2088495575221239 0.5289367429340511 0.2088495575221239 0.5289367429340511 0.2424778761061947 0.5033647375504711 0.2424778761061947
1 0.4360699865410498 0.035398230088495575 0.4616419919246299 0.035398230088495575 0.4616419919246299 0.06902654867256637 0.4360699865410498 0.06902654867256637
1 0.3028263795423957 0.035398230088495575 0.32974427994616423 0.035398230088495575 0.32974427994616423 0.07079646017699115 0.3028263795423957 0.07079646017699115
1 0.3028263795423957 0.8088495575221237 0.32974427994616423 0.8088495575221237 0.32974427994616423 0.8442477876106192 0.3028263795423957 0.8442477876106192
1 0.7362045760430687 0.17699115044247787 0.7604306864064603 0.17699115044247787 0.7604306864064603 0.2088495575221239 0.7362045760430687 0.2088495575221239
1 0.6002691790040376 0.9486725663716814 0.6285329744279945 0.9486725663716814 0.6285329744279945 0.984070796460177 0.6002691790040376 0.984070796460177
1 0.8209959623149394 0.03716814159292035 0.8465679676985195 0.03716814159292035 0.8465679676985195 0.06902654867256637 0.8209959623149394 0.06902654867256637
1 0.30148048452220727 0.35398230088495575 0.3283983849259758 0.35398230088495575 0.3283983849259758 0.38761061946902653 0.30148048452220727 0.38761061946902653
1 0.5989232839838493 0.7858407079646018 0.6271870794078063 0.7858407079646018 0.6271870794078063 0.8212389380530973 0.5989232839838493 0.8212389380530973
1 0.1103633916554509 0.736283185840708 0.13862718707940783 0.736283185840708 0.13862718707940783 0.7734513274336283 0.1103633916554509 0.7734513274336283
1 0.3714670255720054 0.49380530973451325 0.39569313593539707 0.49380530973451325 0.39569313593539707 0.5256637168141592 0.3714670255720054 0.5256637168141592
1 0.19784656796769853 0.3893805309734513 0.22207267833109018 0.3893805309734513 0.22207267833109018 0.4230088495575221 0.19784656796769853 0.4230088495575221
1 0.7348586810228802 0.5061946902654867 0.7604306864064603 0.5061946902654867 0.7604306864064603 0.5398230088495575 0.7348586810228802 0.5398230088495575
1 0.37012113055181695 0.35221238938053095 0.39703903095558546 0.35221238938053095 0.39703903095558546 0.38761061946902653 0.37012113055181695 0.38761061946902653
1 0.1103633916554509 0.6371681415929203 0.1372812920592194 0.6371681415929203 0.1372812920592194 0.6707964601769911 0.1103633916554509 0.6707964601769911
1 0.7362045760430687 0.6814159292035398 0.7617765814266487 0.6814159292035398 0.7617765814266487 0.71858407079646 0.7362045760430687 0.71858407079646
1 0.2489905787348587 0.3893805309734513 0.27456258411843876 0.3893805309734513 0.27456258411843876 0.4230088495575221 0.2489905787348587 0.4230088495575221
1 0.7362045760430687 0.9486725663716814 0.7644683714670256 0.9486725663716814 0.7644683714670256 0.984070796460177 0.7362045760430687 0.984070796460177
1 0.8223418573351279 0.5061946902654867 0.8465679676985195 0.5061946902654867 0.8465679676985195 0.5398230088495575 0.8223418573351279 0.5398230088495575
1 0.8223418573351279 0.9486725663716814 0.8492597577388964 0.9486725663716814 0.8492597577388964 0.984070796460177 0.8223418573351279 0.984070796460177
2 0.19919246298788695 0.6407079646017699 0.2193808882907133 0.6407079646017699 0.2193808882907133 0.6672566371681415 0.19919246298788695 0.6672566371681415
2 0.7725437415881561 0.368141592920354 0.7927321668909825 0.368141592920354 0.7927321668909825 0.39646017699115044 0.7725437415881561 0.39646017699115044
2 0.3041722745625841 0.39115044247787606 0.32570659488559894 0.39115044247787606 0.32570659488559894 0.4194690265486725 0.3041722745625841 0.4194690265486725
2 0.19784656796769853 0.7433628318584071 0.22072678331090176 0.7433628318584071 0.22072678331090176 0.7734513274336283 0.19784656796769853 0.7734513274336283
2 0.6002691790040376 0.2814159292035398 0.6231493943472408 0.2814159292035398 0.6231493943472408 0.31327433628318585 0.6002691790040376 0.31327433628318585
2 0.43876177658142657 0.35575221238938054 0.4602960969044414 0.35575221238938054 0.4602960969044414 0.384070796460177 0.43876177658142657 0.384070796460177
2 0.30551816958277256 0.7451327433628319 0.32570659488559894 0.7451327433628319 0.32570659488559894 0.7734513274336283 0.30551816958277256 0.7734513274336283
2 0.506056527590848 0.04070796460176991 0.5248990578734859 0.04070796460176991 0.5248990578734859 0.06548672566371681 0.506056527590848 0.06548672566371681
2 0.7725894715322132 0.04130579613590939 0.7933607294553743 0.04130579613590939 0.7933607294553743 0.06995336442371752 0.7725894715322132 0.06995336442371752
