1 0.688695652173913 0.9201596806387224 0.7182608695652174 0.9201596806387224 0.7182608695652174 0.9560878243512974 0.688695652173913 0.9560878243512974
0 0.5408695652173914 0.3712574850299401 0.5930434782608696 0.3712574850299401 0.5930434782608696 0.4291417165668662 0.5408695652173914 0.4291417165668662
1 0.688695652173913 0.6746506986027944 0.7182608695652174 0.6746506986027944 0.7182608695652174 0.7085828343313373 0.688695652173913 0.7085828343313373
2 0.16521739130434784 0.5988023952095808 0.18608695652173915 0.5988023952095808 0.18608695652173915 0.622754491017964 0.16521739130434784 0.622754491017964
2 0.4886956521739131 0.9301397205588822 0.5078260869565218 0.9301397205588822 0.5078260869565218 0.9500998003992015 0.4886956521739131 0.9500998003992015
2 0.3269565217391304 0.5988023952095808 0.34782608695652173 0.5988023952095808 0.34782608695652173 0.6207584830339321 0.3269565217391304 0.6207584830339321
2 0.48695652173913045 0.5988023952095808 0.5095652173913043 0.5988023952095808 0.5095652173913043 0.622754491017964 0.48695652173913045 0.622754491017964
2 0.8191304347826087 0.9301397205588822 0.8365217391304348 0.9301397205588822 0.8365217391304348 0.9520958083832335 0.8191304347826087 0.9520958083832335
2 0.32869565217391306 0.9281437125748502 0.34782608695652173 0.9281437125748502 0.34782608695652173 0.9520958083832335 0.32869565217391306 0.9520958083832335
2 0.6904347826086957 0.39920159680638717 0.7130434782608696 0.39920159680638717 0.7130434782608696 0.42514970059880236 0.6904347826086957 0.42514970059880236
2 0.6278260869565218 0.13972055888223553 0.6469565217391304 0.13972055888223553 0.6469565217391304 0.16367265469061876 0.6278260869565218 0.16367265469061876
2 0.5547826086956522 0.5988023952095808 0.5739130434782609 0.5988023952095808 0.5739130434782609 0.6207584830339321 0.5547826086956522 0.6207584830339321
