0 0.4242788461538462 0.6954732510288065 0.46274038461538464 0.6954732510288065 0.46274038461538464 0.7366255144032922 0.4242788461538462 0.7366255144032922
1 0.6033653846153847 0.6159122085048011 0.6225961538461539 0.6159122085048011 0.6225961538461539 0.6392318244170095 0.6033653846153847 0.6392318244170095
1 0.6153846153846154 0.38683127572016457 0.6370192307692308 0.38683127572016457 0.6370192307692308 0.4115226337448559 0.6153846153846154 0.4115226337448559
1 0.43028846153846156 0.5486968449931412 0.453125 0.5486968449931412 0.453125 0.5747599451303155 0.43028846153846156 0.5747599451303155
1 0.8004807692307693 0.5486968449931412 0.8233173076923077 0.5486968449931412 0.8233173076923077 0.5747599451303155 0.8004807692307693 0.5747599451303155
2 0.5600961538461539 0.1111111111111111 0.5793269230769231 0.1111111111111111 0.5793269230769231 0.13305898491083676 0.5600961538461539 0.13305898491083676
2 0.4326923076923077 0.11248285322359396 0.4519230769230769 0.11248285322359396 0.4519230769230769 0.13305898491083676 0.4326923076923077 0.13305898491083676
2 0.4326923076923077 0.9094650205761317 0.4519230769230769 0.9094650205761317 0.4519230769230769 0.9314128943758573 0.4326923076923077 0.9314128943758573
1 0.17307692307692307 0.5637860082304527 0.1983173076923077 0.5637860082304527 0.1983173076923077 0.5925925925925926 0.17307692307692307 0.5925925925925926
2 0.5588942307692308 0.06310013717421124 0.5793269230769231 0.06310013717421124 0.5793269230769231 0.0850480109739369 0.5588942307692308 0.0850480109739369
