2 0.8251231527093598 0.05608974358974359 0.8399014778325125 0.05608974358974359 0.8399014778325125 0.07532051282051282 0.8251231527093598 0.07532051282051282
2 0.312807881773399 0.05608974358974359 0.3275862068965517 0.05608974358974359 0.3275862068965517 0.07532051282051282 0.312807881773399 0.07532051282051282
2 0.5246305418719212 0.9246794871794873 0.5381773399014779 0.9246794871794873 0.5381773399014779 0.9439102564102566 0.5246305418719212 0.9439102564102566
2 0.4852216748768473 0.057692307692307696 0.4975369458128079 0.057692307692307696 0.4975369458128079 0.07371794871794872 0.4852216748768473 0.07371794871794872
1 0.8251231527093598 0.4519230769230769 0.8386699507389164 0.4519230769230769 0.8386699507389164 0.47275641025641024 0.8251231527093598 0.47275641025641024
2 0.8263546798029556 0.9246794871794873 0.8399014778325123 0.9246794871794873 0.8399014778325123 0.9439102564102566 0.8263546798029556 0.9439102564102566
1 0.1477832512315271 0.453525641025641 0.16133004926108374 0.453525641025641 0.16133004926108374 0.47275641025641024 0.1477832512315271 0.47275641025641024
2 0.9359605911330049 0.9262820512820514 0.9482758620689655 0.9262820512820514 0.9482758620689655 0.9439102564102566 0.9359605911330049 0.9439102564102566
1 0.8977832512315271 0.1891025641025641 0.9088669950738916 0.1891025641025641 0.9088669950738916 0.20512820512820512 0.8977832512315271 0.20512820512820512
1 0.07758620689655173 0.1875 0.08990147783251232 0.1875 0.08990147783251232 0.20352564102564102 0.07758620689655173 0.20352564102564102
2 0.03940886699507389 0.057692307692307696 0.05172413793103448 0.057692307692307696 0.05172413793103448 0.07532051282051282 0.03940886699507389 0.07532051282051282
2 0.31403940886699505 0.5625 0.33004926108374383 0.5625 0.33004926108374383 0.5833333333333334 0.31403940886699505 0.5833333333333334
2 0.49014778325123154 0.8541666666666665 0.5012315270935961 0.8541666666666665 0.5012315270935961 0.8701923076923075 0.49014778325123154 0.8701923076923075
1 0.6970443349753694 0.8557692307692306 0.7093596059113301 0.8557692307692306 0.7093596059113301 0.8733974358974357 0.6970443349753694 0.8733974358974357
2 0.14655172413793102 0.057692307692307696 0.16009852216748768 0.057692307692307696 0.16009852216748768 0.07532051282051282 0.14655172413793102 0.07532051282051282
1 0.038177339901477834 0.22435897435897437 0.050492610837438424 0.22435897435897437 0.050492610837438424 0.2387820512820513 0.038177339901477834 0.2387820512820513
2 0.6564039408866995 0.05608974358974359 0.6724137931034483 0.05608974358974359 0.6724137931034483 0.07532051282051282 0.6564039408866995 0.07532051282051282
2 0.9359605911330049 0.057692307692307696 0.9470443349753694 0.057692307692307696 0.9470443349753694 0.07371794871794872 0.9359605911330049 0.07371794871794872
2 0.4482758620689655 0.9262820512820514 0.4605911330049261 0.9262820512820514 0.4605911330049261 0.9439102564102566 0.4482758620689655 0.9439102564102566
1 0.6551724137931035 0.453525641025641 0.6699507389162563 0.453525641025641 0.6699507389162563 0.47275641025641024 0.6551724137931035 0.47275641025641024
1 0.9347290640394089 0.22275641025641027 0.9495073891625616 0.22275641025641027 0.9495073891625616 0.2419871794871795 0.9347290640394089 0.2419871794871795
2 0.31527093596059114 0.9262820512820514 0.3288177339901478 0.9262820512820514 0.3288177339901478 0.9439102564102566 0.31527093596059114 0.9439102564102566
2 0.6551724137931035 0.5641025641025641 0.6711822660098523 0.5641025641025641 0.6711822660098523 0.5833333333333334 0.6551724137931035 0.5833333333333334
2 0.5246305418719212 0.4951923076923077 0.5394088669950738 0.4951923076923077 0.5394088669950738 0.5144230769230769 0.5246305418719212 0.5144230769230769
2 0.14655172413793102 0.9278846153846154 0.15886699507389163 0.9278846153846154 0.15886699507389163 0.9439102564102564 0.14655172413793102 0.9439102564102564
1 0.44704433497536944 0.7051282051282051 0.4605911330049261 0.7051282051282051 0.4605911330049261 0.7227564102564101 0.44704433497536944 0.7227564102564101
1 0.31527093596059114 0.8092948717948718 0.3288177339901478 0.8092948717948718 0.3288177339901478 0.8269230769230769 0.31527093596059114 0.8269230769230769
1 0.31403940886699505 0.453525641025641 0.3288177339901478 0.453525641025641 0.3288177339901478 0.47275641025641024 0.31403940886699505 0.47275641025641024
1 0.27709359605911343 0.8461538461538461 0.2895056825827118 0.8461538461538461 0.2895056825827118 0.8625755906318867 0.27709359605911343 0.8625755906318867
1 0.6564039408866995 0.8205128205128205 0.6699507389162561 0.8205128205128205 0.6699507389162561 0.8381410256410257 0.6564039408866995 0.8381410256410257
1 0.5246305418719212 0.703525641025641 0.5381773399014779 0.703525641025641 0.5381773399014779 0.721153846153846 0.5246305418719212 0.721153846153846
1 0.6564039408866995 0.7051282051282051 0.6699507389162561 0.7051282051282051 0.6699507389162561 0.721153846153846 0.6564039408866995 0.721153846153846
2 0.6564039408866995 0.9262820512820514 0.6699507389162561 0.9262820512820514 0.6699507389162561 0.9439102564102566 0.6564039408866995 0.9439102564102566
2 0.44581280788177335 0.4951923076923077 0.4618226600985221 0.4951923076923077 0.4618226600985221 0.5144230769230769 0.44581280788177335 0.5144230769230769
2 0.48645320197044334 0.5080128205128205 0.5 0.5080128205128205 0.5 0.5256410256410257 0.48645320197044334 0.5256410256410257
1 0.31650246305418717 0.7051282051282051 0.3275862068965517 0.7051282051282051 0.3275862068965517 0.721153846153846 0.31650246305418717 0.721153846153846
2 0.038177339901477834 0.9278846153846154 0.050492610837438424 0.9278846153846154 0.050492610837438424 0.9439102564102564 0.038177339901477834 0.9439102564102564
1 0.48450212173821716 0.38020379576009156 0.4980489197677738 0.38020379576009156 0.4980489197677738 0.3962294367857326 0.48450212173821716 0.3962294367857326
2 0.44458128078817727 0.5192307692307693 0.4618226600985221 0.5192307692307693 0.4618226600985221 0.5416666666666666 0.44458128078817727 0.5416666666666666
2 0.5257972517500648 0.5216522318454364 0.5396205485341463 0.5216522318454364 0.5396205485341463 0.5429713524317124 0.5257972517500648 0.5429713524317124
