1 0.43163265306122445 0.9257575757575758 0.4438775510204081 0.9257575757575758 0.4438775510204081 0.9454545454545454 0.43163265306122445 0.9454545454545454
1 0.4306122448979592 0.4257575757575758 0.44387755102040816 0.4257575757575758 0.44387755102040816 0.44545454545454544 0.4306122448979592 0.44545454545454544
1 0.4306122448979592 0.7136363636363636 0.4448979591836735 0.7136363636363636 0.4448979591836735 0.7348484848484849 0.4306122448979592 0.7348484848484849
1 0.43163265306122445 0.03484848484848485 0.4428571428571428 0.03484848484848485 0.4428571428571428 0.05303030303030303 0.43163265306122445 0.05303030303030303
1 0.6040816326530613 0.42727272727272725 0.6173469387755102 0.42727272727272725 0.6173469387755102 0.44696969696969696 0.6040816326530613 0.44696969696969696
1 0.563265306122449 0.16969696969696973 0.576530612244898 0.16969696969696973 0.576530612244898 0.18939393939393945 0.563265306122449 0.18939393939393945
1 0.6540816326530612 0.42424242424242414 0.6693877551020408 0.42424242424242414 0.6693877551020408 0.4454545454545454 0.6540816326530612 0.4454545454545454
1 0.3183673469387755 0.9257575757575758 0.3326530612244898 0.9257575757575758 0.3326530612244898 0.946969696969697 0.3183673469387755 0.946969696969697
1 0.6561224489795918 0.16969696969696973 0.6683673469387755 0.16969696969696973 0.6683673469387755 0.18787878787878792 0.6561224489795918 0.18787878787878792
1 0.7377551020408163 0.1712121212121212 0.75 0.1712121212121212 0.75 0.1893939393939394 0.7377551020408163 0.1893939393939394
1 0.7367346938775509 0.4257575757575758 0.7510204081632652 0.4257575757575758 0.7510204081632652 0.44696969696969696 0.7367346938775509 0.44696969696969696
1 0.24693877551020407 0.546969696969697 0.2612244897959184 0.546969696969697 0.2612244897959184 0.5696969696969697 0.24693877551020407 0.5696969696969697
1 0.3183673469387755 0.5484848484848485 0.33163265306122447 0.5484848484848485 0.33163265306122447 0.5681818181818182 0.3183673469387755 0.5681818181818182
1 0.5622448979591836 0.42424242424242414 0.5775510204081633 0.42424242424242414 0.5775510204081633 0.4454545454545454 0.5622448979591836 0.4454545454545454
1 0.8693877551020408 0.9257575757575758 0.8836734693877552 0.9257575757575758 0.8836734693877552 0.946969696969697 0.8693877551020408 0.946969696969697
1 0.10306122448979592 0.5166666666666667 0.11836734693877551 0.5166666666666667 0.11836734693877551 0.5393939393939394 0.10306122448979592 0.5393939393939394
1 0.2479591836734694 0.9272727272727272 0.2602040816326531 0.9272727272727272 0.2602040816326531 0.9454545454545454 0.2479591836734694 0.9454545454545454
1 0.42755102040816323 0.16515151515151516 0.44591836734693874 0.16515151515151516 0.44591836734693874 0.1893939393939394 0.42755102040816323 0.1893939393939394
1 0.10408163265306122 0.5924242424242424 0.11938775510204082 0.5924242424242424 0.11938775510204082 0.6136363636363636 0.10408163265306122 0.6136363636363636
