1 0.41008018327605955 0.1963882618510158 0.4284077892325315 0.1963882618510158 0.4284077892325315 0.2325056433408578 0.41008018327605955 0.2325056433408578
1 0.29896907216494845 0.1963882618510158 0.31844215349369986 0.1963882618510158 0.31844215349369986 0.23476297968397292 0.29896907216494845 0.23476297968397292
1 0.6746849942726232 0.1963882618510158 0.6941580756013745 0.1963882618510158 0.6941580756013745 0.23476297968397292 0.6746849942726232 0.23476297968397292
2 0.16609392898052688 0.5146726862302483 0.18213058419243983 0.5146726862302483 0.18213058419243983 0.54627539503386 0.16609392898052688 0.54627539503386
1 0.1649484536082474 0.7607223476297968 0.1844215349369988 0.7607223476297968 0.1844215349369988 0.7990970654627539 0.1649484536082474 0.7990970654627539
1 0.9427262313860251 0.1963882618510158 0.961053837342497 0.1963882618510158 0.961053837342497 0.2325056433408578 0.9427262313860251 0.2325056433408578
1 0.35967926689576174 0.7607223476297968 0.38029782359679265 0.7607223476297968 0.38029782359679265 0.801354401805869 0.35967926689576174 0.801354401805869
1 0.8178694158075601 0.7607223476297968 0.8373424971363116 0.7607223476297968 0.8373424971363116 0.7990970654627539 0.8178694158075601 0.7990970654627539
2 0.30011454753722794 0.5169300225733634 0.3172966781214204 0.5169300225733634 0.3172966781214204 0.5507900677200903 0.30011454753722794 0.5507900677200903
2 0.6758304696449027 0.5146726862302483 0.693012600229095 0.5146726862302483 0.693012600229095 0.5507900677200903 0.6758304696449027 0.5507900677200903
2 0.8190148911798396 0.5146726862302483 0.8350515463917526 0.5146726862302483 0.8350515463917526 0.54627539503386 0.8190148911798396 0.54627539503386
1 0.09049255441008018 0.3115124153498871 0.10767468499427263 0.3115124153498871 0.10767468499427263 0.345372460496614 0.09049255441008018 0.345372460496614
1 0.6013745704467354 0.6659142212189616 0.6185567010309279 0.6659142212189616 0.6185567010309279 0.6997742663656885 0.6013745704467354 0.6997742663656885
2 0.9438717067583046 0.5169300225733634 0.9587628865979381 0.5169300225733634 0.9587628865979381 0.5485327313769752 0.9438717067583046 0.5485327313769752
1 0.2256586483390607 0.6659142212189616 0.24284077892325315 0.6659142212189616 0.24284077892325315 0.6997742663656885 0.2256586483390607 0.6997742663656885
