0 0.28260869565217395 0.44395604395604393 0.3158567774936062 0.44395604395604393 0.3158567774936062 0.5010989010989011 0.28260869565217395 0.5010989010989011
0 0.20332480818414325 0.43956043956043955 0.23657289002557547 0.43956043956043955 0.23657289002557547 0.4989010989010989 0.20332480818414325 0.4989010989010989
0 0.28260869565217395 0.3098901098901099 0.3171355498721228 0.3098901098901099 0.3171355498721228 0.36923076923076925 0.28260869565217395 0.36923076923076925
1 0.20971867007672637 0.07032967032967033 0.23529411764705885 0.07032967032967033 0.23529411764705885 0.11428571428571428 0.20971867007672637 0.11428571428571428
1 0.28644501278772383 0.06813186813186813 0.3132992327365729 0.06813186813186813 0.3132992327365729 0.11428571428571428 0.28644501278772383 0.11428571428571428
1 0.2058823529411765 0.8285714285714286 0.23529411764705885 0.8285714285714286 0.23529411764705885 0.8791208791208791 0.2058823529411765 0.8791208791208791
1 0.5537084398976982 0.3208791208791209 0.581841432225064 0.3208791208791209 0.581841432225064 0.37142857142857144 0.5537084398976982 0.37142857142857144
1 0.5537084398976982 0.45054945054945056 0.5831202046035806 0.45054945054945056 0.5831202046035806 0.5010989010989011 0.5537084398976982 0.5010989010989011
1 0.28644501278772383 0.832967032967033 0.3132992327365729 0.832967032967033 0.3132992327365729 0.8791208791208791 0.28644501278772383 0.8791208791208791
0 0.6035805626598466 0.2835164835164835 0.6355498721227621 0.2835164835164835 0.6355498721227621 0.34505494505494505 0.6035805626598466 0.34505494505494505
1 0.5856777493606139 0.45054945054945056 0.6150895140664963 0.45054945054945056 0.6150895140664963 0.5010989010989011 0.5856777493606139 0.5010989010989011
1 0.6930946291560103 0.3934065934065934 0.7199488491048593 0.3934065934065934 0.7199488491048593 0.43736263736263736 0.6930946291560103 0.43736263736263736
1 0.6892583120204604 0.6615384615384615 0.7186700767263428 0.6615384615384615 0.7186700767263428 0.7142857142857143 0.6892583120204604 0.7142857142857143
1 0.7902813299232737 0.5274725274725275 0.8184143222506395 0.5274725274725275 0.8184143222506395 0.578021978021978 0.7902813299232737 0.578021978021978
