0 0.29074074074074074 0.5012345679012346 0.3148148148148148 0.5012345679012346 0.3148148148148148 0.5358024691358024 0.29074074074074074 0.5358024691358024
1 0.7277777777777779 0.3358024691358025 0.7425925925925926 0.3358024691358025 0.7425925925925926 0.35555555555555557 0.7277777777777779 0.35555555555555557
1 0.7296296296296296 0.4666666666666667 0.7444444444444445 0.4666666666666667 0.7444444444444445 0.4888888888888889 0.7296296296296296 0.4888888888888889
1 0.2925925925925926 0.6 0.3111111111111111 0.6 0.3111111111111111 0.6222222222222222 0.2925925925925926 0.6222222222222222
1 0.40740740740740744 0.5506172839506173 0.42962962962962964 0.5506172839506173 0.42962962962962964 0.5802469135802469 0.40740740740740744 0.5802469135802469
1 0.5407407407407407 0.5506172839506173 0.5648148148148149 0.5506172839506173 0.5648148148148149 0.582716049382716 0.5407407407407407 0.582716049382716
1 0.45740740740740743 0.19506172839506172 0.47962962962962963 0.19506172839506172 0.47962962962962963 0.2271604938271605 0.45740740740740743 0.2271604938271605
1 0.8074074074074075 0.3753086419753086 0.8296296296296297 0.3753086419753086 0.8296296296296297 0.4049382716049383 0.8074074074074075 0.4049382716049383
1 0.6407407407407407 0.7061728395061728 0.662962962962963 0.7061728395061728 0.662962962962963 0.7382716049382716 0.6407407407407407 0.7382716049382716
1 0.41111111111111115 0.7111111111111111 0.42962962962962964 0.7111111111111111 0.42962962962962964 0.7358024691358025 0.41111111111111115 0.7358024691358025
2 0.3611111111111111 0.3160493827160494 0.37962962962962965 0.3160493827160494 0.37962962962962965 0.3358024691358025 0.3611111111111111 0.3358024691358025
2 0.4981481481481482 0.7185185185185186 0.5111111111111112 0.7185185185185186 0.5111111111111112 0.7358024691358025 0.4981481481481482 0.7358024691358025
2 0.3277777777777778 0.6024691358024691 0.34444444444444444 0.6024691358024691 0.34444444444444444 0.6222222222222222 0.3277777777777778 0.6222222222222222
0 0.41481481481481486 0.5061728395061729 0.43333333333333335 0.5061728395061729 0.43333333333333335 0.5382716049382716 0.41481481481481486 0.5382716049382716
1 0.6462962962962964 0.47160493827160493 0.6648148148148149 0.47160493827160493 0.6648148148148149 0.49382716049382713 0.6462962962962964 0.49382716049382713
