1 0.3713872832369942 0.4205426356589147 0.3901734104046243 0.4205426356589147 0.3901734104046243 0.4437984496124031 0.3713872832369942 0.4437984496124031
1 0.6878612716763005 0.6065891472868217 0.7066473988439306 0.6065891472868217 0.7066473988439306 0.6317829457364341 0.6878612716763005 0.6317829457364341
1 0.09104046242774566 0.187984496124031 0.10693641618497109 0.187984496124031 0.10693641618497109 0.20930232558139533 0.09104046242774566 0.20930232558139533
1 0.5130057803468208 0.7945736434108527 0.5303468208092486 0.7945736434108527 0.5303468208092486 0.8178294573643411 0.5130057803468208 0.8178294573643411
1 0.23121387283236994 0.7965116279069767 0.24855491329479767 0.7965116279069767 0.24855491329479767 0.8178294573643411 0.23121387283236994 0.8178294573643411
1 0.37283236994219654 0.3585271317829457 0.38872832369942195 0.3585271317829457 0.38872832369942195 0.3817829457364341 0.37283236994219654 0.3817829457364341
1 0.8294797687861272 0.6085271317829457 0.8453757225433526 0.6085271317829457 0.8453757225433526 0.6298449612403101 0.8294797687861272 0.6298449612403101
1 0.3020231213872832 0.42248062015503873 0.3179190751445087 0.42248062015503873 0.3179190751445087 0.4437984496124031 0.3020231213872832 0.4437984496124031
1 0.09104046242774566 0.12596899224806202 0.10693641618497109 0.12596899224806202 0.10693641618497109 0.14728682170542634 0.09104046242774566 0.14728682170542634
1 0.4421965317919075 0.7189922480620154 0.4595375722543352 0.7189922480620154 0.4595375722543352 0.7403100775193798 0.4421965317919075 0.7403100775193798
1 0.7572254335260116 0.6065891472868217 0.7774566473988439 0.6065891472868217 0.7774566473988439 0.6317829457364341 0.7572254335260116 0.6317829457364341
1 0.02023121387283237 0.18604651162790697 0.03757225433526011 0.18604651162790697 0.03757225433526011 0.21124031007751937 0.02023121387283237 0.21124031007751937
1 0.9002890173410404 0.436046511627907 0.9176300578034682 0.436046511627907 0.9176300578034682 0.45930232558139533 0.9002890173410404 0.45930232558139533
1 0.16040462427745664 0.7170542635658914 0.17774566473988437 0.7170542635658914 0.17774566473988437 0.7403100775193798 0.16040462427745664 0.7403100775193798
2 0.4436416184971098 0.26744186046511625 0.4595375722543352 0.26744186046511625 0.4595375722543352 0.2868217054263566 0.4436416184971098 0.2868217054263566
2 0.16184971098265896 0.03294573643410853 0.17630057803468208 0.03294573643410853 0.17630057803468208 0.05232558139534883 0.16184971098265896 0.05232558139534883
2 0.7601156069364161 0.2655038759689922 0.7760115606936416 0.2655038759689922 0.7760115606936416 0.2868217054263566 0.7601156069364161 0.2868217054263566
2 0.02023121387283237 0.03294573643410853 0.03468208092485549 0.03294573643410853 0.03468208092485549 0.05232558139534883 0.02023121387283237 0.05232558139534883
0 0.15606936416184972 0.18410852713178294 0.180635838150289 0.18410852713178294 0.180635838150289 0.21511627906976744 0.15606936416184972 0.21511627906976744
2 0.3005780346820809 0.26744186046511625 0.3135838150289017 0.26744186046511625 0.3135838150289017 0.28488372093023256 0.3005780346820809 0.28488372093023256
0 0.44075144508670516 0.42248062015503873 0.4667630057803468 0.42248062015503873 0.4667630057803468 0.4476744186046512 0.44075144508670516 0.4476744186046512
