2 0.4002455494168201 0.4712362301101591 0.4088397790055248 0.4712362301101591 0.4088397790055248 0.4883720930232558 0.4002455494168201 0.4883720930232558
0 0.4947820748925721 0.29742962056303546 0.5064456721915285 0.29742962056303546 0.5064456721915285 0.3206854345165238 0.4947820748925721 0.3206854345165238
2 0.08901166359729895 0.0869033047735618 0.09821976672805402 0.0869033047735618 0.09821976672805402 0.10526315789473684 0.08901166359729895 0.10526315789473684
0 0.16574585635359115 0.5410036719706242 0.17925107427869857 0.5410036719706242 0.17925107427869857 0.5654834761321909 0.16574585635359115 0.5654834761321909
0 0.6813996316758747 0.15789473684210525 0.6924493554327807 0.15789473684210525 0.6924493554327807 0.17870257037943696 0.6813996316758747 0.17870257037943696
2 0.6826273787599754 0.0869033047735618 0.6912216083486801 0.0869033047735618 0.6912216083486801 0.10526315789473684 0.6826273787599754 0.10526315789473684
2 0.8557397176181706 0.0869033047735618 0.8643339472068753 0.0869033047735618 0.8643339472068753 0.1040391676866585 0.8557397176181706 0.1040391676866585
2 0.6826273787599754 0.43206854345165235 0.6930632289748311 0.43206854345165235 0.6930632289748311 0.45287637698898403 0.6826273787599754 0.45287637698898403
0 0.4953959484346224 0.23500611995104037 0.5064456721915285 0.23500611995104037 0.5064456721915285 0.25826193390452873 0.4953959484346224 0.25826193390452873
2 0.08901166359729895 0.6487148102815177 0.09883364027010436 0.6487148102815177 0.09883364027010436 0.668298653610771 0.08901166359729895 0.668298653610771
2 0.7133210558624923 0.8004895960832312 0.7225291589932473 0.8004895960832312 0.7225291589932473 0.8188494492044063 0.7133210558624923 0.8188494492044063
0 0.4947820748925721 0.5116279069767441 0.5058317986494781 0.5116279069767441 0.5058317986494781 0.5348837209302325 0.4947820748925721 0.5348837209302325
2 0.8213627992633517 0.795593635250918 0.8305709023941067 0.795593635250918 0.8305709023941067 0.8127294981640146 0.8213627992633517 0.8127294981640146
2 0.3996316758747698 0.5471236230110159 0.4100675260896255 0.5471236230110159 0.4100675260896255 0.5654834761321909 0.3996316758747698 0.5654834761321909
2 0.39901780233271944 0.1627906976744186 0.40761203192142414 0.1627906976744186 0.40761203192142414 0.17992656058751527 0.39901780233271944 0.17992656058751527
2 0.771025168815224 0.0869033047735618 0.780233271945979 0.0869033047735618 0.780233271945979 0.10526315789473684 0.771025168815224 0.10526315789473684
2 0.1682013505217925 0.47001223990208074 0.1780233271945979 0.47001223990208074 0.1780233271945979 0.4895960832313341 0.1682013505217925 0.4895960832313341
0 0.3578882750153468 0.2949816401468788 0.37016574585635353 0.2949816401468788 0.37016574585635353 0.3182374541003672 0.3578882750153468 0.3182374541003672
2 0.8931860036832412 0.27906976744186046 0.9011663597298956 0.27906976744186046 0.9011663597298956 0.2949816401468788 0.8931860036832412 0.2949816401468788
2 0.8925721301411909 0.08812729498164014 0.9005524861878452 0.08812729498164014 0.9005524861878452 0.1040391676866585 0.8925721301411909 0.1040391676866585
2 0.7464702271332105 0.6279069767441859 0.7556783302639656 0.6279069767441859 0.7556783302639656 0.6450428396572827 0.7464702271332105 0.6450428396572827
0 0.4953959484346224 0.5471236230110159 0.5064456721915285 0.5471236230110159 0.5064456721915285 0.5691554467564259 0.4953959484346224 0.5691554467564259
2 0.49600982197667276 0.08567931456548347 0.5058317986494781 0.08567931456548347 0.5058317986494781 0.10526315789473684 0.49600982197667276 0.10526315789473684
2 0.12523020257826886 0.0869033047735618 0.1338244321669736 0.0869033047735618 0.1338244321669736 0.1040391676866585 0.12523020257826886 0.1040391676866585
2 0.08839779005524862 0.3476132190942472 0.10006138735420503 0.3476132190942472 0.10006138735420503 0.36964504283965727 0.08839779005524862 0.36964504283965727
2 0.7458563535911602 0.08567931456548347 0.7556783302639656 0.08567931456548347 0.7556783302639656 0.10526315789473684 0.7458563535911602 0.10526315789473684
2 0.009821976672805401 0.7809057527539779 0.019030079803560467 0.7809057527539779 0.019030079803560467 0.7980416156670745 0.009821976672805401 0.7980416156670745
2 0.44321669736034375 0.0869033047735618 0.4530386740331491 0.0869033047735618 0.4530386740331491 0.10526315789473684 0.44321669736034375 0.10526315789473684
2 0.31307550644567217 0.0869033047735618 0.3222836095764272 0.0869033047735618 0.3222836095764272 0.10526315789473684 0.31307550644567217 0.10526315789473684
2 0.20994475138121546 0.2766217870257038 0.21976672805402087 0.2766217870257038 0.21976672805402087 0.2949816401468788 0.20994475138121546 0.2949816401468788
2 0.7968078575813382 0.0869033047735618 0.8054020871700429 0.0869033047735618 0.8054020871700429 0.10526315789473684 0.7968078575813382 0.10526315789473684
2 0.3136893799877225 0.27906976744186046 0.3222836095764272 0.27906976744186046 0.3222836095764272 0.2949816401468788 0.3136893799877225 0.2949816401468788
2 0.9312461632903621 0.1627906976744186 0.9392265193370165 0.1627906976744186 0.9392265193370165 0.17870257037943696 0.9312461632903621 0.17870257037943696
2 0.7961939840392879 0.6279069767441859 0.8047882136279926 0.6279069767441859 0.8047882136279926 0.6438188494492043 0.7961939840392879 0.6438188494492043
2 0.2105586249232658 0.0869033047735618 0.21976672805402087 0.0869033047735618 0.21976672805402087 0.10526315789473684 0.2105586249232658 0.10526315789473684
2 0.3591160220994475 0.0869033047735618 0.3677102516881522 0.0869033047735618 0.3677102516881522 0.10526315789473684 0.3591160220994475 0.10526315789473684
0 0.5954573357888274 0.23867809057527536 0.6052793124616328 0.23867809057527536 0.6052793124616328 0.25826193390452873 0.5954573357888274 0.25826193390452873
0 0.3996316758747698 0.5140758873929008 0.4100675260896255 0.5140758873929008 0.4100675260896255 0.5348837209302325 0.3996316758747698 0.5348837209302325
2 0.4438305709023941 0.2399020807833537 0.4524248004910988 0.2399020807833537 0.4524248004910988 0.2570379436964504 0.4438305709023941 0.2570379436964504
2 0.010435850214855739 0.4712362301101591 0.019030079803560467 0.4712362301101591 0.019030079803560467 0.4883720930232558 0.010435850214855739 0.4883720930232558
2 0.30386740331491713 0.3537331701346389 0.3136893799877225 0.3537331701346389 0.3136893799877225 0.37331701346389223 0.30386740331491713 0.37331701346389223
2 0.6445672191528544 0.0869033047735618 0.6531614487415592 0.0869033047735618 0.6531614487415592 0.1040391676866585 0.6445672191528544 0.1040391676866585
2 0.8569674647022713 0.795593635250918 0.865561694290976 0.795593635250918 0.865561694290976 0.8115055079559362 0.8569674647022713 0.8115055079559362
2 0.3597298956414978 0.2399020807833537 0.3677102516881522 0.2399020807833537 0.3677102516881522 0.25581395348837205 0.3597298956414978 0.25581395348837205
2 0.2105586249232658 0.47001223990208074 0.21976672805402087 0.47001223990208074 0.21976672805402087 0.4883720930232558 0.2105586249232658 0.4883720930232558
0 0.5954573357888274 0.2986536107711138 0.6052793124616328 0.2986536107711138 0.6052793124616328 0.31946144430844553 0.5954573357888274 0.31946144430844553
2 0.5960712093308778 0.0869033047735618 0.6052793124616328 0.0869033047735618 0.6052793124616328 0.10526315789473684 0.5960712093308778 0.10526315789473684
2 0.771025168815224 0.1627906976744186 0.780233271945979 0.1627906976744186 0.780233271945979 0.17992656058751527 0.771025168815224 0.17992656058751527
2 0.08901166359729895 0.20073439412484698 0.09760589318600367 0.20073439412484698 0.09760589318600367 0.21664626682986535 0.08901166359729895 0.21664626682986535
0 0.4419889502762431 0.2949816401468788 0.45365254757519946 0.2949816401468788 0.45365254757519946 0.31701346389228885 0.4419889502762431 0.31701346389228885
2 0.1258440761203192 0.2399020807833537 0.13443830570902393 0.2399020807833537 0.13443830570902393 0.2570379436964504 0.1258440761203192 0.2570379436964504
0 0.31430325352977284 0.10526315789473684 0.3253529772866789 0.10526315789473684 0.3253529772866789 0.1248470012239902 0.31430325352977284 0.1248470012239902
0 0.36034376918354816 0.1077111383108935 0.37139349294045426 0.1077111383108935 0.37139349294045426 0.12729498164014685 0.36034376918354816 0.12729498164014685
0 0.4426028238182934 0.11015911872705017 0.45672191528545114 0.11015911872705017 0.45672191528545114 0.12607099143206854 0.4426028238182934 0.12607099143206854
0 0.49416820135052175 0.1077111383108935 0.5070595457335788 0.1077111383108935 0.5070595457335788 0.1285189718482252 0.49416820135052175 0.1285189718482252
0 0.5948434622467771 0.11138310893512851 0.6058931860036831 0.11138310893512851 0.6058931860036831 0.1248470012239902 0.5948434622467771 0.1248470012239902
0 0.6507059545733578 0.11138310893512851 0.6642111724984653 0.11138310893512851 0.6642111724984653 0.12607099143206854 0.6507059545733578 0.12607099143206854
0 0.7937384898710865 0.11015911872705017 0.8066298342541436 0.11015911872705017 0.8066298342541436 0.1248470012239902 0.7937384898710865 0.1248470012239902
0 0.7434008594229589 0.11015911872705017 0.7587476979742173 0.11015911872705017 0.7587476979742173 0.12974296205630353 0.7434008594229589 0.12974296205630353
0 0.6832412523020257 0.11138310893512851 0.6949048496009821 0.11138310893512851 0.6949048496009821 0.12607099143206854 0.6832412523020257 0.12607099143206854
0 0.6525475751995089 0.16401468788249693 0.667280540208717 0.16401468788249693 0.667280540208717 0.1811505507955936 0.6525475751995089 0.1811505507955936
2 0.523634131368938 0.16646266829865358 0.531000613873542 0.16646266829865358 0.531000613873542 0.1811505507955936 0.523634131368938 0.1811505507955936
2 0.5371393492940454 0.16768665850673192 0.5451197053406998 0.16768665850673192 0.5451197053406998 0.1835985312117503 0.5371393492940454 0.1835985312117503
2 0.5555555555555555 0.16646266829865358 0.56353591160221 0.16646266829865358 0.56353591160221 0.18237454100367195 0.5555555555555555 0.18237454100367195
2 0.5733578882750153 0.16891064871481026 0.5813382443216697 0.16891064871481026 0.5813382443216697 0.18237454100367195 0.5733578882750153 0.18237454100367195
2 0.16144874155923877 0.16646266829865358 0.17372621240024552 0.16646266829865358 0.17372621240024552 0.18482252141982863 0.16144874155923877 0.18482252141982863
2 0.23388581952117862 0.16401468788249693 0.2467771639042357 0.16401468788249693 0.2467771639042357 0.18604651162790697 0.23388581952117862 0.18604651162790697
2 0.5948434622467771 0.821297429620563 0.6065070595457336 0.821297429620563 0.6065070595457336 0.843329253365973 0.5948434622467771 0.843329253365973
2 0.5518723143032535 0.8225214198286412 0.56353591160221 0.8225214198286412 0.56353591160221 0.8421052631578947 0.5518723143032535 0.8421052631578947
2 0.720073664825046 0.7221542227662178 0.7298956414978514 0.7221542227662178 0.7298956414978514 0.7417380660954712 0.720073664825046 0.7417380660954712
2 0.8189073050951503 0.7233782129742962 0.8287292817679557 0.7233782129742962 0.8287292817679557 0.7429620563035495 0.8189073050951503 0.7429620563035495
2 0.8569674647022713 0.27906976744186046 0.8680171884591773 0.27906976744186046 0.8680171884591773 0.2962056303549571 0.8569674647022713 0.2962056303549571
