2 0.10552763819095476 0.5386666666666666 0.12060301507537687 0.5386666666666666 0.12060301507537687 0.5706666666666665 0.10552763819095476 0.5706666666666665
2 0.4371859296482412 0.5386666666666666 0.45226130653266333 0.5386666666666666 0.45226130653266333 0.5706666666666665 0.4371859296482412 0.5706666666666665
2 0.7449748743718593 0.37066666666666664 0.757537688442211 0.37066666666666664 0.757537688442211 0.4 0.7449748743718593 0.4
2 0.30527638190954776 0.37066666666666664 0.3178391959798995 0.37066666666666664 0.3178391959798995 0.4 0.30527638190954776 0.4
2 0.10552763819095476 0.368 0.12185929648241205 0.368 0.12185929648241205 0.4 0.10552763819095476 0.4
2 0.7449748743718593 0.5413333333333333 0.757537688442211 0.5413333333333333 0.757537688442211 0.5653333333333334 0.7449748743718593 0.5653333333333334
2 0.5452261306532663 0.20266666666666666 0.5590452261306532 0.20266666666666666 0.5590452261306532 0.22933333333333333 0.5452261306532663 0.22933333333333333
2 0.6118090452261307 0.7093333333333334 0.6256281407035176 0.7093333333333334 0.6256281407035176 0.7386666666666667 0.6118090452261307 0.7386666666666667
2 0.5452261306532663 0.37066666666666664 0.5590452261306532 0.37066666666666664 0.5590452261306532 0.4 0.5452261306532663 0.4
2 0.8768844221105527 0.5386666666666666 0.8919597989949749 0.5386666666666666 0.8919597989949749 0.5706666666666665 0.8768844221105527 0.5706666666666665
2 0.8115577889447236 0.37066666666666664 0.8253768844221105 0.37066666666666664 0.8253768844221105 0.3973333333333333 0.8115577889447236 0.3973333333333333
2 0.23869346733668345 0.5413333333333333 0.25251256281407036 0.5413333333333333 0.25251256281407036 0.568 0.23869346733668345 0.568
2 0.4371859296482412 0.7066666666666667 0.45226130653266333 0.7066666666666667 0.45226130653266333 0.7386666666666667 0.4371859296482412 0.7386666666666667
2 0.3706030150753769 0.20266666666666666 0.3844221105527638 0.20266666666666666 0.3844221105527638 0.22933333333333333 0.3706030150753769 0.22933333333333333
2 0.8768844221105527 0.7066666666666667 0.8919597989949749 0.7066666666666667 0.8919597989949749 0.7386666666666667 0.8768844221105527 0.7386666666666667
2 0.10678391959798995 0.2 0.12060301507537688 0.2 0.12060301507537688 0.232 0.10678391959798995 0.232
2 0.678391959798995 0.5413333333333333 0.6909547738693468 0.5413333333333333 0.6909547738693468 0.568 0.678391959798995 0.568
2 0.8115577889447236 0.20266666666666666 0.8241206030150754 0.20266666666666666 0.8241206030150754 0.22933333333333333 0.8115577889447236 0.22933333333333333
2 0.5452261306532663 0.5386666666666666 0.5590452261306532 0.5386666666666666 0.5590452261306532 0.568 0.5452261306532663 0.568
2 0.678391959798995 0.7093333333333334 0.6909547738693468 0.7093333333333334 0.6909547738693468 0.736 0.678391959798995 0.736
2 0.37185929648241206 0.37066666666666664 0.3844221105527638 0.37066666666666664 0.3844221105527638 0.3973333333333333 0.37185929648241206 0.3973333333333333
2 0.23869346733668345 0.7093333333333334 0.2512562814070352 0.7093333333333334 0.2512562814070352 0.736 0.23869346733668345 0.736
2 0.30527638190954776 0.5413333333333333 0.3178391959798995 0.5413333333333333 0.3178391959798995 0.5653333333333334 0.30527638190954776 0.5653333333333334
2 0.1721105527638191 0.7093333333333334 0.18467336683417085 0.7093333333333334 0.18467336683417085 0.736 0.1721105527638191 0.736
