1 0.46801346801346794 0.6586538461538461 0.4915824915824915 0.6586538461538461 0.4915824915824915 0.6923076923076923 0.46801346801346794 0.6923076923076923
1 0.835016835016835 0.4903846153846153 0.8636363636363636 0.4903846153846153 0.8636363636363636 0.533653846153846 0.835016835016835 0.533653846153846
1 0.2474747474747475 0.4375 0.27441077441077444 0.4375 0.27441077441077444 0.47836538461538464 0.2474747474747475 0.47836538461538464
1 0.2474747474747475 0.25961538461538464 0.2760942760942761 0.25961538461538464 0.2760942760942761 0.3028846153846154 0.2474747474747475 0.3028846153846154
2 0.2474747474747475 0.0889423076923077 0.2727272727272727 0.0889423076923077 0.2727272727272727 0.12259615384615384 0.2474747474747475 0.12259615384615384
1 0.6363636363636364 0.6394230769230769 0.6599326599326599 0.6394230769230769 0.6599326599326599 0.6706730769230769 0.6363636363636364 0.6706730769230769
2 0.5370370370370371 0.09134615384615383 0.5572390572390573 0.09134615384615383 0.5572390572390573 0.12259615384615383 0.5370370370370371 0.12259615384615383
1 0.15151515151515152 0.6370192307692307 0.1750841750841751 0.6370192307692307 0.1750841750841751 0.6682692307692307 0.15151515151515152 0.6682692307692307
1 0.4393939393939394 0.18269230769230765 0.46296296296296297 0.18269230769230765 0.46296296296296297 0.2163461538461538 0.4393939393939394 0.2163461538461538
1 0.5336700336700336 0.9014423076923077 0.5606060606060606 0.9014423076923077 0.5606060606060606 0.9399038461538461 0.5336700336700336 0.9399038461538461
1 0.5370370370370371 0.5649038461538461 0.558922558922559 0.5649038461538461 0.558922558922559 0.59375 0.5370370370370371 0.59375
1 0.08417508417508418 0.5600961538461539 0.10606060606060606 0.5600961538461539 0.10606060606060606 0.5913461538461539 0.08417508417508418 0.5913461538461539
1 0.5218855218855218 0.7331730769230769 0.5454545454545454 0.7331730769230769 0.5454545454545454 0.7668269230769231 0.5218855218855218 0.7668269230769231
1 0.3451178451178451 0.18509615384615385 0.367003367003367 0.18509615384615385 0.367003367003367 0.21634615384615385 0.3451178451178451 0.21634615384615385
1 0.6077441077441077 0.6370192307692307 0.632996632996633 0.6370192307692307 0.632996632996633 0.6730769230769231 0.6077441077441077 0.6730769230769231
1 0.5387205387205387 0.29086538461538464 0.5572390572390572 0.29086538461538464 0.5572390572390572 0.3173076923076923 0.5387205387205387 0.3173076923076923
1 0.08249158249158249 0.9302884615384616 0.10606060606060606 0.9302884615384616 0.10606060606060606 0.9639423076923077 0.08249158249158249 0.9639423076923077
2 0.5370370370370371 0.2668269230769231 0.558922558922559 0.2668269230769231 0.558922558922559 0.2956730769230769 0.5370370370370371 0.2956730769230769
1 0.835016835016835 0.5769230769230769 0.8636363636363636 0.5769230769230769 0.8636363636363636 0.6153846153846153 0.835016835016835 0.6153846153846153
1 0.24579124579124578 0.9302884615384616 0.2727272727272727 0.9302884615384616 0.2727272727272727 0.96875 0.24579124579124578 0.96875
1 0.33164983164983164 0.3629807692307692 0.35185185185185186 0.3629807692307692 0.35185185185185186 0.3918269230769231 0.33164983164983164 0.3918269230769231
2 0.46801346801346794 0.6201923076923077 0.4898989898989898 0.6201923076923077 0.4898989898989898 0.6538461538461539 0.46801346801346794 0.6538461538461539
1 0.5336700336700336 0.9302884615384616 0.5622895622895623 0.9302884615384616 0.5622895622895623 0.9663461538461539 0.5336700336700336 0.9663461538461539
