0 0.6362252663622526 0.23289665211062593 0.6666666666666666 0.23289665211062593 0.6666666666666666 0.26346433770014555 0.6362252663622526 0.26346433770014555
0 0.6362252663622526 0.8296943231441049 0.6681887366818873 0.8296943231441049 0.6681887366818873 0.8617176128093159 0.6362252663622526 0.8617176128093159
1 0.2922374429223744 0.5327510917030568 0.319634703196347 0.5327510917030568 0.319634703196347 0.5574963609898108 0.2922374429223744 0.5574963609898108
1 0.639269406392694 0.462882096069869 0.6636225266362252 0.462882096069869 0.6636225266362252 0.4861717612809316 0.639269406392694 0.4861717612809316
1 0.6377473363774733 0.7918486171761281 0.665144596651446 0.7918486171761281 0.665144596651446 0.8165938864628821 0.6377473363774733 0.8165938864628821
1 0.639269406392694 0.19213973799126638 0.665144596651446 0.19213973799126638 0.665144596651446 0.2183406113537118 0.639269406392694 0.2183406113537118
1 0.898021308980213 0.7903930131004367 0.9238964992389649 0.7903930131004367 0.9238964992389649 0.8165938864628821 0.898021308980213 0.8165938864628821
1 0.898021308980213 0.4614264919941776 0.9238964992389649 0.4614264919941776 0.9238964992389649 0.4861717612809316 0.898021308980213 0.4861717612809316
1 0.898021308980213 0.24017467248908297 0.9254185692541856 0.24017467248908297 0.9254185692541856 0.2663755458515284 0.898021308980213 0.2663755458515284
2 0.7656012176560121 0.053857350800582245 0.7823439878234398 0.053857350800582245 0.7823439878234398 0.06986899563318777 0.7656012176560121 0.06986899563318777
1 0.6377473363774733 0.2765647743813683 0.665144596651446 0.2765647743813683 0.665144596651446 0.3027656477438137 0.6377473363774733 0.3027656477438137
1 0.5540334855403348 0.87627365356623 0.5799086757990868 0.87627365356623 0.5799086757990868 0.9024745269286755 0.5540334855403348 0.9024745269286755
1 0.8964992389649924 0.27219796215429404 0.9254185692541856 0.27219796215429404 0.9254185692541856 0.29985443959243085 0.8964992389649924 0.29985443959243085
2 0.7686453576864536 0.07714701601164484 0.7823439878234398 0.07714701601164484 0.7823439878234398 0.09170305676855896 0.7686453576864536 0.09170305676855896
