2 0.36666666666666664 0.1660649819494585 0.3875 0.1660649819494585 0.3875 0.19314079422382674 0.36666666666666664 0.19314079422382674
1 0.36527777777777776 0.45306859205776173 0.3888888888888889 0.45306859205776173 0.3888888888888889 0.48375451263537905 0.36527777777777776 0.48375451263537905
1 0.5430555555555555 0.3465703971119133 0.5666666666666665 0.3465703971119133 0.5666666666666665 0.3754512635379061 0.5430555555555555 0.3754512635379061
1 0.5944444444444444 0.5776173285198556 0.6166666666666667 0.5776173285198556 0.6166666666666667 0.6064981949458483 0.5944444444444444 0.6064981949458483
1 0.36527777777777776 0.6768953068592057 0.3875 0.6768953068592057 0.3875 0.7057761732851986 0.36527777777777776 0.7057761732851986
1 0.24305555555555552 0.5379061371841155 0.2652777777777777 0.5379061371841155 0.2652777777777777 0.5649819494584838 0.24305555555555552 0.5649819494584838
1 0.12361111111111112 0.5379061371841155 0.14444444444444443 0.5379061371841155 0.14444444444444443 0.5649819494584838 0.12361111111111112 0.5649819494584838
1 0.5444444444444444 0.6209386281588448 0.5666666666666665 0.6209386281588448 0.5666666666666665 0.6480144404332131 0.5444444444444444 0.6480144404332131
2 0.5958333333333333 0.34837545126353786 0.6152777777777778 0.34837545126353786 0.6152777777777778 0.3736462093862815 0.5958333333333333 0.3736462093862815
1 0.4527777777777778 0.45306859205776173 0.4777777777777778 0.45306859205776173 0.4777777777777778 0.48375451263537905 0.4527777777777778 0.48375451263537905
1 0.7013888888888888 0.4602888086642599 0.7263888888888889 0.4602888086642599 0.7263888888888889 0.49097472924187724 0.7013888888888888 0.49097472924187724
1 0.5930555555555556 0.8249097472924187 0.6166666666666667 0.8249097472924187 0.6166666666666667 0.8537906137184116 0.5930555555555556 0.8537906137184116
1 0.36666666666666664 0.8267148014440433 0.3861111111111111 0.8267148014440433 0.3861111111111111 0.851985559566787 0.36666666666666664 0.851985559566787
2 0.5930555555555556 0.6787003610108303 0.6180555555555556 0.6787003610108303 0.6180555555555556 0.7075812274368231 0.5930555555555556 0.7075812274368231
1 0.24305555555555552 0.8249097472924187 0.2652777777777777 0.8249097472924187 0.2652777777777777 0.8537906137184116 0.24305555555555552 0.8537906137184116
2 0.7 0.6768953068592057 0.7263888888888889 0.6768953068592057 0.7263888888888889 0.7093862815884476 0.7 0.7093862815884476
1 0.5444444444444444 0.8267148014440433 0.5652777777777777 0.8267148014440433 0.5652777777777777 0.8537906137184116 0.5444444444444444 0.8537906137184116
1 0.7 0.1624548736462094 0.7263888888888889 0.1624548736462094 0.7263888888888889 0.19494584837545126 0.7 0.19494584837545126
1 0.5416666666666666 0.1624548736462094 0.5666666666666667 0.1624548736462094 0.5666666666666667 0.19494584837545126 0.5416666666666666 0.19494584837545126
2 0.5430555555555555 0.6787003610108303 0.5666666666666665 0.6787003610108303 0.5666666666666665 0.7057761732851986 0.5430555555555555 0.7057761732851986
1 0.7013888888888888 0.2779783393501805 0.7263888888888889 0.2779783393501805 0.7263888888888889 0.3104693140794224 0.7013888888888888 0.3104693140794224
1 0.7847222222222221 0.4602888086642599 0.809722222222222 0.4602888086642599 0.809722222222222 0.49097472924187724 0.7847222222222221 0.49097472924187724
1 0.7541666666666669 0.4602888086642599 0.776388888888889 0.4602888086642599 0.776388888888889 0.4891696750902527 0.7541666666666669 0.4891696750902527
1 0.7013888888888888 0.8231046931407943 0.725 0.8231046931407943 0.725 0.855595667870036 0.7013888888888888 0.855595667870036
