1 0.6332622601279317 0.29963235294117646 0.6695095948827292 0.29963235294117646 0.6695095948827292 0.33088235294117646 0.6332622601279317 0.33088235294117646
1 0.7867803837953091 0.29963235294117646 0.8230277185501066 0.29963235294117646 0.8230277185501066 0.33088235294117646 0.7867803837953091 0.33088235294117646
1 0.6332622601279317 0.7941176470588235 0.6695095948827292 0.7941176470588235 0.6695095948827292 0.8253676470588235 0.6332622601279317 0.8253676470588235
1 0.326226012793177 0.6930147058823529 0.36673773987206826 0.6930147058823529 0.36673773987206826 0.7261029411764706 0.326226012793177 0.7261029411764706
1 0.6332622601279317 0.7279411764705883 0.6695095948827292 0.7279411764705883 0.6695095948827292 0.7591911764705883 0.6332622601279317 0.7591911764705883
1 0.326226012793177 0.7941176470588235 0.3646055437100213 0.7941176470588235 0.3646055437100213 0.8253676470588235 0.326226012793177 0.8253676470588235
1 0.326226012793177 0.29963235294117646 0.3646055437100213 0.29963235294117646 0.3646055437100213 0.33088235294117646 0.326226012793177 0.33088235294117646
2 0.48187633262260127 0.8382352941176471 0.5159914712153518 0.8382352941176471 0.5159914712153518 0.8676470588235294 0.48187633262260127 0.8676470588235294
1 0.17270788912579957 0.2977941176470588 0.21321961620469082 0.2977941176470588 0.21321961620469082 0.3327205882352941 0.17270788912579957 0.3327205882352941
2 0.3326226012793177 0.7316176470588235 0.3582089552238806 0.7316176470588235 0.3582089552238806 0.7536764705882353 0.3326226012793177 0.7536764705882353
2 0.3304904051172708 0.04044117647058823 0.3582089552238806 0.04044117647058823 0.3582089552238806 0.0661764705882353 0.3304904051172708 0.0661764705882353
2 0.6353944562899787 0.6966911764705883 0.6673773987206824 0.6966911764705883 0.6673773987206824 0.724264705882353 0.6353944562899787 0.724264705882353
2 0.6353944562899787 0.03860294117647059 0.6673773987206824 0.03860294117647059 0.6673773987206824 0.0661764705882353 0.6353944562899787 0.0661764705882353
2 0.3304904051172708 0.5330882352941176 0.3603411513859275 0.5330882352941176 0.3603411513859275 0.5588235294117647 0.3304904051172708 0.5588235294117647
2 0.48187633262260127 0.34375 0.5181236673773987 0.34375 0.5181236673773987 0.375 0.48187633262260127 0.375
2 0.6353944562899787 0.53125 0.6695095948827292 0.53125 0.6695095948827292 0.5606617647058824 0.6353944562899787 0.5606617647058824
