1 0.4785046728971964 0.8374164810690423 0.5028037383177572 0.8374164810690423 0.5028037383177572 0.8663697104677061 0.4785046728971964 0.8663697104677061
1 0.6299065420560748 0.2873051224944321 0.6579439252336449 0.2873051224944321 0.6579439252336449 0.3207126948775056 0.6299065420560748 0.3207126948775056
1 0.17196261682242991 0.013363028953229399 0.19626168224299065 0.013363028953229399 0.19626168224299065 0.0400890868596882 0.17196261682242991 0.0400890868596882
1 0.8691588785046729 0.48329621380846327 0.8953271028037383 0.48329621380846327 0.8953271028037383 0.512249443207127 0.8691588785046729 0.512249443207127
1 0.30467289719626167 0.011135857461024499 0.33084112149532713 0.011135857461024499 0.33084112149532713 0.0400890868596882 0.30467289719626167 0.0400890868596882
1 0.6299065420560748 0.8351893095768375 0.6560747663551402 0.8351893095768375 0.6560747663551402 0.8663697104677061 0.6299065420560748 0.8663697104677061
1 0.30467289719626167 0.2873051224944321 0.33084112149532713 0.2873051224944321 0.33084112149532713 0.3184855233853007 0.30467289719626167 0.3184855233853007
1 0.6299065420560748 0.013363028953229399 0.6560747663551402 0.013363028953229399 0.6560747663551402 0.0400890868596882 0.6299065420560748 0.0400890868596882
1 0.42990654205607476 0.5657015590200446 0.4542056074766355 0.5657015590200446 0.4542056074766355 0.5946547884187082 0.42990654205607476 0.5946547884187082
1 0.30280373831775703 0.420935412026726 0.33271028037383177 0.420935412026726 0.33271028037383177 0.4543429844097995 0.30280373831775703 0.4543429844097995
1 0.47102803738317756 0.08685968819599109 0.4953271028037383 0.08685968819599109 0.4953271028037383 0.11358574610244988 0.47102803738317756 0.11358574610244988
1 0.6299065420560748 0.4610244988864143 0.6579439252336449 0.4610244988864143 0.6579439252336449 0.49443207126948774 0.6299065420560748 0.49443207126948774
1 0.5046728971962616 0.5657015590200446 0.5289719626168223 0.5657015590200446 0.5289719626168223 0.5946547884187082 0.5046728971962616 0.5946547884187082
1 0.47102803738317756 0.19821826280623608 0.4953271028037383 0.19821826280623608 0.4953271028037383 0.22717149220489977 0.47102803738317756 0.22717149220489977
2 0.4280373831775701 0.46325167037861914 0.4523364485981308 0.46325167037861914 0.4523364485981308 0.4922048997772829 0.4280373831775701 0.4922048997772829
2 0.5065420560747663 0.465478841870824 0.5289719626168224 0.465478841870824 0.5289719626168224 0.4899777282850779 0.5065420560747663 0.4899777282850779
2 0.308411214953271 0.20267260579064592 0.32710280373831774 0.20267260579064592 0.32710280373831774 0.2249443207126949 0.308411214953271 0.2249443207126949
1 0.4785046728971964 0.5701559020044543 0.5028037383177572 0.5701559020044543 0.5028037383177572 0.5968819599109132 0.4785046728971964 0.5968819599109132
2 0.30654205607476637 0.46325167037861914 0.33084112149532713 0.46325167037861914 0.33084112149532713 0.4922048997772829 0.30654205607476637 0.4922048997772829
2 0.6340520649784879 0.20519653564290474 0.6558580883772189 0.20519653564290474 0.6558580883772189 0.22718187874750168 0.6340520649784879 0.22718187874750168
