1 0.5125925925925926 0.01818181818181818 0.5333333333333333 0.01818181818181818 0.5333333333333333 0.046464646464646465 0.5125925925925926 0.046464646464646465
1 0.2874074074074074 0.6303030303030303 0.3096296296296296 0.6303030303030303 0.3096296296296296 0.6606060606060606 0.2874074074074074 0.6606060606060606
1 0.10814814814814815 0.7878787878787878 0.1274074074074074 0.7878787878787878 0.1274074074074074 0.8121212121212121 0.10814814814814815 0.8121212121212121
1 0.7999999999999999 0.2 0.8192592592592592 0.2 0.8192592592592592 0.22424242424242424 0.7999999999999999 0.22424242424242424
0 0.4533333333333333 0.5535353535353535 0.4888888888888889 0.5535353535353535 0.4888888888888889 0.6 0.4533333333333333 0.6
1 0.7999999999999999 0.5171717171717172 0.8207407407407407 0.5171717171717172 0.8207407407407407 0.5434343434343434 0.7999999999999999 0.5434343434343434
1 0.35407407407407404 0.11717171717171718 0.3718518518518518 0.11717171717171718 0.3718518518518518 0.14343434343434344 0.35407407407407404 0.14343434343434344
1 0.41333333333333333 0.01818181818181818 0.43555555555555553 0.01818181818181818 0.43555555555555553 0.046464646464646465 0.41333333333333333 0.046464646464646465
1 0.8488888888888888 0.0202020202020202 0.8666666666666666 0.0202020202020202 0.8666666666666666 0.04242424242424243 0.8488888888888888 0.04242424242424243
1 0.8014814814814815 0.0202020202020202 0.8192592592592592 0.0202020202020202 0.8192592592592592 0.044444444444444446 0.8014814814814815 0.044444444444444446
1 0.9585185185185184 0.0202020202020202 0.9777777777777777 0.0202020202020202 0.9777777777777777 0.044444444444444446 0.9585185185185184 0.044444444444444446
1 0.10962962962962962 0.01818181818181818 0.1274074074074074 0.01818181818181818 0.1274074074074074 0.044444444444444446 0.10962962962962962 0.044444444444444446
1 0.1674074074074074 0.8626262626262626 0.18814814814814815 0.8626262626262626 0.18814814814814815 0.8909090909090909 0.1674074074074074 0.8909090909090909
1 0.5111111111111111 0.1919191919191919 0.5348148148148147 0.1919191919191919 0.5348148148148147 0.22424242424242424 0.5111111111111111 0.22424242424242424
2 0.2874074074074074 0.19393939393939394 0.3081481481481481 0.19393939393939394 0.3081481481481481 0.2202020202020202 0.2874074074074074 0.2202020202020202
1 0.28888888888888886 0.3898989898989899 0.3111111111111111 0.3898989898989899 0.3111111111111111 0.4222222222222222 0.28888888888888886 0.4222222222222222
1 0.6266666666666666 0.6282828282828283 0.6533333333333333 0.6282828282828283 0.6533333333333333 0.6646464646464646 0.6266666666666666 0.6646464646464646
1 0.6281481481481481 0.3898989898989899 0.6518518518518518 0.3898989898989899 0.6518518518518518 0.4222222222222222 0.6281481481481481 0.4222222222222222
1 0.41333333333333333 0.1919191919191919 0.437037037037037 0.1919191919191919 0.437037037037037 0.22424242424242424 0.41333333333333333 0.22424242424242424
2 0.6281481481481481 0.1919191919191919 0.6503703703703704 0.1919191919191919 0.6503703703703704 0.2222222222222222 0.6281481481481481 0.2222222222222222
2 0.9555555555555555 0.3232323232323232 0.9792592592592592 0.3232323232323232 0.9792592592592592 0.35353535353535354 0.9555555555555555 0.35353535353535354
2 0.5718518518518518 0.11313131313131314 0.597037037037037 0.11313131313131314 0.597037037037037 0.14747474747474748 0.5718518518518518 0.14747474747474748
1 0.8488888888888888 0.19797979797979798 0.8681481481481481 0.19797979797979798 0.8681481481481481 0.22424242424242424 0.8488888888888888 0.22424242424242424
2 0.6281481481481481 0.3898989898989899 0.6518518518518518 0.3898989898989899 0.6518518518518518 0.4222222222222222 0.6281481481481481 0.4222222222222222
