2 0.7710622710622711 0.39867841409691634 0.7893772893772893 0.39867841409691634 0.7893772893772893 0.420704845814978 0.7710622710622711 0.420704845814978
2 0.7710622710622711 0.3061674008810573 0.7912087912087912 0.3061674008810573 0.7912087912087912 0.3303964757709251 0.7710622710622711 0.3303964757709251
2 0.6593406593406593 0.3061674008810573 0.6776556776556777 0.3061674008810573 0.6776556776556777 0.3303964757709251 0.6593406593406593 0.3303964757709251
2 0.08241758241758242 0.026431718061674013 0.11904761904761904 0.026431718061674013 0.11904761904761904 0.07268722466960353 0.08241758241758242 0.07268722466960353
2 0.8846153846153846 0.026431718061674013 0.9175824175824175 0.026431718061674013 0.9175824175824175 0.07268722466960353 0.8846153846153846 0.07268722466960353
2 0.652014652014652 0.030837004405286347 0.684981684981685 0.030837004405286347 0.684981684981685 0.07048458149779736 0.652014652014652 0.07048458149779736
1 0.8864468864468864 0.29735682819383263 0.9194139194139194 0.29735682819383263 0.9194139194139194 0.3392070484581498 0.8864468864468864 0.3392070484581498
1 0.6538461538461539 0.2665198237885463 0.684981684981685 0.2665198237885463 0.684981684981685 0.30396475770925113 0.6538461538461539 0.30396475770925113
2 0.7692307692307693 0.5638766519823789 0.7893772893772893 0.5638766519823789 0.7893772893772893 0.5859030837004405 0.7692307692307693 0.5859030837004405
1 0.08424908424908426 0.5550660792951543 0.11721611721611722 0.5550660792951543 0.11721611721611722 0.5969162995594715 0.08424908424908426 0.5969162995594715
1 0.7655677655677655 0.748898678414097 0.7967032967032966 0.748898678414097 0.7967032967032966 0.7819383259911895 0.7655677655677655 0.7819383259911895
