1 0.2462462462462462 0.18899521531100474 0.26426426426426425 0.18899521531100474 0.26426426426426425 0.21770334928229662 0.2462462462462462 0.21770334928229662
1 0.2462462462462462 0.4904306220095694 0.26426426426426425 0.4904306220095694 0.26426426426426425 0.5191387559808612 0.2462462462462462 0.5191387559808612
1 0.2462462462462462 0.291866028708134 0.26426426426426425 0.291866028708134 0.26426426426426425 0.32057416267942584 0.2462462462462462 0.32057416267942584
1 0.24774774774774774 0.3923444976076555 0.26426426426426425 0.3923444976076555 0.26426426426426425 0.41866028708133973 0.24774774774774774 0.41866028708133973
1 0.403903903903904 0.34210526315789475 0.421921921921922 0.34210526315789475 0.421921921921922 0.3684210526315789 0.403903903903904 0.3684210526315789
1 0.08858858858858859 0.7129186602870813 0.10810810810810811 0.7129186602870813 0.10810810810810811 0.7440191387559809 0.08858858858858859 0.7440191387559809
1 0.40540540540540543 0.291866028708134 0.4219219219219219 0.291866028708134 0.4219219219219219 0.3181818181818182 0.40540540540540543 0.3181818181818182
1 0.5285285285285285 0.47607655502392343 0.5465465465465466 0.47607655502392343 0.5465465465465466 0.5047846889952153 0.5285285285285285 0.5047846889952153
1 0.8573573573573574 0.5215311004784688 0.8783783783783784 0.5215311004784688 0.8783783783783784 0.555023923444976 0.8573573573573574 0.555023923444976
1 0.24774774774774774 0.07177033492822966 0.26426426426426425 0.07177033492822966 0.26426426426426425 0.09808612440191387 0.24774774774774774 0.09808612440191387
1 0.403903903903904 0.3923444976076555 0.421921921921922 0.3923444976076555 0.421921921921922 0.41866028708133973 0.403903903903904 0.41866028708133973
1 0.1876876876876877 0.715311004784689 0.2057057057057057 0.715311004784689 0.2057057057057057 0.7440191387559809 0.1876876876876877 0.7440191387559809
1 0.08708708708708707 0.06937799043062201 0.10810810810810809 0.06937799043062201 0.10810810810810809 0.10287081339712918 0.08708708708708707 0.10287081339712918
