1 0.690863579474343 0.23127753303964757 0.7158948685857321 0.23127753303964757 0.7158948685857321 0.2753303964757709 0.690863579474343 0.2753303964757709
1 0.853566958698373 0.7400881057268722 0.8773466833541927 0.7400881057268722 0.8773466833541927 0.7819383259911894 0.853566958698373 0.7819383259911894
1 0.3041301627033792 0.473568281938326 0.32916145181476847 0.473568281938326 0.32916145181476847 0.5176211453744494 0.3041301627033792 0.5176211453744494
1 0.13642052565707133 0.4713656387665198 0.16145181476846057 0.4713656387665198 0.16145181476846057 0.513215859030837 0.13642052565707133 0.513215859030837
1 0.853566958698373 0.27312775330396477 0.8773466833541927 0.27312775330396477 0.8773466833541927 0.31497797356828194 0.853566958698373 0.31497797356828194
1 0.4142678347934919 0.2334801762114537 0.4380475594493116 0.2334801762114537 0.4380475594493116 0.2775330396475771 0.4142678347934919 0.2775330396475771
1 0.4130162703379224 0.28634361233480177 0.4380475594493116 0.28634361233480177 0.4380475594493116 0.3303964757709251 0.4130162703379224 0.3303964757709251
1 0.690863579474343 0.7004405286343612 0.7158948685857321 0.7004405286343612 0.7158948685857321 0.7422907488986784 0.690863579474343 0.7422907488986784
1 0.4130162703379224 0.6519823788546255 0.4380475594493116 0.6519823788546255 0.4380475594493116 0.698237885462555 0.4130162703379224 0.698237885462555
1 0.4130162703379224 0.7004405286343612 0.4380475594493116 0.7004405286343612 0.4380475594493116 0.7422907488986784 0.4130162703379224 0.7422907488986784
