1 0.8973262032085562 0.5185185185185185 0.9208556149732621 0.5185185185185185 0.9208556149732621 0.537962962962963 0.8973262032085562 0.537962962962963
1 0.1443850267379679 0.42870370370370364 0.1679144385026738 0.42870370370370364 0.1679144385026738 0.449074074074074 0.1443850267379679 0.449074074074074
1 0.6245989304812835 0.2824074074074074 0.6459893048128342 0.2824074074074074 0.6459893048128342 0.30092592592592593 0.6245989304812835 0.30092592592592593
1 0.6256684491978609 0.6685185185185185 0.6459893048128342 0.6685185185185185 0.6459893048128342 0.6861111111111111 0.6256684491978609 0.6861111111111111
1 0.28342245989304815 0.42962962962962964 0.3037433155080214 0.42962962962962964 0.3037433155080214 0.44814814814814813 0.28342245989304815 0.44814814814814813
1 0.6245989304812835 0.9629629629629629 0.6459893048128342 0.9629629629629629 0.6459893048128342 0.9824074074074074 0.6245989304812835 0.9824074074074074
1 0.7614973262032084 0.6962962962962963 0.7828877005347592 0.6962962962962963 0.7828877005347592 0.7157407407407408 0.7614973262032084 0.7157407407407408
1 0.48770053475935826 0.7555555555555555 0.5101604278074866 0.7555555555555555 0.5101604278074866 0.774074074074074 0.48770053475935826 0.774074074074074
1 0.3144385026737968 0.013888888888888888 0.3390374331550802 0.013888888888888888 0.3390374331550802 0.03518518518518519 0.3144385026737968 0.03518518518518519
1 0.3155080213903743 0.13333333333333333 0.3390374331550802 0.13333333333333333 0.3390374331550802 0.1527777777777778 0.3155080213903743 0.1527777777777778
1 0.7614973262032084 0.3407407407407408 0.7828877005347592 0.3407407407407408 0.7828877005347592 0.3601851851851852 0.7614973262032084 0.3601851851851852
1 0.21390374331550802 0.6666666666666665 0.23636363636363636 0.6666666666666665 0.23636363636363636 0.686111111111111 0.21390374331550802 0.686111111111111
1 0.11122994652406418 0.16296296296296298 0.13262032085561498 0.16296296296296298 0.13262032085561498 0.1824074074074074 0.11122994652406418 0.1824074074074074
2 0.6267379679144385 0.1361111111111111 0.6427807486631016 0.1361111111111111 0.6427807486631016 0.15 0.6267379679144385 0.15
1 0.6256684491978609 0.01574074074074074 0.6459893048128342 0.01574074074074074 0.6459893048128342 0.03333333333333333 0.6256684491978609 0.03333333333333333
1 0.7614973262032084 0.9629629629629629 0.7828877005347592 0.9629629629629629 0.7828877005347592 0.9814814814814815 0.7614973262032084 0.9814814814814815
2 0.11336898395721925 0.4324074074074074 0.1304812834224599 0.4324074074074074 0.1304812834224599 0.4462962962962963 0.11336898395721925 0.4462962962962963
1 0.48770053475935826 0.9629629629629629 0.509090909090909 0.9629629629629629 0.509090909090909 0.9814814814814815 0.48770053475935826 0.9814814814814815
1 0.558288770053476 0.7268518518518519 0.5764705882352941 0.7268518518518519 0.5764705882352941 0.7435185185185185 0.558288770053476 0.7435185185185185
2 0.31871657754010696 0.4324074074074074 0.3358288770053476 0.4324074074074074 0.3358288770053476 0.4462962962962963 0.31871657754010696 0.4462962962962963
1 0.558288770053476 0.8157407407407408 0.5764705882352941 0.8157407407407408 0.5764705882352941 0.8324074074074074 0.558288770053476 0.8324074074074074
2 0.3176470588235294 0.1648148148148148 0.33689839572192515 0.1648148148148148 0.33689839572192515 0.18055555555555555 0.3176470588235294 0.18055555555555555
2 0.48877005347593583 0.7287037037037039 0.5058823529411764 0.7287037037037039 0.5058823529411764 0.7435185185185186 0.48877005347593583 0.7435185185185186
2 0.6267379679144385 0.8185185185185184 0.6427807486631016 0.8185185185185184 0.6427807486631016 0.8314814814814814 0.6267379679144385 0.8314814814814814
