2 0.3060295790671217 0.015037593984962405 0.3185437997724687 0.015037593984962405 0.3185437997724687 0.03759398496240601 0.3060295790671217 0.03759398496240601
2 0.59613196814562 0.17669172932330826 0.6075085324232081 0.17669172932330826 0.6075085324232081 0.19736842105263158 0.59613196814562 0.19736842105263158
2 0.6734926052332195 0.5319548872180451 0.6860068259385665 0.5319548872180451 0.6860068259385665 0.5526315789473684 0.6734926052332195 0.5526315789473684
2 0.5130830489192264 0.5300751879699248 0.5267349260523322 0.5300751879699248 0.5267349260523322 0.5526315789473684 0.5130830489192264 0.5526315789473684
2 0.30375426621160406 0.4906015037593985 0.3185437997724687 0.4906015037593985 0.3185437997724687 0.5150375939849624 0.30375426621160406 0.5150375939849624
2 0.5164960182025028 0.015037593984962405 0.5290102389078498 0.015037593984962405 0.5290102389078498 0.03759398496240601 0.5164960182025028 0.03759398496240601
2 0.22639362912400454 0.015037593984962405 0.24004550625711035 0.015037593984962405 0.24004550625711035 0.03759398496240601 0.22639362912400454 0.03759398496240601
2 0.06939704209328783 0.8759398496240601 0.08304891922639362 0.8759398496240601 0.08304891922639362 0.900375939849624 0.06939704209328783 0.900375939849624
2 0.2229806598407281 0.4906015037593985 0.23663253697383388 0.4906015037593985 0.23663253697383388 0.5112781954887218 0.2229806598407281 0.5112781954887218
2 0.22753128555176336 0.2800751879699248 0.2389078498293515 0.2800751879699248 0.2389078498293515 0.2988721804511278 0.22753128555176336 0.2988721804511278
2 0.9351535836177474 0.4172932330827067 0.9522184300341296 0.4172932330827067 0.9522184300341296 0.44360902255639095 0.9351535836177474 0.44360902255639095
2 0.09897610921501707 0.7048872180451128 0.11262798634812286 0.7048872180451128 0.11262798634812286 0.7274436090225563 0.09897610921501707 0.7274436090225563
2 0.5164960182025028 0.17669172932330826 0.5290102389078498 0.17669172932330826 0.5290102389078498 0.19736842105263158 0.5164960182025028 0.19736842105263158
0 0.49943117178612056 0.4041353383458646 0.5460750853242321 0.4041353383458646 0.5460750853242321 0.4755639097744361 0.49943117178612056 0.4755639097744361
2 0.03526734926052332 0.706766917293233 0.04891922639362912 0.706766917293233 0.04891922639362912 0.7274436090225563 0.03526734926052332 0.7274436090225563
2 0.4004550625711035 0.7199248120300752 0.4118316268486917 0.7199248120300752 0.4118316268486917 0.7387218045112781 0.4004550625711035 0.7387218045112781
2 0.15244596131968144 0.7048872180451128 0.16496018202502843 0.7048872180451128 0.16496018202502843 0.7274436090225563 0.15244596131968144 0.7274436090225563
0 0.28668941979522183 0.2612781954887218 0.32195676905574516 0.2612781954887218 0.32195676905574516 0.3233082706766917 0.28668941979522183 0.3233082706766917
