1 0.43003851091142486 0.9073724007561437 0.44672657252888315 0.9073724007561437 0.44672657252888315 0.9319470699432892 0.43003851091142486 0.9319470699432892
0 0.2901155327342747 0.6049149338374291 0.3145057766367137 0.6049149338374291 0.3145057766367137 0.6389413988657845 0.2901155327342747 0.6389413988657845
1 0.43003851091142486 0.08695652173913043 0.44801026957637996 0.08695652173913043 0.44801026957637996 0.11153119092627599 0.43003851091142486 0.11153119092627599
0 0.2901155327342747 0.7637051039697543 0.31322207958921694 0.7637051039697543 0.31322207958921694 0.7996219281663516 0.2901155327342747 0.7996219281663516
1 0.07317073170731707 0.4669187145557656 0.09114249037227214 0.4669187145557656 0.09114249037227214 0.4933837429111531 0.07317073170731707 0.4933837429111531
1 0.1938382541720154 0.08695652173913043 0.21052631578947367 0.08695652173913043 0.21052631578947367 0.11153119092627599 0.1938382541720154 0.11153119092627599
1 0.8228498074454428 0.3270321361058601 0.8433889602053914 0.3270321361058601 0.8433889602053914 0.3553875236294896 0.8228498074454428 0.3553875236294896
1 0.43003851091142486 0.6124763705103969 0.44801026957637996 0.6124763705103969 0.44801026957637996 0.6408317580340265 0.43003851091142486 0.6408317580340265
1 0.6277278562259306 0.08506616257088848 0.6456996148908857 0.08506616257088848 0.6456996148908857 0.11153119092627599 0.6277278562259306 0.11153119092627599
1 0.36585365853658536 0.6143667296786389 0.3838254172015404 0.6143667296786389 0.3838254172015404 0.6389413988657845 0.36585365853658536 0.6389413988657845
1 0.29525032092426184 0.9054820415879017 0.3119383825417201 0.9054820415879017 0.3119383825417201 0.9300567107750473 0.29525032092426184 0.9300567107750473
1 0.5622593068035943 0.9054820415879017 0.5789473684210525 0.9054820415879017 0.5789473684210525 0.9300567107750473 0.5622593068035943 0.9300567107750473
1 0.43003851091142486 0.7731568998109641 0.44801026957637996 0.7731568998109641 0.44801026957637996 0.7996219281663516 0.43003851091142486 0.7996219281663516
1 0.6970474967907573 0.9073724007561437 0.7137355584082156 0.9073724007561437 0.7137355584082156 0.9319470699432892 0.6970474967907573 0.9319470699432892
1 0.362002567394095 0.3289224952741021 0.38125802310654683 0.3289224952741021 0.38125802310654683 0.3553875236294896 0.362002567394095 0.3553875236294896
1 0.2939666238767651 0.08695652173913043 0.3119383825417201 0.08695652173913043 0.3119383825417201 0.11153119092627599 0.2939666238767651 0.11153119092627599
1 0.7637997432605904 0.41020793950850665 0.7843388960205391 0.41020793950850665 0.7843388960205391 0.43856332703213613 0.7637997432605904 0.43856332703213613
1 0.36585365853658536 0.7750472589792061 0.3838254172015404 0.7750472589792061 0.3838254172015404 0.7996219281663516 0.36585365853658536 0.7996219281663516
1 0.362002567394095 0.4971644612476371 0.38125802310654683 0.4971644612476371 0.38125802310654683 0.5236294896030246 0.362002567394095 0.5236294896030246
1 0.4955070603337612 0.40453686200378075 0.514762516046213 0.40453686200378075 0.514762516046213 0.43289224952741023 0.4955070603337612 0.43289224952741023
1 0.6957637997432605 0.4914933837429112 0.7150192554557124 0.4914933837429112 0.7150192554557124 0.5179584120982987 0.6957637997432605 0.5179584120982987
1 0.36585365853658536 0.6956521739130435 0.38254172015404364 0.6956521739130435 0.38254172015404364 0.720226843100189 0.36585365853658536 0.720226843100189
1 0.2926829268292683 0.41965973534971646 0.3119383825417201 0.41965973534971646 0.3119383825417201 0.44801512287334594 0.2926829268292683 0.44801512287334594
1 0.5609756097560975 0.4914933837429112 0.5802310654685494 0.4914933837429112 0.5802310654685494 0.5198487712665406 0.5609756097560975 0.5198487712665406
1 0.6277278562259306 0.3383742911153119 0.6456996148908857 0.3383742911153119 0.6456996148908857 0.3648393194706994 0.6277278562259306 0.3648393194706994
1 0.2939666238767651 0.5822306238185255 0.31322207958921694 0.5822306238185255 0.31322207958921694 0.6086956521739131 0.2939666238767651 0.6086956521739131
1 0.36585365853658536 0.8393194706994329 0.3838254172015404 0.8393194706994329 0.3838254172015404 0.8638941398865785 0.36585365853658536 0.8638941398865785
2 0.6534017971758664 0.6956521739130435 0.6662387676508343 0.6956521739130435 0.6662387676508343 0.718336483931947 0.6534017971758664 0.718336483931947
2 0.24261874197689343 0.7750472589792061 0.2580231065468549 0.7750472589792061 0.2580231065468549 0.7977315689981097 0.24261874197689343 0.7977315689981097
2 0.6649550706033376 0.6975425330812854 0.6777920410783055 0.6975425330812854 0.6777920410783055 0.718336483931947 0.6649550706033376 0.718336483931947
2 0.07573812580231065 0.9111531190926276 0.08729139922978177 0.9111531190926276 0.08729139922978177 0.9281663516068053 0.07573812580231065 0.9281663516068053
