0 0.8091666666666667 0.4140401146131805 0.8283333333333334 0.4140401146131805 0.8283333333333334 0.4484240687679083 0.8091666666666667 0.4484240687679083
0 0.18666666666666668 0.4154727793696275 0.20583333333333334 0.4154727793696275 0.20583333333333334 0.4469914040114613 0.18666666666666668 0.4469914040114613
2 0.19083333333333335 0.4828080229226361 0.2025 0.4828080229226361 0.2025 0.502865329512894 0.19083333333333335 0.502865329512894
2 0.060000000000000005 0.42263610315186245 0.07416666666666667 0.42263610315186245 0.07416666666666667 0.4469914040114613 0.060000000000000005 0.4469914040114613
2 0.8116666666666668 0.4799426934097421 0.8250000000000001 0.4799426934097421 0.8250000000000001 0.502865329512894 0.8116666666666668 0.502865329512894
2 0.8116666666666668 0.2636103151862464 0.8250000000000001 0.2636103151862464 0.8250000000000001 0.2851002865329513 0.8116666666666668 0.2851002865329513
2 0.060833333333333336 0.4828080229226361 0.07333333333333333 0.4828080229226361 0.07333333333333333 0.502865329512894 0.060833333333333336 0.502865329512894
2 0.6083333333333334 0.4269340974212034 0.6208333333333333 0.4269340974212034 0.6208333333333333 0.4455587392550143 0.6083333333333334 0.4455587392550143
2 0.19166666666666668 0.2650429799426934 0.20333333333333334 0.2650429799426934 0.20333333333333334 0.2836676217765043 0.19166666666666668 0.2836676217765043
2 0.3916666666666667 0.4269340974212034 0.4033333333333334 0.4269340974212034 0.4033333333333334 0.4455587392550143 0.3916666666666667 0.4455587392550143
2 0.19166666666666668 0.7636103151862464 0.2025 0.7636103151862464 0.2025 0.7822349570200573 0.19166666666666668 0.7822349570200573
2 0.19083333333333335 0.7292263610315186 0.2016666666666667 0.7292263610315186 0.2016666666666667 0.7478510028653295 0.19083333333333335 0.7478510028653295
2 0.5025000000000001 0.05444126074498567 0.5158333333333334 0.05444126074498567 0.5158333333333334 0.07736389684813753 0.5025000000000001 0.07736389684813753
2 0.7066666666666667 0.660458452722063 0.7191666666666667 0.660458452722063 0.7191666666666667 0.6819484240687679 0.7066666666666667 0.6819484240687679
2 0.29750000000000004 0.663323782234957 0.30833333333333335 0.663323782234957 0.30833333333333335 0.6805157593123209 0.29750000000000004 0.6805157593123209
2 0.8116666666666668 0.7607449856733524 0.8250000000000001 0.7607449856733524 0.8250000000000001 0.7822349570200573 0.8116666666666668 0.7822349570200573
2 0.8133333333333334 0.08882521489971347 0.8241666666666667 0.08882521489971347 0.8241666666666667 0.10888252148997134 0.8133333333333334 0.10888252148997134
2 0.8133333333333334 0.5214899713467048 0.8250000000000001 0.5214899713467048 0.8250000000000001 0.5415472779369628 0.8133333333333334 0.5415472779369628
2 0.060833333333333336 0.7607449856733524 0.07416666666666667 0.7607449856733524 0.07416666666666667 0.7822349570200573 0.060833333333333336 0.7822349570200573
2 0.21416666666666667 0.660458452722063 0.2275 0.660458452722063 0.2275 0.6819484240687679 0.21416666666666667 0.6819484240687679
2 0.8116666666666668 0.8223495702005731 0.8250000000000001 0.8223495702005731 0.8250000000000001 0.8452722063037249 0.8116666666666668 0.8452722063037249
2 0.8125 0.7277936962750716 0.8250000000000001 0.7277936962750716 0.8250000000000001 0.7492836676217765 0.8125 0.7492836676217765
2 0.1925 0.9269340974212034 0.2025 0.9269340974212034 0.2025 0.9441260744985673 0.1925 0.9441260744985673
2 0.6083333333333334 0.7836676217765043 0.6208333333333333 0.7836676217765043 0.6208333333333333 0.8037249283667621 0.6083333333333334 0.8037249283667621
2 0.8133333333333334 0.9255014326647564 0.8241666666666667 0.9255014326647564 0.8241666666666667 0.9441260744985673 0.8133333333333334 0.9441260744985673
2 0.39333333333333337 0.9255014326647564 0.4041666666666667 0.9255014326647564 0.4041666666666667 0.9441260744985673 0.39333333333333337 0.9441260744985673
2 0.5033333333333334 0.42550143266475643 0.5141666666666667 0.42550143266475643 0.5141666666666667 0.44412607449856734 0.5033333333333334 0.44412607449856734
2 0.19083333333333335 0.826647564469914 0.2025 0.826647564469914 0.2025 0.8452722063037249 0.19083333333333335 0.8452722063037249
2 0.19166666666666668 0.5229226361031518 0.2025 0.5229226361031518 0.2025 0.5401146131805158 0.19166666666666668 0.5401146131805158
2 0.5041666666666667 0.9255014326647564 0.5141666666666667 0.9255014326647564 0.5141666666666667 0.9441260744985673 0.5041666666666667 0.9441260744985673
2 0.39333333333333337 0.7851002865329513 0.4041666666666667 0.7851002865329513 0.4041666666666667 0.8051575931232091 0.39333333333333337 0.8051575931232091
2 0.61 0.9255014326647564 0.6208333333333333 0.9255014326647564 0.6208333333333333 0.9441260744985673 0.61 0.9441260744985673
2 0.19166666666666668 0.09025787965616046 0.2016666666666667 0.09025787965616046 0.2016666666666667 0.10744985673352435 0.19166666666666668 0.10744985673352435
2 0.5041666666666667 0.09025787965616046 0.5141666666666667 0.09025787965616046 0.5141666666666667 0.10744985673352435 0.5041666666666667 0.10744985673352435
2 0.9433333333333334 0.4283667621776504 0.9525 0.4283667621776504 0.9525 0.44412607449856734 0.9433333333333334 0.44412607449856734
2 0.9433333333333334 0.7650429799426934 0.9533333333333334 0.7650429799426934 0.9533333333333334 0.7808022922636103 0.9433333333333334 0.7808022922636103
2 0.9433333333333334 0.48710601719197705 0.9525 0.48710601719197705 0.9525 0.502865329512894 0.9433333333333334 0.502865329512894
