1 0.5622710622710623 0.8915343915343915 0.5897435897435898 0.8915343915343915 0.5897435897435898 0.9259259259259259 0.5622710622710623 0.9259259259259259
1 0.6593406593406592 0.8888888888888888 0.6868131868131867 0.8888888888888888 0.6868131868131867 0.9259259259259259 0.6593406593406592 0.9259259259259259
1 0.7252747252747253 0.4021164021164021 0.7509157509157509 0.4021164021164021 0.7509157509157509 0.43915343915343913 0.7252747252747253 0.43915343915343913
1 0.8846153846153846 0.3994708994708995 0.9139194139194139 0.3994708994708995 0.9139194139194139 0.43915343915343913 0.8846153846153846 0.43915343915343913
1 0.6593406593406592 0.4021164021164021 0.6868131868131867 0.4021164021164021 0.6868131868131867 0.43915343915343913 0.6593406593406592 0.43915343915343913
1 0.6611721611721612 0.031746031746031744 0.6868131868131868 0.031746031746031744 0.6868131868131868 0.07142857142857142 0.6611721611721612 0.07142857142857142
1 0.5641025641025641 0.5925925925925926 0.5879120879120879 0.5925925925925926 0.5879120879120879 0.626984126984127 0.5641025641025641 0.626984126984127
1 0.22344322344322345 0.21693121693121692 0.2509157509157509 0.21693121693121692 0.2509157509157509 0.2566137566137566 0.22344322344322345 0.2566137566137566
1 0.36813186813186816 0.3994708994708995 0.3992673992673993 0.3994708994708995 0.3992673992673993 0.4444444444444444 0.36813186813186816 0.4444444444444444
1 0.1282051282051282 0.21693121693121692 0.15567765567765568 0.21693121693121692 0.15567765567765568 0.2566137566137566 0.1282051282051282 0.2566137566137566
2 0.43223443223443225 0.4021164021164021 0.4633699633699634 0.4021164021164021 0.4633699633699634 0.4417989417989418 0.43223443223443225 0.4417989417989418
2 0.36996336996337 0.21428571428571427 0.3992673992673993 0.21428571428571427 0.3992673992673993 0.2566137566137566 0.36996336996337 0.2566137566137566
