1 0.6883333333333332 0.9572490706319703 0.7166666666666666 0.9572490706319703 0.7166666666666666 0.9888475836431226 0.6883333333333332 0.9888475836431226
1 0.45666666666666667 0.14869888475836432 0.485 0.14869888475836432 0.485 0.17843866171003717 0.45666666666666667 0.17843866171003717
1 0.62 0.6486988847583643 0.6516666666666666 0.6486988847583643 0.6516666666666666 0.6858736059479554 0.62 0.6858736059479554
1 0.016666666666666666 0.14869888475836432 0.045 0.14869888475836432 0.045 0.17843866171003717 0.016666666666666666 0.17843866171003717
1 0.08166666666666667 0.3550185873605948 0.11333333333333333 0.3550185873605948 0.11333333333333333 0.3903345724907063 0.08166666666666667 0.3903345724907063
1 0.6866666666666668 0.8717472118959109 0.7183333333333334 0.8717472118959109 0.7183333333333334 0.9052044609665428 0.6866666666666668 0.9052044609665428
1 0.14666666666666667 0.20631970260223048 0.17833333333333334 0.20631970260223048 0.17833333333333334 0.241635687732342 0.14666666666666667 0.241635687732342
1 0.7883333333333333 0.9572490706319703 0.815 0.9572490706319703 0.815 0.9888475836431226 0.7883333333333333 0.9888475836431226
1 0.08166666666666667 0.1449814126394052 0.11166666666666666 0.1449814126394052 0.11166666666666666 0.18029739776951673 0.08166666666666667 0.18029739776951673
1 0.38 0.3698884758364313 0.4083333333333333 0.3698884758364313 0.4083333333333333 0.40148698884758377 0.38 0.40148698884758377
1 0.6883333333333332 0.18401486988847585 0.7166666666666666 0.18401486988847585 0.7166666666666666 0.2174721189591078 0.6883333333333332 0.2174721189591078
1 0.14666666666666667 0.2936802973977695 0.17833333333333334 0.2936802973977695 0.17833333333333334 0.32899628252788105 0.14666666666666667 0.32899628252788105
1 0.6216666666666667 0.2955390334572491 0.65 0.2955390334572491 0.65 0.3271375464684015 0.6216666666666667 0.3271375464684015
1 0.455 0.9553903345724905 0.4866666666666667 0.9553903345724905 0.4866666666666667 0.990706319702602 0.455 0.990706319702602
1 0.235 0.587360594795539 0.265 0.587360594795539 0.265 0.620817843866171 0.235 0.620817843866171
1 0.18166666666666667 0.466542750929368 0.21 0.466542750929368 0.21 0.5 0.18166666666666667 0.5
1 0.23333333333333328 0.4646840148698885 0.2666666666666666 0.4646840148698885 0.2666666666666666 0.5 0.23333333333333328 0.5
1 0.785 0.06133828996282528 0.8166666666666667 0.06133828996282528 0.8166666666666667 0.09479553903345725 0.785 0.09479553903345725
1 0.6866666666666668 0.05947955390334572 0.7183333333333334 0.05947955390334572 0.7183333333333334 0.09479553903345725 0.6866666666666668 0.09479553903345725
1 0.45666666666666667 0.7007434944237917 0.4866666666666667 0.7007434944237917 0.4866666666666667 0.7342007434944237 0.45666666666666667 0.7342007434944237
1 0.45666666666666667 0.06133828996282528 0.4866666666666667 0.06133828996282528 0.4866666666666667 0.09479553903345725 0.45666666666666667 0.09479553903345725
1 0.28 0.7360594795539034 0.31000000000000005 0.7360594795539034 0.31000000000000005 0.7713754646840149 0.28 0.7713754646840149
1 0.45666666666666667 0.8104089219330856 0.4866666666666667 0.8104089219330856 0.4866666666666667 0.8438661710037175 0.45666666666666667 0.8438661710037175
1 0.2816666666666667 0.2955390334572491 0.30833333333333335 0.2955390334572491 0.30833333333333335 0.3271375464684015 0.2816666666666667 0.3271375464684015
1 0.455 0.5892193308550185 0.4866666666666667 0.5892193308550185 0.4866666666666667 0.6245353159851301 0.455 0.6245353159851301
1 0.6183333333333333 0.7713754646840149 0.655 0.7713754646840149 0.655 0.8085501858736059 0.6183333333333333 0.8085501858736059
2 0.785 0.6486988847583643 0.8166666666666667 0.6486988847583643 0.8166666666666667 0.6858736059479554 0.785 0.6858736059479554
1 0.6183333333333333 0.05947955390334572 0.6533333333333333 0.05947955390334572 0.6533333333333333 0.09665427509293681 0.6183333333333333 0.09665427509293681
1 0.7816666666666666 0.28810408921933084 0.82 0.28810408921933084 0.82 0.3308550185873606 0.7816666666666666 0.3308550185873606
1 0.38166666666666665 0.14869888475836432 0.4083333333333333 0.14869888475836432 0.4083333333333333 0.17843866171003717 0.38166666666666665 0.17843866171003717
2 0.14666666666666667 0.4646840148698885 0.18 0.4646840148698885 0.18 0.5018587360594795 0.14666666666666667 0.5018587360594795
2 0.14666666666666667 0.6486988847583643 0.17833333333333334 0.6486988847583643 0.17833333333333334 0.6840148698884758 0.14666666666666667 0.6840148698884758
1 0.6866666666666668 0.7100371747211895 0.7183333333333334 0.7100371747211895 0.7183333333333334 0.7434944237918215 0.6866666666666668 0.7434944237918215
1 0.145 0.05947955390334572 0.18 0.05947955390334572 0.18 0.09665427509293681 0.145 0.09665427509293681
2 0.5216666666666666 0.5892193308550185 0.5533333333333332 0.5892193308550185 0.5533333333333332 0.6245353159851301 0.5216666666666666 0.6245353159851301
2 0.6866666666666668 0.2936802973977695 0.7166666666666668 0.2936802973977695 0.7166666666666668 0.3271375464684015 0.6866666666666668 0.3271375464684015
1 0.37666666666666665 0.8066914498141264 0.4116666666666667 0.8066914498141264 0.4116666666666667 0.845724907063197 0.37666666666666665 0.845724907063197
2 0.6866666666666668 0.6486988847583643 0.7183333333333334 0.6486988847583643 0.7183333333333334 0.6858736059479554 0.6866666666666668 0.6858736059479554
2 0.145 0.587360594795539 0.18 0.587360594795539 0.18 0.6263940520446096 0.145 0.6263940520446096
2 0.2783333333333333 0.587360594795539 0.31 0.587360594795539 0.31 0.6245353159851301 0.2783333333333333 0.6245353159851301
2 0.225 0.20817843866171004 0.25333333333333335 0.20817843866171004 0.25333333333333335 0.241635687732342 0.225 0.241635687732342
2 0.28 0.466542750929368 0.31000000000000005 0.466542750929368 0.31000000000000005 0.5 0.28 0.5
2 0.38166666666666665 0.06505576208178439 0.4066666666666667 0.06505576208178439 0.4066666666666667 0.09107806691449814 0.38166666666666665 0.09107806691449814
2 0.225 0.06319702602230483 0.255 0.06319702602230483 0.255 0.09479553903345725 0.225 0.09479553903345725
