1 0.6670822942643392 0.5025974025974026 0.6945137157107232 0.5025974025974026 0.6945137157107232 0.5298701298701298 0.6670822942643392 0.5298701298701298
2 0.8728179551122195 0.6805194805194804 0.899002493765586 0.6805194805194804 0.899002493765586 0.7064935064935064 0.8728179551122195 0.7064935064935064
1 0.5224438902743143 0.14935064935064934 0.5473815461346634 0.14935064935064934 0.5473815461346634 0.17532467532467533 0.5224438902743143 0.17532467532467533
1 0.2344139650872818 0.22727272727272727 0.26059850374064836 0.22727272727272727 0.26059850374064836 0.2545454545454545 0.2344139650872818 0.2545454545454545
1 0.41895261845386533 0.674025974025974 0.4451371571072319 0.674025974025974 0.4451371571072319 0.7025974025974026 0.41895261845386533 0.7025974025974026
2 0.5211970074812967 0.36363636363636365 0.5486284289276807 0.36363636363636365 0.5486284289276807 0.3922077922077922 0.5211970074812967 0.3922077922077922
1 0.415211970074813 0.842857142857143 0.4451371571072319 0.842857142857143 0.4451371571072319 0.8727272727272729 0.415211970074813 0.8727272727272729
1 0.42019950124688277 0.4766233766233766 0.4463840399002494 0.4766233766233766 0.4463840399002494 0.5051948051948052 0.42019950124688277 0.5051948051948052
1 0.4214463840399002 0.03506493506493506 0.4488778054862842 0.03506493506493506 0.4488778054862842 0.06233766233766234 0.4214463840399002 0.06233766233766234
1 0.8067331670822943 0.6792207792207792 0.830423940149626 0.6792207792207792 0.830423940149626 0.7064935064935065 0.8067331670822943 0.7064935064935065
1 0.22942643391521197 0.8415584415584415 0.256857855361596 0.8415584415584415 0.256857855361596 0.8714285714285714 0.22942643391521197 0.8714285714285714
1 0.669576059850374 0.03636363636363636 0.6945137157107232 0.03636363636363636 0.6945137157107232 0.06233766233766234 0.669576059850374 0.06233766233766234
1 0.6633416458852868 0.8454545454545455 0.6907730673316709 0.8454545454545455 0.6907730673316709 0.874025974025974 0.6633416458852868 0.874025974025974
2 0.6034912718204489 0.15194805194805194 0.6271820448877806 0.15194805194805194 0.6271820448877806 0.17532467532467533 0.6034912718204489 0.17532467532467533
1 0.0885286783042394 0.6298701298701299 0.1172069825436409 0.6298701298701299 0.1172069825436409 0.6597402597402598 0.0885286783042394 0.6597402597402598
1 0.6683291770573567 0.36493506493506495 0.6920199501246884 0.36493506493506495 0.6920199501246884 0.39090909090909093 0.6683291770573567 0.39090909090909093
2 0.7793017456359103 0.6233766233766234 0.8042394014962594 0.6233766233766234 0.8042394014962594 0.6480519480519481 0.7793017456359103 0.6480519480519481
