1 0.4118476727785614 0.11217183770883053 0.4386459802538787 0.11217183770883053 0.4386459802538787 0.15990453460620524 0.4118476727785614 0.15990453460620524
1 0.2933709449929478 0.11455847255369926 0.31875881523272215 0.11455847255369926 0.31875881523272215 0.15990453460620524 0.2933709449929478 0.15990453460620524
1 0.07193229901269393 0.3341288782816229 0.09590973201692525 0.3341288782816229 0.09590973201692525 0.37708830548926014 0.07193229901269393 0.37708830548926014
1 0.844851904090268 0.441527446300716 0.8702397743300423 0.441527446300716 0.8702397743300423 0.48448687350835323 0.844851904090268 0.48448687350835323
1 0.07193229901269393 0.5202863961813843 0.09449929478138223 0.5202863961813843 0.09449929478138223 0.5632458233890215 0.07193229901269393 0.5632458233890215
1 0.53737658674189 0.7398568019093079 0.5627644569816644 0.7398568019093079 0.5627644569816644 0.7852028639618138 0.53737658674189 0.7852028639618138
1 0.4118476727785614 0.7398568019093079 0.43723554301833567 0.7398568019093079 0.43723554301833567 0.7828162291169452 0.4118476727785614 0.7828162291169452
1 0.7475317348377996 0.6730310262529833 0.7700987306064878 0.6730310262529833 0.7700987306064878 0.7136038186157518 0.7475317348377996 0.7136038186157518
1 0.2933709449929478 0.7422434367541766 0.31875881523272215 0.7422434367541766 0.31875881523272215 0.7828162291169452 0.2933709449929478 0.7828162291169452
1 0.610719322990127 0.43914081145584727 0.6361071932299014 0.43914081145584727 0.6361071932299014 0.48448687350835323 0.610719322990127 0.48448687350835323
