0 0.3888541014402004 0.3290929203539823 0.4035691922354414 0.3290929203539823 0.4035691922354414 0.3545353982300885 0.3888541014402004 0.3545353982300885
0 0.7376330619912336 0.7815265486725663 0.7507827175954915 0.7815265486725663 0.7507827175954915 0.8042035398230089 0.7376330619912336 0.8042035398230089
0 0.0707576706324358 0.3971238938053097 0.08422041327489041 0.3971238938053097 0.08422041327489041 0.4209070796460177 0.0707576706324358 0.4209070796460177
0 0.4120225422667501 0.5132743362831859 0.4267376330619912 0.5132743362831859 0.4267376330619912 0.5381637168141593 0.4120225422667501 0.5381637168141593
0 0.06981840951784596 0.577433628318584 0.08515967438948027 0.577433628318584 0.08515967438948027 0.6050884955752213 0.06981840951784596 0.6050884955752213
0 0.26268002504696303 0.47400442477876104 0.2767689417658109 0.47400442477876104 0.2767689417658109 0.4983407079646018 0.26268002504696303 0.4983407079646018
0 0.3375078271759549 0.47179203539823006 0.352222917971196 0.47179203539823006 0.352222917971196 0.4966814159292035 0.3375078271759549 0.4966814159292035
0 0.2620538509705698 0.5127212389380531 0.2773951158422041 0.5127212389380531 0.2773951158422041 0.5381637168141593 0.2620538509705698 0.5381637168141593
0 0.07044458359423919 0.6482300884955752 0.08453350031308704 0.6482300884955752 0.08453350031308704 0.6725663716814159 0.07044458359423919 0.6725663716814159
0 0.7874139010644959 0.7815265486725663 0.7989981214777708 0.7815265486725663 0.7989981214777708 0.8025442477876106 0.7874139010644959 0.8025442477876106
0 0.07013149655604257 0.5127212389380531 0.08515967438948027 0.5127212389380531 0.08515967438948027 0.5387168141592921 0.07013149655604257 0.5387168141592921
0 0.3375078271759549 0.8119469026548672 0.3519098309329994 0.8119469026548672 0.3519098309329994 0.8357300884955752 0.3375078271759549 0.8357300884955752
0 0.4113963681903569 0.47400442477876104 0.426111458985598 0.47400442477876104 0.426111458985598 0.49944690265486724 0.4113963681903569 0.49944690265486724
0 0.6825297432686287 0.7804203539823009 0.6972448340638697 0.7804203539823009 0.6972448340638697 0.8047566371681416 0.6825297432686287 0.8047566371681416
1 0.6468378209142142 0.27323008849557523 0.6581089542892924 0.27323008849557523 0.6581089542892924 0.2936946902654867 0.6468378209142142 0.2936946902654867
1 0.8406386975579211 0.5536504424778761 0.852222917971196 0.5536504424778761 0.852222917971196 0.5735619469026548 0.8406386975579211 0.5735619469026548
1 0.7517219787100814 0.09900442477876106 0.76017532874139 0.09900442477876106 0.76017532874139 0.11393805309734513 0.7517219787100814 0.11393805309734513
1 0.5992485911083281 0.5553097345132744 0.6102066374452098 0.5553097345132744 0.6102066374452098 0.5752212389380531 0.5992485911083281 0.5752212389380531
1 0.3068252974326863 0.8202433628318584 0.31684408265497804 0.8202433628318584 0.31684408265497804 0.838495575221239 0.3068252974326863 0.838495575221239
1 0.5995616781465247 0.9198008849557522 0.6098935504070131 0.9198008849557522 0.6098935504070131 0.9369469026548672 0.5995616781465247 0.9369469026548672
1 0.7874139010644959 0.36670353982300885 0.7986850344395742 0.36670353982300885 0.7986850344395742 0.38716814159292035 0.7874139010644959 0.38716814159292035
1 0.5989355040701315 0.09789823008849557 0.6086412022542267 0.09789823008849557 0.6086412022542267 0.11393805309734513 0.5989355040701315 0.11393805309734513
1 0.34001252348152783 0.9203539823008849 0.34971822166562305 0.9203539823008849 0.34971822166562305 0.9369469026548672 0.34001252348152783 0.9369469026548672
0 0.5948653725735754 0.2704646017699115 0.6080150281778334 0.2704646017699115 0.6080150281778334 0.29646017699115046 0.5948653725735754 0.29646017699115046
1 0.5986224170319349 0.47898230088495575 0.6111458985597996 0.47898230088495575 0.6111458985597996 0.5 0.5986224170319349 0.5
1 0.7395115842204132 0.9209070796460177 0.7485911083281152 0.9209070796460177 0.7485911083281152 0.9369469026548672 0.7395115842204132 0.9369469026548672
1 0.11365059486537257 0.8191371681415929 0.12398246712586099 0.8191371681415929 0.12398246712586099 0.8379424778761062 0.11365059486537257 0.8379424778761062
1 0.4348778960551033 0.09845132743362832 0.44395742016280526 0.09845132743362832 0.44395742016280526 0.11449115044247787 0.4348778960551033 0.11449115044247787
1 0.3393863494051346 0.40542035398230086 0.3494051346274264 0.40542035398230086 0.3494051346274264 0.42201327433628316 0.3393863494051346 0.42201327433628316
1 0.07201001878522229 0.7660398230088495 0.0823418910457107 0.7660398230088495 0.0823418910457107 0.7842920353982301 0.07201001878522229 0.7842920353982301
1 0.8418910457107075 0.9198008849557522 0.8519098309329993 0.9198008849557522 0.8519098309329993 0.9369469026548672 0.8418910457107075 0.9369469026548672
1 0.9048215403882279 0.9192477876106194 0.915466499686913 0.9192477876106194 0.915466499686913 0.9375 0.9048215403882279 0.9375
1 0.7880400751408891 0.9186946902654867 0.7986850344395742 0.9186946902654867 0.7986850344395742 0.9375 0.7880400751408891 0.9375
1 0.46743894802755165 0.2743362831858407 0.4774577332498434 0.2743362831858407 0.4774577332498434 0.2920353982300885 0.46743894802755165 0.2920353982300885
1 0.7514088916718847 0.2013274336283186 0.7611145898559799 0.2013274336283186 0.7611145898559799 0.2179203539823009 0.7514088916718847 0.2179203539823009
1 0.43393863494051343 0.3213495575221239 0.4452097683155917 0.3213495575221239 0.4452097683155917 0.33904867256637167 0.43393863494051343 0.33904867256637167
1 0.07263619286161553 0.09845132743362832 0.08171571696931747 0.09845132743362832 0.08171571696931747 0.11393805309734513 0.07263619286161553 0.11393805309734513
1 0.706011271133375 0.7898230088495575 0.7154038822792737 0.7898230088495575 0.7154038822792737 0.805862831858407 0.706011271133375 0.805862831858407
1 0.684721352536005 0.9192477876106194 0.6956793988728867 0.9192477876106194 0.6956793988728867 0.9375 0.684721352536005 0.9375
1 0.0723231058234189 0.9192477876106194 0.08265497808390732 0.9192477876106194 0.08265497808390732 0.9369469026548672 0.0723231058234189 0.9369469026548672
1 0.647777082028804 0.09845132743362832 0.6568566061365059 0.09845132743362832 0.6568566061365059 0.11393805309734513 0.647777082028804 0.11393805309734513
1 0.5983093299937382 0.519358407079646 0.6111458985597996 0.519358407079646 0.6111458985597996 0.5392699115044248 0.5983093299937382 0.5392699115044248
1 0.6850344395742016 0.5121681415929203 0.6966186599874765 0.5121681415929203 0.6966186599874765 0.5337389380530974 0.6850344395742016 0.5337389380530974
1 0.9038822792736381 0.36670353982300885 0.915466499686913 0.36670353982300885 0.915466499686913 0.38827433628318586 0.9038822792736381 0.38827433628318586
1 0.2601753287413901 0.8196902654867256 0.27019411396368187 0.8196902654867256 0.27019411396368187 0.838495575221239 0.2601753287413901 0.838495575221239
1 0.7883531621790858 0.09845132743362832 0.7977457733249843 0.09845132743362832 0.7977457733249843 0.11449115044247787 0.7883531621790858 0.11449115044247787
1 0.9051346274264245 0.09900442477876106 0.9142141515341264 0.09900442477876106 0.9142141515341264 0.11449115044247787 0.9051346274264245 0.11449115044247787
0 0.5958046336881653 0.19911504424778761 0.6064495929868503 0.19911504424778761 0.6064495929868503 0.2179203539823009 0.5958046336881653 0.2179203539823009
0 0.645272385723231 0.19966814159292035 0.655917345021916 0.19966814159292035 0.655917345021916 0.2195796460176991 0.645272385723231 0.2195796460176991
1 0.33907326236693797 0.521570796460177 0.3494051346274264 0.521570796460177 0.3494051346274264 0.5392699115044248 0.33907326236693797 0.5392699115044248
1 0.33813400125234816 0.6366150442477876 0.3509705698184095 0.6366150442477876 0.3509705698184095 0.6565265486725663 0.33813400125234816 0.6565265486725663
0 0.3371947401377583 0.6521017699115044 0.3509705698184095 0.6521017699115044 0.3509705698184095 0.6731194690265486 0.3371947401377583 0.6731194690265486
1 0.47056981840951784 0.4811946902654867 0.480275516593613 0.4811946902654867 0.480275516593613 0.49944690265486724 0.47056981840951784 0.49944690265486724
1 0.8409517845961176 0.3644911504424779 0.8525360050093925 0.3644911504424779 0.8525360050093925 0.38495575221238937 0.8409517845961176 0.38495575221238937
1 0.2770820288040075 0.19966814159292035 0.28804007514088914 0.19966814159292035 0.28804007514088914 0.21902654867256638 0.2770820288040075 0.21902654867256638
1 0.6859737006887915 0.09845132743362832 0.6947401377582968 0.09845132743362832 0.6947401377582968 0.11449115044247787 0.6859737006887915 0.11449115044247787
1 0.21227301189730743 0.40486725663716816 0.22197871008140263 0.40486725663716816 0.22197871008140263 0.4225663716814159 0.21227301189730743 0.4225663716814159
1 0.8412648716343143 0.3855088495575221 0.8519098309329993 0.3855088495575221 0.8519098309329993 0.40154867256637167 0.8412648716343143 0.40154867256637167
1 0.43112085159674385 0.19911504424778761 0.44270507201001874 0.19911504424778761 0.44270507201001874 0.2195796460176991 0.43112085159674385 0.2195796460176991
1 0.24546023794614902 0.3053097345132743 0.2551659361302442 0.3053097345132743 0.2551659361302442 0.3241150442477876 0.24546023794614902 0.3241150442477876
1 0.9035691922354414 0.38329646017699115 0.915466499686913 0.38329646017699115 0.915466499686913 0.40154867256637167 0.9035691922354414 0.40154867256637167
2 0.7376330619912336 0.6875 0.7507827175954915 0.6875 0.7507827175954915 0.7112831858407079 0.7376330619912336 0.7112831858407079
1 0.43425172197871004 0.33628318584070793 0.4455228553537883 0.33628318584070793 0.4455228553537883 0.3545353982300885 0.43425172197871004 0.3545353982300885
1 0.24420788979336255 0.09900442477876106 0.25297432686286786 0.09900442477876106 0.25297432686286786 0.11449115044247787 0.24420788979336255 0.11449115044247787
1 0.24452097683155916 0.2472345132743363 0.2539135879774577 0.2472345132743363 0.2539135879774577 0.2654867256637168 0.24452097683155916 0.2654867256637168
1 0.41327489041953663 0.4529867256637168 0.4248591108328115 0.4529867256637168 0.4248591108328115 0.4745575221238938 0.41327489041953663 0.4745575221238938
1 0.26455854727614275 0.45353982300884954 0.2755165936130244 0.45353982300884954 0.2755165936130244 0.47345132743362833 0.26455854727614275 0.47345132743362833
1 0.3916718847839699 0.45519911504424776 0.4007514088916719 0.45519911504424776 0.4007514088916719 0.4706858407079646 0.3916718847839699 0.4706858407079646
