1 0.17136150234741784 0.13004484304932734 0.1936619718309859 0.13004484304932734 0.1936619718309859 0.17040358744394618 0.17136150234741784 0.17040358744394618
1 0.9307511737089202 0.13004484304932734 0.9518779342723005 0.13004484304932734 0.9518779342723005 0.17040358744394618 0.9307511737089202 0.17040358744394618
1 0.03051643192488263 0.43946188340807174 0.05046948356807512 0.43946188340807174 0.05046948356807512 0.47757847533632286 0.03051643192488263 0.47757847533632286
1 0.2323943661971831 0.13004484304932734 0.2546948356807512 0.13004484304932734 0.2546948356807512 0.17040358744394618 0.2323943661971831 0.17040358744394618
0 0.31220657276995306 0.226457399103139 0.33568075117370894 0.226457399103139 0.33568075117370894 0.2713004484304933 0.31220657276995306 0.2713004484304933
1 0.3145539906103286 0.437219730941704 0.33568075117370894 0.437219730941704 0.33568075117370894 0.47757847533632286 0.3145539906103286 0.47757847533632286
1 0.7946009389671361 0.5941704035874439 0.8157276995305165 0.5941704035874439 0.8157276995305165 0.6345291479820627 0.7946009389671361 0.6345291479820627
1 0.5046948356807511 0.4080717488789238 0.5269953051643192 0.4080717488789238 0.5269953051643192 0.4506726457399103 0.5046948356807511 0.4506726457399103
1 0.6208920187793427 0.4080717488789238 0.642018779342723 0.4080717488789238 0.642018779342723 0.4484304932735426 0.6208920187793427 0.4484304932735426
1 0.8497652582159625 0.5941704035874439 0.8708920187793427 0.5941704035874439 0.8708920187793427 0.6345291479820627 0.8497652582159625 0.6345291479820627
1 0.8497652582159625 0.23542600896860985 0.8708920187793427 0.23542600896860985 0.8708920187793427 0.2757847533632287 0.8497652582159625 0.2757847533632287
2 0.8532863849765259 0.020179372197309416 0.8673708920187794 0.020179372197309416 0.8673708920187794 0.04708520179372197 0.8532863849765259 0.04708520179372197
2 0.5093896713615024 0.017937219730941704 0.5246478873239436 0.017937219730941704 0.5246478873239436 0.04708520179372197 0.5093896713615024 0.04708520179372197
2 0.31572769953051644 0.017937219730941704 0.33215962441314556 0.017937219730941704 0.33215962441314556 0.04708520179372197 0.31572769953051644 0.04708520179372197
2 0.03286384976525822 0.017937219730941704 0.04812206572769953 0.017937219730941704 0.04812206572769953 0.04708520179372197 0.03286384976525822 0.04708520179372197
