1 0.5614035087719298 0.24870466321243523 0.5754385964912281 0.24870466321243523 0.5754385964912281 0.26424870466321243 0.5614035087719298 0.26424870466321243
1 0.5614035087719298 0.8354922279792746 0.5777777777777777 0.8354922279792746 0.5777777777777777 0.8536269430051814 0.5614035087719298 0.8536269430051814
1 0.14332511269290257 0.4527758696275022 0.1573602004122008 0.4527758696275022 0.1573602004122008 0.4683199110782794 0.14332511269290257 0.4683199110782794
1 0.816374269005848 0.07253886010362694 0.8315789473684211 0.07253886010362694 0.8315789473684211 0.09067357512953365 0.816374269005848 0.09067357512953365
1 0.8888888888888888 0.8018134715025905 0.9052631578947369 0.8018134715025905 0.9052631578947369 0.8199481865284972 0.8888888888888888 0.8199481865284972
1 0.3497076023391813 0.40025906735751293 0.36374269005847953 0.40025906735751293 0.36374269005847953 0.41580310880829013 0.3497076023391813 0.41580310880829013
1 0.7789473684210526 0.6411917098445595 0.7929824561403509 0.6411917098445595 0.7929824561403509 0.6580310880829014 0.7789473684210526 0.6580310880829014
1 0.8853801169590644 0.15544041450777202 0.9017543859649123 0.15544041450777202 0.9017543859649123 0.17357512953367876 0.8853801169590644 0.17357512953367876
2 0.5614035087719298 0.1567357512953368 0.5754385964912281 0.1567357512953368 0.5754385964912281 0.17357512953367876 0.5614035087719298 0.17357512953367876
1 0.8865497076023392 0.25 0.8994152046783626 0.25 0.8994152046783626 0.26424870466321243 0.8865497076023392 0.26424870466321243
1 0.8853801169590644 0.4494818652849741 0.9017543859649123 0.4494818652849741 0.9017543859649123 0.4689119170984456 0.8853801169590644 0.4689119170984456
1 0.5625730994152047 0.012953367875647668 0.576608187134503 0.012953367875647668 0.576608187134503 0.02849740932642487 0.5625730994152047 0.02849740932642487
0 0.3473684210526316 0.7966321243523317 0.36608187134502923 0.7966321243523317 0.36608187134502923 0.8173575129533679 0.3473684210526316 0.8173575129533679
1 0.560233918128655 0.12694300518134716 0.5754385964912281 0.12694300518134716 0.5754385964912281 0.14507772020725387 0.560233918128655 0.14507772020725387
0 0.3473684210526316 0.8316062176165802 0.36608187134502923 0.8316062176165802 0.36608187134502923 0.8510362694300516 0.3473684210526316 0.8510362694300516
1 0.5637761959863016 0.7163583517723936 0.5766416930623249 0.7163583517723936 0.5766416930623249 0.730607056435606 0.5637761959863016 0.730607056435606
1 0.7777777777777779 0.3134715025906736 0.7918128654970762 0.3134715025906736 0.7918128654970762 0.3290155440414508 0.7777777777777779 0.3290155440414508
1 0.5614035087719298 0.48575129533678757 0.5777777777777777 0.48575129533678757 0.5777777777777777 0.5038860103626943 0.5614035087719298 0.5038860103626943
1 0.6631578947368421 0.3134715025906736 0.6760233918128655 0.3134715025906736 0.6760233918128655 0.3290155440414508 0.6631578947368421 0.3290155440414508
1 0.6631578947368421 0.6411917098445595 0.6771929824561403 0.6411917098445595 0.6771929824561403 0.6554404145077719 0.6631578947368421 0.6554404145077719
0 0.8152046783625732 0.15155440414507773 0.8339181286549707 0.15155440414507773 0.8339181286549707 0.17227979274611402 0.8152046783625732 0.17227979274611402
1 0.5625730994152047 0.9753886010362695 0.576608187134503 0.9753886010362695 0.576608187134503 0.9909326424870466 0.5625730994152047 0.9909326424870466
0 0.8842105263157894 0.2033678756476684 0.9005847953216374 0.2033678756476684 0.9005847953216374 0.22150259067357514 0.8842105263157894 0.22150259067357514
2 0.5625730994152047 0.8018134715025905 0.5777777777777778 0.8018134715025905 0.5777777777777778 0.8186528497409324 0.5625730994152047 0.8186528497409324
1 0.8900584795321638 0.7150259067357513 0.904093567251462 0.7150259067357513 0.904093567251462 0.7305699481865285 0.8900584795321638 0.7305699481865285
