2 0.37515098537825814 0.6334292877704523 0.39062500000000006 0.6334292877704523 0.39062500000000006 0.6816479400749061 0.37515098537825814 0.6816479400749061
2 0.6568213604577242 0.6354895223945275 0.6742788461538456 0.6354895223945275 0.6742788461538456 0.6816479400749057 0.6568213604577242 0.6816479400749057
2 0.7237984742530197 0.6361444888104745 0.7403846153846154 0.6361444888104745 0.7403846153846154 0.6779026217228465 0.7237984742530197 0.6779026217228465
2 0.09017482517482517 0.6344594050824899 0.10817307692307694 0.6344594050824899 0.10817307692307694 0.6816479400749063 0.09017482517482517 0.6816479400749063
2 0.1568213604577241 0.6340842541863991 0.17307692307692307 0.6340842541863991 0.17307692307692307 0.6779026217228463 0.1568213604577241 0.6779026217228463
2 0.44092617609663065 0.6340842541863991 0.4555288461538462 0.6340842541863991 0.4555288461538462 0.6779026217228459 0.44092617609663065 0.6779026217228459
2 0.0915702479338843 0.38835422663818986 0.10347107438016528 0.38835422663818986 0.10347107438016528 0.43264927105580836 0.0915702479338843 0.43264927105580836
2 0.20826446280991734 0.46149255579286225 0.21884297520661158 0.46149255579286225 0.21884297520661158 0.49445630977806676 0.20826446280991734 0.49445630977806676
2 0.2770247933884298 0.456341969232674 0.28793388429752065 0.456341969232674 0.28793388429752065 0.4893057232178785 0.2770247933884298 0.4893057232178785
2 0.3087603305785124 0.30491472436314115 0.31900826446280994 0.30491472436314115 0.31900826446280994 0.33684836103630794 0.3087603305785124 0.33684836103630794
2 0.37586776859504134 0.3945349305104157 0.38611570247933885 0.3945349305104157 0.38611570247933885 0.4264685671835826 0.37586776859504134 0.4264685671835826
2 0.4922314049586777 0.45840220385674935 0.502809917355372 0.45840220385674935 0.502809917355372 0.4923960751539915 0.4922314049586777 0.4923960751539915
2 0.5596694214876033 0.45428173460859883 0.5705785123966942 0.45428173460859883 0.5705785123966942 0.4872454885938032 0.5596694214876033 0.4872454885938032
2 0.5930578512396695 0.30491472436314115 0.6036363636363636 0.30491472436314115 0.6036363636363636 0.33684836103630794 0.5930578512396695 0.33684836103630794
2 0.6581818181818181 0.3955650478224534 0.6684297520661157 0.3955650478224534 0.6684297520661157 0.42852880180765784 0.6581818181818181 0.42852880180765784
2 0.7745454545454545 0.456341969232674 0.7880991735537191 0.456341969232674 0.7880991735537191 0.4934261924660291 0.7745454545454545 0.4934261924660291
2 0.8436363636363636 0.4511913826724859 0.856198347107438 0.4511913826724859 0.856198347107438 0.4913659578419538 0.8436363636363636 0.4913659578419538
2 0.8757024793388429 0.3007942551149906 0.8872727272727274 0.3007942551149906 0.8872727272727274 0.3378784783483456 0.8757024793388429 0.3378784783483456
