1 0.16770963704630792 0.6042780748663101 0.1877346683354193 0.6042780748663101 0.1877346683354193 0.6327985739750446 0.16770963704630792 0.6327985739750446
1 0.5519399249061326 0.6042780748663101 0.571964956195244 0.6042780748663101 0.571964956195244 0.6327985739750446 0.5519399249061326 0.6327985739750446
1 0.5494367959949937 0.9073083778966132 0.5732165206508135 0.9073083778966132 0.5732165206508135 0.9393939393939394 0.5494367959949937 0.9393939393939394
1 0.5519399249061326 0.6720142602495544 0.5732165206508135 0.6720142602495544 0.5732165206508135 0.7023172905525846 0.5519399249061326 0.7023172905525846
1 0.16770963704630792 0.910873440285205 0.18898623279098878 0.910873440285205 0.18898623279098878 0.9393939393939394 0.16770963704630792 0.9393939393939394
1 0.16896120150187735 0.3672014260249554 0.18773466833541927 0.3672014260249554 0.18773466833541927 0.3939393939393939 0.16896120150187735 0.3939393939393939
1 0.5531914893617021 0.3672014260249554 0.571964956195244 0.3672014260249554 0.571964956195244 0.39215686274509803 0.5531914893617021 0.39215686274509803
1 0.6958698372966208 0.9090909090909091 0.7171464330413017 0.9090909090909091 0.7171464330413017 0.9393939393939394 0.6958698372966208 0.9393939393939394
1 0.3141426783479349 0.9126559714795008 0.3316645807259074 0.9126559714795008 0.3316645807259074 0.9376114081996435 0.3141426783479349 0.9376114081996435
1 0.5531914893617021 0.05882352941176469 0.571964956195244 0.05882352941176469 0.571964956195244 0.08556149732620319 0.5531914893617021 0.08556149732620319
1 0.4070999390438594 0.9113233287858117 0.4291312298627035 0.9113233287858117 0.4291312298627035 0.9427012278308322 0.4070999390438594 0.9427012278308322
