1 0.07628128724672228 0.6574500768049155 0.10131108462455304 0.6574500768049155 0.10131108462455304 0.6881720430107527 0.07628128724672228 0.6881720430107527
1 0.6030989272943981 0.9447004608294931 0.6269368295589988 0.9447004608294931 0.6269368295589988 0.9738863287250384 0.6030989272943981 0.9738863287250384
1 0.2526817640047676 0.6620583717357911 0.2765196662693683 0.6620583717357911 0.2765196662693683 0.6912442396313364 0.2526817640047676 0.6912442396313364
1 0.25387365911799764 0.9447004608294931 0.2765196662693683 0.9447004608294931 0.2765196662693683 0.9738863287250384 0.25387365911799764 0.9738863287250384
1 0.7377830750893921 0.4946236559139785 0.7651966626936829 0.4946236559139785 0.7651966626936829 0.5299539170506913 0.7377830750893921 0.5299539170506913
1 0.2526817640047676 0.4807987711213518 0.27771156138259834 0.4807987711213518 0.27771156138259834 0.5130568356374808 0.2526817640047676 0.5130568356374808
1 0.3563766388557807 0.946236559139785 0.3778307508939213 0.946236559139785 0.3778307508939213 0.9723502304147466 0.3563766388557807 0.9723502304147466
1 0.49821215733015495 0.3241167434715822 0.5184743742550656 0.3241167434715822 0.5184743742550656 0.3533026113671275 0.49821215733015495 0.3533026113671275
1 0.7401668653158522 0.03225806451612903 0.7640047675804529 0.03225806451612903 0.7640047675804529 0.0629800307219662 0.7401668653158522 0.0629800307219662
1 0.25148986889153757 0.3456221198156682 0.27532777115613827 0.3456221198156682 0.27532777115613827 0.3763440860215054 0.25148986889153757 0.3763440860215054
1 0.8426698450536353 0.6497695852534562 0.865315852205006 0.6497695852534562 0.865315852205006 0.6774193548387096 0.8426698450536353 0.6774193548387096
1 0.6138259833134684 0.03225806451612903 0.6376638855780691 0.03225806451612903 0.6376638855780691 0.0629800307219662 0.6138259833134684 0.0629800307219662
1 0.8367103694874851 0.9431643625192012 0.8605482717520858 0.9431643625192012 0.8605482717520858 0.9738863287250384 0.8367103694874851 0.9738863287250384
1 0.5005959475566151 0.03379416282642089 0.5208581644815257 0.03379416282642089 0.5208581644815257 0.06144393241167435 0.5005959475566151 0.06144393241167435
1 0.31942789034564956 0.34408602150537637 0.3432657926102503 0.34408602150537637 0.3432657926102503 0.37480798771121354 0.31942789034564956 0.37480798771121354
1 0.39809296781883197 0.21198156682027655 0.4195470798569726 0.21198156682027655 0.4195470798569726 0.23963133640553 0.39809296781883197 0.23963133640553
1 0.499404052443385 0.9447004608294931 0.5196662693682956 0.9447004608294931 0.5196662693682956 0.9723502304147466 0.499404052443385 0.9723502304147466
1 0.6066746126340882 0.40245775729646704 0.6293206197854588 0.40245775729646704 0.6293206197854588 0.4316436251920124 0.6066746126340882 0.4316436251920124
1 0.3218116805721097 0.21198156682027655 0.3432657926102503 0.21198156682027655 0.3432657926102503 0.23963133640553 0.3218116805721097 0.23963133640553
2 0.499404052443385 0.2104454685099847 0.5208581644815257 0.2104454685099847 0.5208581644815257 0.23963133640553 0.499404052443385 0.23963133640553
1 0.8426698450536353 0.5606758832565284 0.865315852205006 0.5606758832565284 0.865315852205006 0.5883256528417818 0.8426698450536353 0.5883256528417818
1 0.8402860548271752 0.728110599078341 0.866507747318236 0.728110599078341 0.866507747318236 0.7588325652841781 0.8402860548271752 0.7588325652841781
2 0.1632896305125149 0.685099846390169 0.1907032181168057 0.685099846390169 0.1907032181168057 0.717357910906298 0.1632896305125149 0.717357910906298
1 0.6078665077473182 0.7235023041474655 0.6293206197854588 0.7235023041474655 0.6293206197854588 0.7480798771121353 0.6078665077473182 0.7480798771121353
1 0.8410578883048965 0.7914723517654898 0.8632862160228502 0.7914723517654898 0.8632862160228502 0.8194536975349765 0.8410578883048965 0.8194536975349765
1 0.8389901368892729 0.8634243837441705 0.8632862160228502 0.8634243837441705 0.8632862160228502 0.8920719520319786 0.8389901368892729 0.8920719520319786
