0 0.5388888888888889 0.47160493827160493 0.5648148148148149 0.47160493827160493 0.5648148148148149 0.508641975308642 0.5388888888888889 0.508641975308642
2 0.05555555555555556 0.9308641975308641 0.08333333333333334 0.9308641975308641 0.08333333333333334 0.9654320987654321 0.05555555555555556 0.9654320987654321
1 0.4388888888888889 0.27901234567901234 0.46481481481481485 0.27901234567901234 0.46481481481481485 0.3135802469135802 0.4388888888888889 0.3135802469135802
1 0.38703703703703707 0.6592592592592592 0.4203703703703704 0.6592592592592592 0.4203703703703704 0.7037037037037037 0.38703703703703707 0.7037037037037037
1 0.3925925925925926 0.40987654320987654 0.41481481481481486 0.40987654320987654 0.41481481481481486 0.437037037037037 0.3925925925925926 0.437037037037037
1 0.15185185185185185 0.12098765432098765 0.17407407407407408 0.12098765432098765 0.17407407407407408 0.14814814814814814 0.15185185185185185 0.14814814814814814
1 0.3944444444444445 0.12098765432098765 0.412962962962963 0.12098765432098765 0.412962962962963 0.14814814814814814 0.3944444444444445 0.14814814814814814
1 0.3907407407407408 0.8222222222222222 0.4185185185185185 0.8222222222222222 0.4185185185185185 0.8592592592592593 0.3907407407407408 0.8592592592592593
1 0.3888888888888889 0.4691358024691358 0.4166666666666667 0.4691358024691358 0.4166666666666667 0.508641975308642 0.3888888888888889 0.508641975308642
1 0.14814814814814814 0.8246913580246913 0.17592592592592593 0.8246913580246913 0.17592592592592593 0.8592592592592593 0.14814814814814814 0.8592592592592593
1 0.7314814814814815 0.8271604938271605 0.7537037037037038 0.8271604938271605 0.7537037037037038 0.8592592592592593 0.7314814814814815 0.8592592592592593
1 0.24814814814814815 0.5382716049382716 0.27222222222222225 0.5382716049382716 0.27222222222222225 0.5703703703703703 0.24814814814814815 0.5703703703703703
1 0.14814814814814814 0.5358024691358024 0.17407407407407408 0.5358024691358024 0.17407407407407408 0.5728395061728395 0.14814814814814814 0.5728395061728395
1 0.24629629629629632 0.8246913580246913 0.2740740740740741 0.8246913580246913 0.2740740740740741 0.8617283950617284 0.24629629629629632 0.8617283950617284
1 0.3944444444444445 0.15555555555555556 0.412962962962963 0.15555555555555556 0.412962962962963 0.18024691358024691 0.3944444444444445 0.18024691358024691
