2 0.060781476121562955 0.8047445255474454 0.07814761215629522 0.8047445255474454 0.07814761215629522 0.8266423357664234 0.060781476121562955 0.8266423357664234
1 0.23444283646888567 0.771897810218978 0.2503617945007236 0.771897810218978 0.2503617945007236 0.7937956204379562 0.23444283646888567 0.7937956204379562
1 0.25615050651230103 0.14963503649635038 0.2749638205499277 0.14963503649635038 0.2749638205499277 0.17335766423357665 0.25615050651230103 0.17335766423357665
2 0.467438494934877 0.14963503649635038 0.487698986975398 0.14963503649635038 0.487698986975398 0.17335766423357665 0.467438494934877 0.17335766423357665
1 0.37192474674384957 0.635036496350365 0.3907380607814762 0.635036496350365 0.3907380607814762 0.656934306569343 0.37192474674384957 0.656934306569343
1 0.1780028943560058 0.635036496350365 0.1953690303907381 0.635036496350365 0.1953690303907381 0.656934306569343 0.1780028943560058 0.656934306569343
2 0.467438494934877 0.0821167883211679 0.48625180897250364 0.0821167883211679 0.48625180897250364 0.10583941605839417 0.467438494934877 0.10583941605839417
1 0.17945007235890015 0.771897810218978 0.1939218523878437 0.771897810218978 0.1939218523878437 0.7919708029197079 0.17945007235890015 0.7919708029197079
1 0.32127351664254705 0.7755474452554745 0.3357452966714906 0.7755474452554745 0.3357452966714906 0.7937956204379562 0.32127351664254705 0.7937956204379562
1 0.5933429811866859 0.28832116788321166 0.6121562952243126 0.28832116788321166 0.6121562952243126 0.31204379562043794 0.5933429811866859 0.31204379562043794
1 0.6483357452966715 0.49635036496350365 0.6685962373371924 0.49635036496350365 0.6685962373371924 0.5218978102189781 0.6483357452966715 0.5218978102189781
1 0.8176555716353111 0.3613138686131387 0.8364688856729378 0.3613138686131387 0.8364688856729378 0.38321167883211676 0.8176555716353111 0.38321167883211676
1 0.6483357452966715 0.4124087591240876 0.6700434153400868 0.4124087591240876 0.6700434153400868 0.4397810218978102 0.6483357452966715 0.4397810218978102
1 0.1287988422575977 0.8047445255474454 0.14616497829232997 0.8047445255474454 0.14616497829232997 0.8266423357664234 0.1287988422575977 0.8266423357664234
1 0.46888567293777134 0.28832116788321166 0.487698986975398 0.28832116788321166 0.487698986975398 0.31204379562043794 0.46888567293777134 0.31204379562043794
1 0.059334298118668596 0.7025547445255476 0.07814761215629522 0.7025547445255476 0.07814761215629522 0.7262773722627738 0.059334298118668596 0.7262773722627738
1 0.28798842257597684 0.6332116788321168 0.30824891461649784 0.6332116788321168 0.30824891461649784 0.6587591240875912 0.28798842257597684 0.6587591240875912
1 0.2532561505065123 0.07846715328467153 0.27496382054992763 0.07846715328467153 0.27496382054992763 0.10583941605839416 0.2532561505065123 0.10583941605839416
1 0.3183791606367583 0.49452554744525545 0.33719247467438496 0.49452554744525545 0.33719247467438496 0.5182481751824818 0.3183791606367583 0.5182481751824818
1 0.7293777134587555 0.28832116788321166 0.7496382054992764 0.28832116788321166 0.7496382054992764 0.31386861313868614 0.7293777134587555 0.31386861313868614
1 0.7293777134587555 0.0821167883211679 0.7496382054992764 0.0821167883211679 0.7496382054992764 0.10766423357664234 0.7293777134587555 0.10766423357664234
1 0.5933429811866859 0.08394160583941605 0.6107091172214182 0.08394160583941605 0.6107091172214182 0.10583941605839416 0.5933429811866859 0.10583941605839416
1 0.25470332850940663 0.4927007299270073 0.2749638205499276 0.4927007299270073 0.2749638205499276 0.5182481751824818 0.25470332850940663 0.5182481751824818
2 0.894356005788712 0.6368613138686131 0.914616497829233 0.6368613138686131 0.914616497829233 0.6605839416058394 0.894356005788712 0.6605839416058394
2 0.2575976845151954 0.35583941605839414 0.27496382054992763 0.35583941605839414 0.27496382054992763 0.3777372262773723 0.2575976845151954 0.3777372262773723
1 0.8176555716353111 0.4981751824817518 0.8350217076700435 0.4981751824817518 0.8350217076700435 0.5218978102189781 0.8176555716353111 0.5218978102189781
1 0.42547033285094066 0.5656934306569343 0.44573082489146165 0.5656934306569343 0.44573082489146165 0.5912408759124088 0.42547033285094066 0.5912408759124088
2 0.4240231548480463 0.4927007299270073 0.44573082489146165 0.4927007299270073 0.44573082489146165 0.5218978102189781 0.4240231548480463 0.5218978102189781
1 0.8929088277858177 0.4981751824817518 0.914616497829233 0.4981751824817518 0.914616497829233 0.5237226277372263 0.8929088277858177 0.5237226277372263
1 0.42547033285094066 0.29014598540145986 0.4442836468885673 0.29014598540145986 0.4442836468885673 0.31204379562043794 0.42547033285094066 0.31204379562043794
1 0.426917510853835 0.7737226277372264 0.4442836468885673 0.7737226277372264 0.4442836468885673 0.7956204379562046 0.426917510853835 0.7956204379562046
1 0.8929088277858177 0.26277372262773724 0.914616497829233 0.26277372262773724 0.914616497829233 0.29014598540145986 0.8929088277858177 0.29014598540145986
2 0.3748191027496383 0.7755474452554745 0.39218523878437056 0.7755474452554745 0.39218523878437056 0.7956204379562044 0.3748191027496383 0.7956204379562044
2 0.1287988422575977 0.7737226277372264 0.1447178002894356 0.7737226277372264 0.1447178002894356 0.7937956204379564 0.1287988422575977 0.7937956204379564
1 0.7322720694645442 0.7773722627737226 0.7510853835021708 0.7773722627737226 0.7510853835021708 0.7992700729927007 0.7322720694645442 0.7992700729927007
2 0.170767004341534 0.3576642335766424 0.18813314037626627 0.3576642335766424 0.18813314037626627 0.3795620437956205 0.170767004341534 0.3795620437956205
2 0.29088277858176553 0.7755474452554745 0.30680173661360344 0.7755474452554745 0.30680173661360344 0.7937956204379562 0.29088277858176553 0.7937956204379562
