2 0.6616314199395771 0.06237006237006238 0.6797583081570997 0.06237006237006238 0.6797583081570997 0.08731808731808732 0.6616314199395771 0.08731808731808732
1 0.5649546827794562 0.6694386694386695 0.5921450151057401 0.6694386694386695 0.5921450151057401 0.7027027027027027 0.5649546827794562 0.7027027027027027
1 0.13595166163141995 0.6403326403326404 0.15709969788519637 0.6403326403326404 0.15709969788519637 0.6694386694386695 0.13595166163141995 0.6694386694386695
1 0.6631419939577039 0.8232848232848233 0.6903323262839879 0.8232848232848233 0.6903323262839879 0.8586278586278586 0.6631419939577039 0.8586278586278586
1 0.5664652567975831 0.47193347193347196 0.5906344410876133 0.47193347193347196 0.5906344410876133 0.5051975051975052 0.5664652567975831 0.5051975051975052
1 0.4486404833836858 0.47401247401247404 0.4697885196374622 0.47401247401247404 0.4697885196374622 0.5031185031185031 0.4486404833836858 0.5031185031185031
1 0.7567975830815709 0.6715176715176715 0.7809667673716011 0.6715176715176715 0.7809667673716011 0.7027027027027027 0.7567975830815709 0.7027027027027027
1 0.6586102719033232 0.11850311850311851 0.6827794561933533 0.11850311850311851 0.6827794561933533 0.15176715176715178 0.6586102719033232 0.15176715176715178
1 0.311178247734139 0.47193347193347196 0.3368580060422961 0.47193347193347196 0.3368580060422961 0.5072765072765073 0.311178247734139 0.5072765072765073
2 0.7522658610271903 0.37214137214137216 0.7764350453172205 0.37214137214137216 0.7764350453172205 0.40540540540540543 0.7522658610271903 0.40540540540540543
