0 0.6749858196256381 0.49696969696969695 0.6908678389109473 0.49696969696969695 0.6908678389109473 0.5252525252525253 0.6749858196256381 0.5252525252525253
1 0.2909812819058423 0.4111111111111111 0.31253545093590474 0.4111111111111111 0.31253545093590474 0.44747474747474747 0.2909812819058423 0.44747474747474747
1 0.7793533749290983 0.9030303030303031 0.7986386840612594 0.9030303030303031 0.7986386840612594 0.9353535353535354 0.7793533749290983 0.9353535353535354
1 0.036301758366420876 0.45252525252525255 0.05388542257515598 0.45252525252525255 0.05388542257515598 0.48484848484848486 0.036301758366420876 0.48484848484848486
1 0.10663641520136131 0.9050505050505051 0.12478729438457176 0.9050505050505051 0.12478729438457176 0.9373737373737374 0.10663641520136131 0.9373737373737374
0 0.6749858196256381 0.2545454545454545 0.6908678389109473 0.2545454545454545 0.6908678389109473 0.28484848484848485 0.6749858196256381 0.28484848484848485
1 0.42597844583096994 0.6696969696969697 0.443562110039705 0.6696969696969697 0.443562110039705 0.7 0.42597844583096994 0.7
1 0.2909812819058423 0.03535353535353535 0.31253545093590474 0.03535353535353535 0.31253545093590474 0.07272727272727272 0.2909812819058423 0.07272727272727272
1 0.10663641520136131 0.30707070707070705 0.12535450935904707 0.30707070707070705 0.12535450935904707 0.3383838383838384 0.10663641520136131 0.3383838383838384
1 0.8684061259217243 0.03636363636363636 0.8882586500283608 0.03636363636363636 0.8882586500283608 0.0707070707070707 0.8684061259217243 0.0707070707070707
1 0.1605218377765173 0.2585858585858586 0.1775382870107771 0.2585858585858586 0.1775382870107771 0.2898989898989899 0.1605218377765173 0.2898989898989899
1 0.10663641520136131 0.5505050505050505 0.12535450935904707 0.5505050505050505 0.12535450935904707 0.5828282828282828 0.10663641520136131 0.5828282828282828
1 0.20363017583664209 0.6070707070707071 0.22234826999432786 0.6070707070707071 0.22234826999432786 0.6373737373737374 0.20363017583664209 0.6373737373737374
1 0.48893930799773117 0.3797979797979798 0.5048213272830403 0.3797979797979798 0.5048213272830403 0.4080808080808081 0.48893930799773117 0.4080808080808081
1 0.48837209302325574 0.15858585858585858 0.5042541123085649 0.15858585858585858 0.5042541123085649 0.18686868686868688 0.48837209302325574 0.18686868686868688
1 0.551332955190017 0.21313131313131314 0.5683494044242768 0.21313131313131314 0.5683494044242768 0.24242424242424243 0.551332955190017 0.24242424242424243
1 0.7799205899035735 0.03838383838383838 0.7986386840612593 0.03838383838383838 0.7986386840612593 0.0707070707070707 0.7799205899035735 0.0707070707070707
0 0.1605218377765173 0.9 0.1775382870107771 0.9 0.1775382870107771 0.9292929292929293 0.1605218377765173 0.9292929292929293
1 0.2041973908111174 0.9040404040404042 0.22234826999432786 0.9040404040404042 0.22234826999432786 0.9353535353535355 0.2041973908111174 0.9353535353535355
1 0.6755530346001134 0.7353535353535353 0.690300623936472 0.7353535353535353 0.690300623936472 0.7626262626262627 0.6755530346001134 0.7626262626262627
1 0.15995462280204198 0.03939393939393939 0.1781055019852524 0.03939393939393939 0.1781055019852524 0.0707070707070707 0.15995462280204198 0.0707070707070707
1 0.6125921724333523 0.7353535353535353 0.6284741917186614 0.7353535353535353 0.6284741917186614 0.7626262626262627 0.6125921724333523 0.7626262626262627
1 0.5507657402155417 0.9040404040404042 0.5683494044242768 0.9040404040404042 0.5683494044242768 0.9353535353535355 0.5507657402155417 0.9353535353535355
1 0.6749858196256381 0.9050505050505051 0.6914350538854226 0.9050505050505051 0.6914350538854226 0.9353535353535354 0.6749858196256381 0.9353535353535354
1 0.6222348269994328 0.2595959595959596 0.638116846284742 0.2595959595959596 0.638116846284742 0.2898989898989899 0.6222348269994328 0.2898989898989899
1 0.42654566080544526 0.9040404040404042 0.4441293250141804 0.9040404040404042 0.4441293250141804 0.9353535353535355 0.42654566080544526 0.9353535353535355
1 0.42597844583096994 0.2585858585858586 0.4441293250141804 0.2585858585858586 0.4441293250141804 0.2919191919191919 0.42597844583096994 0.2919191919191919
1 0.42597844583096994 0.03939393939393939 0.443562110039705 0.03939393939393939 0.443562110039705 0.0707070707070707 0.42597844583096994 0.0707070707070707
1 0.036301758366420876 0.30505050505050507 0.05445263754963131 0.30505050505050507 0.05445263754963131 0.3383838383838384 0.036301758366420876 0.3383838383838384
1 0.3647192285876347 0.2595959595959596 0.3817356778218945 0.2595959595959596 0.3817356778218945 0.2898989898989899 0.3647192285876347 0.2898989898989899
0 0.551332955190017 0.498989898989899 0.5683494044242768 0.498989898989899 0.5683494044242768 0.5292929292929293 0.551332955190017 0.5292929292929293
1 0.6749858196256381 0.04141414141414142 0.6914350538854226 0.04141414141414142 0.6914350538854226 0.0707070707070707 0.6749858196256381 0.0707070707070707
1 0.7107203630175838 0.5040404040404041 0.726602382302893 0.5040404040404041 0.726602382302893 0.5343434343434343 0.7107203630175838 0.5343434343434343
1 0.9404424276800909 0.7010101010101011 0.9574588769143507 0.7010101010101011 0.9574588769143507 0.7313131313131315 0.9404424276800909 0.7313131313131315
1 0.551332955190017 0.04141414141414142 0.5677821894498015 0.04141414141414142 0.5677821894498015 0.0696969696969697 0.551332955190017 0.0696969696969697
1 0.6131593874078276 0.7878787878787878 0.629608621667612 0.7878787878787878 0.629608621667612 0.8171717171717172 0.6131593874078276 0.8171717171717172
1 0.7283040272263189 0.2595959595959596 0.744186046511628 0.2595959595959596 0.744186046511628 0.28888888888888886 0.7283040272263189 0.28888888888888886
0 0.7799205899035735 0.25656565656565655 0.7969370391378332 0.25656565656565655 0.7969370391378332 0.28484848484848485 0.7799205899035735 0.28484848484848485
0 0.29154849688031764 0.6 0.31083380601247873 0.6 0.31083380601247873 0.6313131313131313 0.29154849688031764 0.6313131313131313
1 0.551332955190017 0.7 0.5683494044242768 0.7 0.5683494044242768 0.7313131313131314 0.551332955190017 0.7313131313131314
0 0.2909812819058423 0.25252525252525254 0.31196823596142936 0.25252525252525254 0.31196823596142936 0.2868686868686869 0.2909812819058423 0.2868686868686869
0 0.551332955190017 0.25353535353535356 0.5677821894498015 0.25353535353535356 0.5677821894498015 0.28484848484848485 0.551332955190017 0.28484848484848485
1 0.8786159954622802 0.7888888888888889 0.8950652297220647 0.7888888888888889 0.8950652297220647 0.8171717171717172 0.8786159954622802 0.8171717171717172
0 0.8162223482699943 0.9 0.8332387975042541 0.9 0.8332387975042541 0.9303030303030303 0.8162223482699943 0.9303030303030303
1 0.2041973908111174 0.7464646464646465 0.22291548496880317 0.7464646464646465 0.22291548496880317 0.7787878787878788 0.2041973908111174 0.7787878787878788
0 0.20249574588769143 0.5444444444444444 0.2212138400453772 0.5444444444444444 0.2212138400453772 0.5787878787878787 0.20249574588769143 0.5787878787878787
1 0.7793533749290983 0.4161616161616162 0.7980714690867841 0.4161616161616162 0.7980714690867841 0.4494949494949495 0.7793533749290983 0.4494949494949495
0 0.1412365286443562 0.5464646464646464 0.15882019285309132 0.5464646464646464 0.15882019285309132 0.5767676767676768 0.1412365286443562 0.5767676767676768
0 0.5507657402155417 0.7313131313131314 0.5677821894498015 0.7313131313131314 0.5677821894498015 0.7595959595959596 0.5507657402155417 0.7595959595959596
0 0.4259451712826719 0.7039563437926329 0.44356520534652344 0.7039563437926329 0.44356520534652344 0.7244201909959072 0.4259451712826719 0.7244201909959072
