0 0.6215334420880914 0.6617647058823529 0.6402936378466558 0.6617647058823529 0.6402936378466558 0.6848739495798319 0.6215334420880914 0.6848739495798319
0 0.3874388254486134 0.1796218487394958 0.40946166394779776 0.1796218487394958 0.40946166394779776 0.20588235294117646 0.3874388254486134 0.20588235294117646
0 0.6207177814029364 0.45903361344537813 0.6411092985318108 0.45903361344537813 0.6411092985318108 0.4842436974789916 0.6207177814029364 0.4842436974789916
0 0.24796084828711257 0.6712184873949579 0.26916802610114193 0.6712184873949579 0.26916802610114193 0.6964285714285714 0.24796084828711257 0.6964285714285714
0 0.25611745513866235 0.18172268907563024 0.27569331158238175 0.18172268907563024 0.27569331158238175 0.20588235294117646 0.25611745513866235 0.20588235294117646
0 0.836867862969005 0.18067226890756302 0.8564437194127243 0.18067226890756302 0.8564437194127243 0.20588235294117646 0.836867862969005 0.20588235294117646
0 0.7536704730831975 0.4579831932773109 0.7748776508972268 0.4579831932773109 0.7748776508972268 0.4842436974789916 0.7536704730831975 0.4842436974789916
1 0.6957585644371942 0.463235294117647 0.7112561174551387 0.463235294117647 0.7112561174551387 0.4831932773109244 0.6957585644371942 0.4831932773109244
0 0.8148450244698205 0.45903361344537813 0.8360522022838499 0.45903361344537813 0.8360522022838499 0.4842436974789916 0.8148450244698205 0.4842436974789916
1 0.18760195758564438 0.5588235294117647 0.2030995106035889 0.5588235294117647 0.2030995106035889 0.5766806722689075 0.18760195758564438 0.5766806722689075
1 0.5628058727569332 0.46428571428571425 0.5774877650897227 0.46428571428571425 0.5774877650897227 0.4831932773109244 0.5628058727569332 0.4831932773109244
0 0.46818923327895595 0.46008403361344535 0.4877650897226754 0.46008403361344535 0.4877650897226754 0.4842436974789916 0.46818923327895595 0.4842436974789916
0 0.3262642740619902 0.296218487394958 0.3474714518760196 0.296218487394958 0.3474714518760196 0.3224789915966386 0.3262642740619902 0.3224789915966386
0 0.46818923327895595 0.296218487394958 0.4877650897226754 0.296218487394958 0.4877650897226754 0.3214285714285714 0.46818923327895595 0.3214285714285714
1 0.6231647634584013 0.555672268907563 0.6378466557911909 0.555672268907563 0.6378466557911909 0.5745798319327731 0.6231647634584013 0.5745798319327731
1 0.05546492659053834 0.3014705882352941 0.07096247960848287 0.3014705882352941 0.07096247960848287 0.3224789915966386 0.05546492659053834 0.3224789915966386
0 0.18515497553017946 0.296218487394958 0.20473083197389888 0.296218487394958 0.20473083197389888 0.3214285714285714 0.18515497553017946 0.3214285714285714
1 0.33034257748776513 0.1880252100840336 0.3450244698205547 0.1880252100840336 0.3450244698205547 0.20588235294117646 0.33034257748776513 0.20588235294117646
1 0.7569331158238173 0.1880252100840336 0.7716150081566069 0.1880252100840336 0.7716150081566069 0.20588235294117646 0.7569331158238173 0.20588235294117646
1 0.6239804241435563 0.1880252100840336 0.6378466557911909 0.1880252100840336 0.6378466557911909 0.20588235294117646 0.6239804241435563 0.20588235294117646
1 0.4102773246329527 0.39810924369747897 0.4249592169657423 0.39810924369747897 0.4249592169657423 0.41701680672268904 0.4102773246329527 0.41701680672268904
1 0.4698205546492659 0.667016806722689 0.48368678629690054 0.667016806722689 0.48368678629690054 0.6859243697478992 0.4698205546492659 0.6859243697478992
1 0.3907014681892333 0.3014705882352941 0.40538336052202284 0.3014705882352941 0.40538336052202284 0.3203781512605042 0.3907014681892333 0.3203781512605042
1 0.8393148450244698 0.2342436974789916 0.8539967373572595 0.2342436974789916 0.8539967373572595 0.25315126050420167 0.8393148450244698 0.25315126050420167
1 0.4714518760195759 0.1880252100840336 0.48613376835236544 0.1880252100840336 0.48613376835236544 0.20588235294117646 0.4714518760195759 0.20588235294117646
1 0.25856443719412725 0.3014705882352941 0.2732463295269168 0.3014705882352941 0.2732463295269168 0.3214285714285714 0.25856443719412725 0.3214285714285714
1 0.5309951060358891 0.6039915966386554 0.5456769983686787 0.6039915966386554 0.5456769983686787 0.6228991596638656 0.5309951060358891 0.6228991596638656
1 0.4698205546492659 0.5441176470588235 0.48531810766721045 0.5441176470588235 0.48531810766721045 0.5619747899159664 0.4698205546492659 0.5619747899159664
1 0.6223491027732464 0.7584033613445378 0.6386623164763459 0.7584033613445378 0.6386623164763459 0.7773109243697479 0.6223491027732464 0.7773109243697479
1 0.11663947797716151 0.3014705882352941 0.13132137030995106 0.3014705882352941 0.13132137030995106 0.3214285714285714 0.11663947797716151 0.3214285714285714
1 0.7561174551386624 0.49474789915966383 0.7716150081566069 0.49474789915966383 0.7716150081566069 0.5136554621848739 0.7561174551386624 0.5136554621848739
1 0.18760195758564438 0.1880252100840336 0.20228384991843393 0.1880252100840336 0.20228384991843393 0.20588235294117646 0.18760195758564438 0.20588235294117646
1 0.4102773246329527 0.3025210084033613 0.4249592169657423 0.3025210084033613 0.4249592169657423 0.3214285714285714 0.4102773246329527 0.3214285714285714
1 0.11663947797716151 0.23634453781512604 0.13132137030995106 0.23634453781512604 0.13132137030995106 0.2552521008403361 0.11663947797716151 0.2552521008403361
1 0.8172920065252856 0.23634453781512604 0.831973898858075 0.23634453781512604 0.831973898858075 0.2552521008403361 0.8172920065252856 0.2552521008403361
1 0.25203915171288743 0.6292016806722689 0.26672104404567704 0.6292016806722689 0.26672104404567704 0.6470588235294117 0.25203915171288743 0.6470588235294117
2 0.4102773246329527 0.46533613445378147 0.4241435562805873 0.46533613445378147 0.4241435562805873 0.4831932773109244 0.4102773246329527 0.4831932773109244
2 0.7185970636215335 0.759453781512605 0.7308319738988581 0.759453781512605 0.7308319738988581 0.7752100840336135 0.7185970636215335 0.7752100840336135
2 0.5138662316476346 0.7972689075630252 0.5244698205546493 0.7972689075630252 0.5244698205546493 0.8109243697478992 0.5138662316476346 0.8109243697478992
2 0.5905383360522023 0.7993697478991596 0.6027732463295269 0.7993697478991596 0.6027732463295269 0.8140756302521008 0.5905383360522023 0.8140756302521008
2 0.4110929853181077 0.18907563025210083 0.4233278955954323 0.18907563025210083 0.4233278955954323 0.20483193277310924 0.4110929853181077 0.20483193277310924
2 0.41190864600326266 0.8560924369747899 0.42169657422512236 0.8560924369747899 0.42169657422512236 0.8686974789915966 0.41190864600326266 0.8686974789915966
2 0.4102773246329527 0.7027310924369747 0.42088091353996737 0.7027310924369747 0.42088091353996737 0.7163865546218487 0.4102773246329527 0.7163865546218487
