1 0.47101449275362317 0.6328502415458936 0.49516908212560384 0.6328502415458936 0.49516908212560384 0.6570048309178743 0.47101449275362317 0.6570048309178743
0 0.5458937198067633 0.20531400966183574 0.5748792270531401 0.20531400966183574 0.5748792270531401 0.23671497584541062 0.5458937198067633 0.23671497584541062
2 0.47101449275362317 0.748792270531401 0.49275362318840576 0.748792270531401 0.49275362318840576 0.7681159420289855 0.47101449275362317 0.7681159420289855
2 0.6908212560386473 0.9396135265700483 0.7101449275362318 0.9396135265700483 0.7101449275362318 0.9613526570048309 0.6908212560386473 0.9613526570048309
2 0.47101449275362317 0.214975845410628 0.49516908212560384 0.214975845410628 0.49516908212560384 0.23671497584541062 0.47101449275362317 0.23671497584541062
2 0.7657004830917874 0.036231884057971016 0.78743961352657 0.036231884057971016 0.78743961352657 0.05555555555555555 0.7657004830917874 0.05555555555555555
2 0.3888888888888889 0.2995169082125604 0.4106280193236715 0.2995169082125604 0.4106280193236715 0.32367149758454106 0.3888888888888889 0.32367149758454106
2 0.7801932367149758 0.6328502415458936 0.8019323671497585 0.6328502415458936 0.8019323671497585 0.6570048309178743 0.7801932367149758 0.6570048309178743
2 0.5507246376811594 0.036231884057971016 0.572463768115942 0.036231884057971016 0.572463768115942 0.05555555555555555 0.5507246376811594 0.05555555555555555
2 0.47101449275362317 0.4492753623188406 0.49516908212560384 0.4492753623188406 0.49516908212560384 0.47342995169082125 0.47101449275362317 0.47342995169082125
2 0.47342995169082125 0.7632850241545893 0.49275362318840576 0.7632850241545893 0.49275362318840576 0.7826086956521738 0.47342995169082125 0.7826086956521738
2 0.27053140096618356 0.5096618357487922 0.2946859903381642 0.5096618357487922 0.2946859903381642 0.5338164251207729 0.27053140096618356 0.5338164251207729
2 0.30917874396135264 0.38405797101449274 0.32850241545893716 0.38405797101449274 0.32850241545893716 0.40338164251207725 0.30917874396135264 0.40338164251207725
0 0.5434782608695652 0.6280193236714976 0.5748792270531401 0.6280193236714976 0.5748792270531401 0.6618357487922705 0.5434782608695652 0.6618357487922705
2 0.6884057971014492 0.8236714975845411 0.714975845410628 0.8236714975845411 0.714975845410628 0.8526570048309179 0.6884057971014492 0.8526570048309179
2 0.47101449275362317 0.15217391304347824 0.49275362318840576 0.15217391304347824 0.49275362318840576 0.1714975845410628 0.47101449275362317 0.1714975845410628
2 0.8260869565217391 0.033816425120772944 0.8478260869565217 0.033816425120772944 0.8478260869565217 0.05797101449275362 0.8260869565217391 0.05797101449275362
2 0.7657004830917874 0.2753623188405797 0.78743961352657 0.2753623188405797 0.78743961352657 0.2971014492753623 0.7657004830917874 0.2971014492753623
2 0.47101449275362317 0.5096618357487922 0.49516908212560384 0.5096618357487922 0.49516908212560384 0.5338164251207729 0.47101449275362317 0.5338164251207729
2 0.3888888888888889 0.2753623188405797 0.4106280193236715 0.2753623188405797 0.4106280193236715 0.2971014492753623 0.3888888888888889 0.2971014492753623
2 0.47342995169082125 0.1714975845410628 0.49275362318840576 0.1714975845410628 0.49275362318840576 0.19082125603864733 0.47342995169082125 0.19082125603864733
2 0.8236714975845411 0.27294685990338163 0.8526570048309179 0.27294685990338163 0.8526570048309179 0.30193236714975846 0.8236714975845411 0.30193236714975846
