1 0.7509765625 0.39973958333333326 0.7705078125 0.39973958333333326 0.7705078125 0.42578124999999994 0.7509765625 0.42578124999999994
1 0.326171875 0.46614583333333326 0.345703125 0.46614583333333326 0.345703125 0.49348958333333326 0.326171875 0.49348958333333326
1 0.5009765625 0.83203125 0.5205078125 0.83203125 0.5205078125 0.859375 0.5009765625 0.859375
1 0.326171875 0.5325520833333334 0.3466796875 0.5325520833333334 0.3466796875 0.5598958333333334 0.326171875 0.5598958333333334
1 0.525390625 0.8333333333333335 0.546875 0.8333333333333335 0.546875 0.8606770833333335 0.525390625 0.8606770833333335
0 0.5 0.45833333333333326 0.5224609375 0.45833333333333326 0.5224609375 0.49218749999999994 0.5 0.49218749999999994
1 0.326171875 0.43229166666666674 0.345703125 0.43229166666666674 0.345703125 0.4583333333333334 0.326171875 0.4583333333333334
1 0.4990234375 0.5989583333333334 0.521484375 0.5989583333333334 0.521484375 0.62890625 0.4990234375 0.62890625
2 0.0595703125 0.9388020833333335 0.080078125 0.9388020833333335 0.080078125 0.9622395833333335 0.0595703125 0.9622395833333335
1 0.5029296875 0.10286458333333331 0.51953125 0.10286458333333331 0.51953125 0.12499999999999999 0.5029296875 0.12499999999999999
1 0.328125 0.10286458333333331 0.34375 0.10286458333333331 0.34375 0.12499999999999999 0.328125 0.12499999999999999
2 0.3037109375 0.9401041666666665 0.3193359375 0.9401041666666665 0.3193359375 0.9596354166666665 0.3037109375 0.9596354166666665
2 0.1533203125 0.94140625 0.166015625 0.94140625 0.166015625 0.9609375 0.1533203125 0.9609375
