1 0.6797349530646052 0.8223443223443223 0.6891220320265047 0.8223443223443223 0.6891220320265047 0.8553113553113553 0.6797349530646052 0.8553113553113553
1 0.2788514632799558 0.5989010989010989 0.28823854224185536 0.5989010989010989 0.28823854224185536 0.6282051282051282 0.2788514632799558 0.6282051282051282
1 0.7758144671452236 0.43772893772893773 0.7852015461071231 0.43772893772893773 0.7852015461071231 0.46886446886446886 0.7758144671452236 0.46886446886446886
2 0.22584207620099392 0.45604395604395603 0.23412479293208172 0.45604395604395603 0.23412479293208172 0.48534798534798534 0.22584207620099392 0.48534798534798534
1 0.7117614577581448 0.8241758241758241 0.7217007178354502 0.8241758241758241 0.7217007178354502 0.8553113553113553 0.7117614577581448 0.8553113553113553
1 0.5632247377139702 0.8223443223443223 0.5731639977912756 0.8223443223443223 0.5731639977912756 0.8553113553113553 0.5632247377139702 0.8553113553113553
1 0.5958034235229155 0.8223443223443223 0.6062948647156268 0.8223443223443223 0.6062948647156268 0.8553113553113553 0.5958034235229155 0.8553113553113553
2 0.15571507454445058 0.4578754578754581 0.16646051882854318 0.4578754578754581 0.16646051882854318 0.48551648339441317 0.15571507454445058 0.48551648339441317
1 0.22473771397018222 0.8223443223443223 0.23578133627829928 0.8223443223443223 0.23578133627829928 0.8571428571428571 0.22473771397018222 0.8571428571428571
1 0.07564881281060187 0.706959706959707 0.08393152954168967 0.706959706959707 0.08393152954168967 0.7362637362637363 0.07564881281060187 0.7362637362637363
1 0.7758144671452236 0.8241758241758241 0.7846493649917173 0.8241758241758241 0.7846493649917173 0.8534798534798534 0.7758144671452236 0.8534798534798534
1 0.3981225842076201 0.8241758241758241 0.40695748205411375 0.8241758241758241 0.40695748205411375 0.8553113553113553 0.3981225842076201 0.8553113553113553
1 0.3522915516289343 0.8223443223443223 0.36167863059083377 0.8223443223443223 0.36167863059083377 0.8534798534798534 0.3522915516289343 0.8534798534798534
2 0.40916620651573715 0.5164835164835165 0.41855328547763665 0.5164835164835165 0.41855328547763665 0.5476190476190477 0.40916620651573715 0.5476190476190477
2 0.18442849254555493 0.15934065934065933 0.19271120927664273 0.15934065934065933 0.19271120927664273 0.18864468864468864 0.18442849254555493 0.18864468864468864
2 0.22528989508558808 0.24358974358974358 0.23412479293208172 0.24358974358974358 0.23412479293208172 0.27289377289377287 0.22528989508558808 0.27289377289377287
1 0.22528989508558808 0.6355311355311355 0.23467697404748758 0.6355311355311355 0.23467697404748758 0.6666666666666666 0.22528989508558808 0.6666666666666666
1 0.6305908337934842 0.8223443223443223 0.6416344561016013 0.8223443223443223 0.6416344561016013 0.8571428571428571 0.6305908337934842 0.8571428571428571
1 0.9293208172280508 0.45604395604395603 0.9381557150745444 0.45604395604395603 0.9381557150745444 0.48717948717948717 0.9293208172280508 0.48717948717948717
1 0.2672556598564329 0.8205128205128205 0.27774710104914413 0.8205128205128205 0.27774710104914413 0.8553113553113553 0.2672556598564329 0.8553113553113553
2 0.6178906681391496 0.16300366300366298 0.6256212037548315 0.16300366300366298 0.6256212037548315 0.1886446886446886 0.6178906681391496 0.1886446886446886
2 0.18442849254555493 0.2454212454212454 0.19271120927664273 0.2454212454212454 0.19271120927664273 0.27106227106227104 0.18442849254555493 0.27106227106227104
1 0.4754279403644395 0.5164835164835165 0.4842628382109332 0.5164835164835165 0.4842628382109332 0.5476190476190477 0.4754279403644395 0.5476190476190477
1 0.409718387631143 0.6007326007326007 0.4180011043622308 0.6007326007326007 0.4180011043622308 0.63003663003663 0.409718387631143 0.63003663003663
1 0.05080066261733849 0.6355311355311355 0.05963556046383214 0.6355311355311355 0.05963556046383214 0.6648351648351648 0.05080066261733849 0.6648351648351648
2 0.3522915516289343 0.5146520146520146 0.36112644947542794 0.5146520146520146 0.36112644947542794 0.5476190476190477 0.3522915516289343 0.5476190476190477
2 0.6653782440640529 0.16117216117216115 0.6736609607951407 0.16117216117216115 0.6736609607951407 0.1886446886446886 0.6653782440640529 0.1886446886446886
1 0.10712313638873551 0.3772893772893773 0.1154058531198233 0.3772893772893773 0.1154058531198233 0.40476190476190477 0.10712313638873551 0.40476190476190477
1 0.1319712865819989 0.2454212454212454 0.14025400331308668 0.2454212454212454 0.14025400331308668 0.27106227106227104 0.1319712865819989 0.27106227106227104
1 0.4748757592490337 0.8223443223443223 0.4842628382109332 0.8223443223443223 0.4842628382109332 0.8553113553113553 0.4748757592490337 0.8553113553113553
2 0.05024848150193264 0.09157509157509157 0.060187741579238 0.09157509157509157 0.060187741579238 0.1227106227106227 0.05024848150193264 0.1227106227106227
1 0.7758144671452236 0.32600732600732596 0.7846493649917173 0.32600732600732596 0.7846493649917173 0.35531135531135527 0.7758144671452236 0.35531135531135527
1 0.7758144671452236 0.39010989010989017 0.7852015461071231 0.39010989010989017 0.7852015461071231 0.4212454212454213 0.7758144671452236 0.4212454212454213
1 0.2909994478188846 0.8223443223443223 0.3009387078961899 0.8223443223443223 0.3009387078961899 0.8553113553113553 0.2909994478188846 0.8553113553113553
1 0.9051560198317141 0.5260761024600853 0.913438736562802 0.5260761024600853 0.913438736562802 0.5498856262696091 0.9051560198317141 0.5498856262696091
2 0.27995582551076753 0.5183150183150184 0.28823854224185536 0.5183150183150184 0.28823854224185536 0.5476190476190477 0.27995582551076753 0.5476190476190477
1 0.8130918973063104 0.8270093958616862 0.8219267951528041 0.8270093958616862 0.8219267951528041 0.8581449269972173 0.8130918973063104 0.8581449269972173
2 0.3434566537824406 0.27472527472527475 0.3522915516289343 0.27472527472527475 0.3522915516289343 0.304029304029304 0.3434566537824406 0.304029304029304
2 0.6918829376035339 0.32417582417582413 0.7001656543346217 0.32417582417582413 0.7001656543346217 0.35347985347985345 0.6918829376035339 0.35347985347985345
1 0.42020982882385416 0.8205128205128205 0.4301490889011595 0.8205128205128205 0.4301490889011595 0.8534798534798534 0.42020982882385416 0.8534798534798534
2 0.09000552181115404 0.8241758241758241 0.09773605742683598 0.8241758241758241 0.09773605742683598 0.8498168498168498 0.09000552181115404 0.8498168498168498
2 0.5637769188293761 0.5183150183150184 0.5731639977912756 0.5183150183150184 0.5731639977912756 0.5494505494505495 0.5637769188293761 0.5494505494505495
1 0.13141910546659305 0.3791208791208791 0.14080618442849255 0.3791208791208791 0.14080618442849255 0.4065934065934066 0.13141910546659305 0.4065934065934066
1 0.12700165654334622 0.8241758241758241 0.13583655438983988 0.8241758241758241 0.13583655438983988 0.8534798534798534 0.12700165654334622 0.8534798534798534
2 0.4102705687465489 0.38095238095238093 0.4180011043622308 0.38095238095238093 0.4180011043622308 0.4065934065934066 0.4102705687465489 0.4065934065934066
1 0.743787962451684 0.327838827838828 0.7520706791827718 0.327838827838828 0.7520706791827718 0.35865822921013046 0.743787962451684 0.35865822921013046
1 0.1838763114301491 0.3791208791208791 0.1921590281612369 0.3791208791208791 0.1921590281612369 0.4084249084249084 0.1838763114301491 0.4084249084249084
1 0.3014908890115958 0.3772893772893773 0.3097736057426836 0.3772893772893773 0.3097736057426836 0.4065934065934066 0.3014908890115958 0.4065934065934066
1 0.6167863059083379 0.489010989010989 0.6256212037548315 0.489010989010989 0.6256212037548315 0.5183150183150184 0.6167863059083379 0.5183150183150184
2 0.3434566537824406 0.15934065934065933 0.35173937051352844 0.15934065934065933 0.35173937051352844 0.18681318681318682 0.3434566537824406 0.18681318681318682
2 0.22473771397018222 0.15934065934065933 0.23357261181667588 0.15934065934065933 0.23357261181667588 0.18681318681318682 0.22473771397018222 0.18681318681318682
2 0.3611264494754279 0.27472527472527475 0.36940916620651565 0.27472527472527475 0.36940916620651565 0.3021978021978022 0.3611264494754279 0.3021978021978022
1 0.05080066261733849 0.8205128205128207 0.06028934281579053 0.8205128205128207 0.06028934281579053 0.855816849450639 0.05080066261733849 0.855816849450639
1 0.6610623963773589 0.705296703174633 0.6698972942238525 0.705296703174633 0.6698972942238525 0.7346007324786623 0.6610623963773589 0.7346007324786623
1 0.6339039204859194 0.6308344575493038 0.6421866372170072 0.6308344575493038 0.6421866372170072 0.6601384868533331 0.6339039204859194 0.6601384868533331
2 0.2794036443953617 0.15934065934065933 0.2887907233572612 0.15934065934065933 0.2887907233572612 0.18864468864468864 0.2794036443953617 0.18864468864468864
1 0.2473771397018222 0.7087912087912087 0.2545554942020983 0.7087912087912087 0.2545554942020983 0.7326007326007326 0.2473771397018222 0.7326007326007326
1 0.545002760905577 0.22344322344322345 0.5532854776366648 0.22344322344322345 0.5532854776366648 0.2509157509157509 0.545002760905577 0.2509157509157509
1 0.32247377139701827 0.7087912087912087 0.33101121320086024 0.7087912087912087 0.33101121320086024 0.740442752472594 0.32247377139701827 0.740442752472594
1 0.5648812810601878 0.28205128205128205 0.5731639977912756 0.28205128205128205 0.5731639977912756 0.31135531135531136 0.5648812810601878 0.31135531135531136
2 0.2794036443953617 0.3791208791208791 0.2871341800110436 0.3791208791208791 0.2871341800110436 0.4065934065934066 0.2794036443953617 0.4065934065934066
1 0.12755383765875208 0.5970695970695971 0.13528437327443402 0.5970695970695971 0.13528437327443402 0.6245421245421245 0.12755383765875208 0.6245421245421245
1 0.3522915516289343 0.467032967032967 0.36167863059083377 0.467032967032967 0.36167863059083377 0.4981684981684982 0.3522915516289343 0.4981684981684982
1 0.2794036443953617 0.6501831501831502 0.28823854224185536 0.6501831501831502 0.28823854224185536 0.6794871794871795 0.2794036443953617 0.6794871794871795
1 0.6170026390444021 0.6313914361877548 0.624733174660084 0.6313914361877548 0.624733174660084 0.6588639636602823 0.6170026390444021 0.6588639636602823
2 0.3605742683600221 0.16117216117216115 0.36940916620651576 0.16117216117216115 0.36940916620651576 0.1868131868131868 0.3605742683600221 0.1868131868131868
1 0.15571507454445058 0.38095238095238093 0.16344561016013254 0.38095238095238093 0.16344561016013254 0.4065934065934066 0.15571507454445058 0.4065934065934066
1 0.7134180011043623 0.6104680821519823 0.72170071783545 0.6104680821519823 0.72170071783545 0.6397721114560116 0.7134180011043623 0.6397721114560116
2 0.0905577029265599 0.7124542124542124 0.09773605742683598 0.7124542124542124 0.09773605742683598 0.7344322344322344 0.0905577029265599 0.7344322344322344
1 0.6915050098431997 0.5536915253754258 0.6997877265742874 0.5536915253754258 0.6997877265742874 0.5811640528479532 0.6915050098431997 0.5811640528479532
1 0.6819944781445048 0.6508571423688617 0.6891728326447808 0.6508571423688617 0.6891728326447808 0.6764981680098874 0.6819944781445048 0.6764981680098874
2 0.7901711761457758 0.826007326007326 0.7973495306460519 0.826007326007326 0.7973495306460519 0.8516483516483516 0.7901711761457758 0.8516483516483516
1 0.7763666482606295 0.6135531135531136 0.7846493649917173 0.6135531135531136 0.7846493649917173 0.6410256410256411 0.7763666482606295 0.6410256410256411
1 0.4494754279403645 0.7106227106227107 0.45856505085961247 0.7106227106227107 0.45856505085961247 0.7471110151557774 0.4494754279403645 0.7471110151557774
2 0.47598012147984525 0.16117216117216132 0.4842940674380819 0.16117216117216132 0.4842940674380819 0.19241127503402344 0.47598012147984525 0.19241127503402344
2 0.10767531750414136 0.15934065934065933 0.11595803423522916 0.15934065934065933 0.11595803423522916 0.18864468864468864 0.10767531750414136 0.18864468864468864
2 0.5982042765474064 0.6310753064235265 0.6064869932784941 0.6310753064235265 0.6064869932784941 0.656716332064552 0.5982042765474064 0.656716332064552
2 0.40916620651573715 0.15934065934065933 0.4180011043622308 0.15934065934065933 0.4180011043622308 0.18864468864468864 0.40916620651573715 0.18864468864468864
1 0.7901711761457758 0.6135531135531136 0.7984538928768636 0.6135531135531136 0.7984538928768636 0.6410256410256411 0.7901711761457758 0.6410256410256411
1 0.6987648341055807 0.4942352715823917 0.7070475508366685 0.4942352715823917 0.7070475508366685 0.5198762972234173 0.6987648341055807 0.5198762972234173
1 0.5980121479845389 0.608058608058608 0.6068470458310325 0.608058608058608 0.6068470458310325 0.6355311355311355 0.5980121479845389 0.6355311355311355
2 0.9287686361126449 0.2600732600732601 0.9370513528437328 0.2600732600732601 0.9370513528437328 0.2875457875457875 0.9287686361126449 0.2875457875457875
1 0.409718387631143 0.6520146520146519 0.417448923246825 0.6520146520146519 0.417448923246825 0.6794871794871794 0.409718387631143 0.6794871794871794
1 0.3837658752070679 0.38095238095238093 0.3920485919381557 0.38095238095238093 0.3920485919381557 0.4084249084249084 0.3837658752070679 0.4084249084249084
2 0.15516289342904474 0.15934065934065933 0.16289342904472667 0.15934065934065933 0.16289342904472667 0.18681318681318682 0.15516289342904474 0.18681318681318682
2 0.5251242407509663 0.16300366300366298 0.5328547763666482 0.16300366300366298 0.5328547763666482 0.1868131868131868 0.5251242407509663 0.1868131868131868
2 0.7907233572611817 0.4413919413919414 0.7979017117614577 0.4413919413919414 0.7979017117614577 0.4633699633699634 0.7907233572611817 0.4633699633699634
2 0.05080066261733849 0.1575091575091575 0.059083379348426286 0.1575091575091575 0.059083379348426286 0.18864468864468864 0.05080066261733849 0.18864468864468864
1 0.3522915516289343 0.43223443223443225 0.36112644947542794 0.43223443223443225 0.36112644947542794 0.4597069597069597 0.3522915516289343 0.4597069597069597
2 0.5651062796292108 0.16297583607033636 0.5741077340157644 0.16297583607033636 0.5741077340157644 0.19096627888292034 0.5651062796292108 0.19096627888292034
2 0.6823835955324071 0.6351036740031298 0.6886714398704571 0.6351036740031298 0.6886714398704571 0.6542215230657512 0.6823835955324071 0.6542215230657512
