2 0.9272581934452439 0.8654173764906303 0.9392486011191047 0.8654173764906303 0.9392486011191047 0.8909710391822828 0.9272581934452439 0.8909710391822828
2 0.290167865707434 0.015332197614991482 0.3021582733812949 0.015332197614991482 0.3021582733812949 0.04258943781942078 0.290167865707434 0.04258943781942078
1 0.43245403677058364 0.4463373083475298 0.4468425259792167 0.4463373083475298 0.4468425259792167 0.47700170357751276 0.43245403677058364 0.47700170357751276
2 0.2222222222222222 0.8654173764906303 0.23501199040767387 0.8654173764906303 0.23501199040767387 0.8926746166950597 0.2222222222222222 0.8926746166950597
1 0.8537170263788969 0.47700170357751276 0.8673061550759392 0.47700170357751276 0.8673061550759392 0.5059625212947189 0.8537170263788969 0.5059625212947189
2 0.7729816147082335 0.8654173764906303 0.7841726618705036 0.8654173764906303 0.7841726618705036 0.889267461669506 0.7729816147082335 0.889267461669506
2 0.7258193445243805 0.1465076660988075 0.7378097521982414 0.1465076660988075 0.7378097521982414 0.1737649063032368 0.7258193445243805 0.1737649063032368
2 0.11670663469224621 0.8654173764906303 0.1278976818545164 0.8654173764906303 0.1278976818545164 0.8909710391822828 0.11670663469224621 0.8909710391822828
2 0.8537170263788969 0.8637137989778535 0.8673061550759392 0.8637137989778535 0.8673061550759392 0.8909710391822828 0.8537170263788969 0.8909710391822828
2 0.2917665867306155 0.8654173764906303 0.30455635491606714 0.8654173764906303 0.30455635491606714 0.8926746166950597 0.2917665867306155 0.8926746166950597
2 0.28936850519584334 0.19420783645655879 0.302158273381295 0.19420783645655879 0.302158273381295 0.22146507666098808 0.28936850519584334 0.22146507666098808
2 0.7162270183852918 0.8654173764906303 0.7290167865707434 0.8654173764906303 0.7290167865707434 0.8926746166950597 0.7162270183852918 0.8926746166950597
2 0.43565147881694644 0.018739352640545145 0.4460431654676259 0.018739352640545145 0.4460431654676259 0.04258943781942078 0.43565147881694644 0.04258943781942078
1 0.43325339728217427 0.19250425894378195 0.4444444444444444 0.19250425894378195 0.4444444444444444 0.21805792163543442 0.43325339728217427 0.21805792163543442
2 0.7737809752198241 0.020442930153321975 0.7825739408473221 0.020442930153321975 0.7825739408473221 0.04088586030664395 0.7737809752198241 0.04088586030664395
1 0.6290967226219025 0.2555366269165247 0.6410871302957635 0.2555366269165247 0.6410871302957635 0.28109028960817717 0.6290967226219025 0.28109028960817717
2 0.43245403677058364 0.5076660988074957 0.446043165467626 0.5076660988074957 0.446043165467626 0.5366269165247017 0.43245403677058364 0.5366269165247017
1 0.6914468425259792 0.14821124361158433 0.7026378896882494 0.14821124361158433 0.7026378896882494 0.1737649063032368 0.6914468425259792 0.1737649063032368
1 0.7729816147082335 0.4804088586030664 0.7841726618705036 0.4804088586030664 0.7841726618705036 0.504258943781942 0.7729816147082335 0.504258943781942
2 0.6282973621103117 0.5093696763202725 0.6402877697841727 0.5093696763202725 0.6402877697841727 0.5332197614991482 0.6282973621103117 0.5332197614991482
2 0.6290967226219025 0.017035775127768313 0.6402877697841728 0.017035775127768313 0.6402877697841728 0.04258943781942078 0.6290967226219025 0.04258943781942078
1 0.7729816147082335 0.6933560477001702 0.7833733013589129 0.6933560477001702 0.7833733013589129 0.7172061328790459 0.7729816147082335 0.7172061328790459
2 0.43245403677058364 0.8654173764906303 0.44444444444444453 0.8654173764906303 0.44444444444444453 0.889267461669506 0.43245403677058364 0.889267461669506
2 0.4988009592326139 0.5093696763202725 0.5107913669064749 0.5093696763202725 0.5107913669064749 0.534923339011925 0.4988009592326139 0.534923339011925
2 0.6298960831334932 0.8671209540034072 0.6410871302957634 0.8671209540034072 0.6410871302957634 0.8909710391822828 0.6298960831334932 0.8909710391822828
1 0.29096722621902477 0.1635434412265758 0.302158273381295 0.1635434412265758 0.302158273381295 0.1890971039182283 0.29096722621902477 0.1890971039182283
2 0.771382893685052 0.22146507666098814 0.7841726618705036 0.22146507666098814 0.7841726618705036 0.24872231686541743 0.771382893685052 0.24872231686541743
1 0.7721822541966427 0.5076660988074957 0.7857713828936851 0.5076660988074957 0.7857713828936851 0.5349233390119249 0.7721822541966427 0.5349233390119249
2 0.7742148760330578 0.07749728976304786 0.7847933884297522 0.07749728976304786 0.7847933884297522 0.10215551832401762 0.7742148760330578 0.10215551832401762
2 0.4343801652892562 0.2571500978501134 0.4466115702479339 0.2571500978501134 0.4466115702479339 0.28392188885916625 0.4343801652892562 0.28392188885916625
1 0.11867768595041323 0.6714083376744056 0.1315702479338843 0.6714083376744056 0.1315702479338843 0.6960665662353753 0.11867768595041323 0.6960665662353753
1 0.28991735537190083 0.6206828389204107 0.3031404958677686 0.6206828389204107 0.3031404958677686 0.6460455882974081 0.28991735537190083 0.6460455882974081
1 0.3414876033057852 0.6199783181043829 0.35338842975206614 0.6199783181043829 0.35338842975206614 0.6481591507454912 0.3414876033057852 0.6481591507454912
1 0.34115702479338844 0.7700412519182847 0.3527272727272728 0.7700412519182847 0.3527272727272728 0.7946994804792543 0.34115702479338844 0.7946994804792543
