1 0.20571428571428568 0.4014388489208633 0.2214285714285714 0.4014388489208633 0.2214285714285714 0.418705035971223 0.20571428571428568 0.418705035971223
1 0.8385714285714285 0.45755395683453237 0.8628571428571429 0.45755395683453237 0.8628571428571429 0.4805755395683453 0.8385714285714285 0.4805755395683453
1 0.6257142857142857 0.23309352517985613 0.6485714285714285 0.23309352517985613 0.6485714285714285 0.25611510791366904 0.6257142857142857 0.25611510791366904
1 0.6257142857142857 0.5251798561151079 0.6485714285714285 0.5251798561151079 0.6485714285714285 0.5482014388489208 0.6257142857142857 0.5482014388489208
1 0.36 0.7050359712230215 0.3742857142857143 0.7050359712230215 0.3742857142857143 0.7194244604316546 0.36 0.7194244604316546
1 0.24142857142857144 0.9251798561151081 0.26142857142857145 0.9251798561151081 0.26142857142857145 0.9438848920863311 0.24142857142857144 0.9438848920863311
1 0.31857142857142856 0.9266187050359711 0.3357142857142857 0.9266187050359711 0.3357142857142857 0.9438848920863308 0.31857142857142856 0.9438848920863308
1 0.24285714285714285 0.539568345323741 0.25857142857142856 0.539568345323741 0.25857142857142856 0.5553956834532374 0.24285714285714285 0.5553956834532374
2 0.3171428571428571 0.5381294964028777 0.3357142857142857 0.5381294964028777 0.3357142857142857 0.5568345323741007 0.3171428571428571 0.5568345323741007
1 0.1871428571428572 0.702158273381295 0.21000000000000005 0.702158273381295 0.21000000000000005 0.7237410071942446 0.1871428571428572 0.7237410071942446
2 0.39857142857142863 0.5381294964028777 0.4171428571428572 0.5381294964028777 0.4171428571428572 0.5553956834532374 0.39857142857142863 0.5553956834532374
1 0.7771428571428571 0.23309352517985613 0.7985714285714286 0.23309352517985613 0.7985714285714286 0.25467625899280577 0.7771428571428571 0.25467625899280577
1 0.5714285714285714 0.9251798561151081 0.5885714285714285 0.9251798561151081 0.5885714285714285 0.9424460431654678 0.5714285714285714 0.9424460431654678
1 0.6271428571428571 0.9251798561151081 0.6471428571428571 0.9251798561151081 0.6471428571428571 0.9453237410071944 0.6271428571428571 0.9453237410071944
1 0.3171428571428571 0.06906474820143885 0.3371428571428571 0.06906474820143885 0.3371428571428571 0.08776978417266187 0.3171428571428571 0.08776978417266187
1 0.1442857142857143 0.8043165467625899 0.16142857142857142 0.8043165467625899 0.16142857142857142 0.8215827338129497 0.1442857142857143 0.8215827338129497
1 0.842857142857143 0.06906474820143885 0.8614285714285715 0.06906474820143885 0.8614285714285715 0.08776978417266187 0.842857142857143 0.08776978417266187
1 0.8414285714285714 0.3237410071942446 0.86 0.3237410071942446 0.86 0.3424460431654676 0.8414285714285714 0.3424460431654676
1 0.24142857142857144 0.06906474820143885 0.26 0.06906474820143885 0.26 0.08633093525179857 0.24142857142857144 0.08633093525179857
1 0.45 0.5381294964028777 0.46714285714285714 0.5381294964028777 0.46714285714285714 0.5553956834532374 0.45 0.5553956834532374
1 0.6271428571428571 0.06762589928057554 0.6485714285714286 0.06762589928057554 0.6485714285714286 0.08776978417266187 0.6271428571428571 0.08776978417266187
1 0.4 0.6633093525179856 0.41714285714285715 0.6633093525179856 0.41714285714285715 0.6820143884892086 0.4 0.6820143884892086
1 0.842857142857143 0.9266187050359711 0.8585714285714288 0.9266187050359711 0.8585714285714288 0.9424460431654674 0.842857142857143 0.9424460431654674
1 0.39857142857142863 0.9251798561151081 0.4171428571428572 0.9251798561151081 0.4171428571428572 0.9438848920863311 0.39857142857142863 0.9438848920863311
1 0.2842857142857143 0.1366906474820144 0.3028571428571429 0.1366906474820144 0.3028571428571429 0.15539568345323743 0.2842857142857143 0.15539568345323743
1 0.18857142857142858 0.9251798561151081 0.20714285714285716 0.9251798561151081 0.20714285714285716 0.9424460431654678 0.18857142857142858 0.9424460431654678
1 0.6271428571428571 0.2820143884892086 0.6471428571428571 0.2820143884892086 0.6471428571428571 0.30071942446043165 0.6271428571428571 0.30071942446043165
1 0.3171428571428571 0.4676258992805755 0.3371428571428571 0.4676258992805755 0.3371428571428571 0.4848920863309353 0.3171428571428571 0.4848920863309353
1 0.45 0.9251798561151081 0.46714285714285714 0.9251798561151081 0.46714285714285714 0.9424460431654678 0.45 0.9424460431654678
1 0.4014285714285714 0.19280575539568345 0.4157142857142857 0.19280575539568345 0.4157142857142857 0.20719424460431654 0.4014285714285714 0.20719424460431654
2 0.19 0.19136690647482013 0.2057142857142857 0.19136690647482013 0.2057142857142857 0.20719424460431654 0.19 0.20719424460431654
2 0.24285714285714285 0.19136690647482013 0.25857142857142856 0.19136690647482013 0.25857142857142856 0.20719424460431654 0.24285714285714285 0.20719424460431654
1 0.4 0.06906474820143885 0.41714285714285715 0.06906474820143885 0.41714285714285715 0.08633093525179857 0.4 0.08633093525179857
1 0.5114285714285715 0.32661870503597124 0.5285714285714286 0.32661870503597124 0.5285714285714286 0.34388489208633094 0.5114285714285715 0.34388489208633094
1 0.45 0.1381294964028777 0.46714285714285714 0.1381294964028777 0.46714285714285714 0.1553956834532374 0.45 0.1553956834532374
1 0.5728571428571428 0.6071942446043166 0.5885714285714285 0.6071942446043166 0.5885714285714285 0.6215827338129497 0.5728571428571428 0.6215827338129497
2 0.24285714285714285 0.46906474820143884 0.25857142857142856 0.46906474820143884 0.25857142857142856 0.48345323741007196 0.24285714285714285 0.48345323741007196
2 0.18857142857142858 0.4014388489208633 0.2057142857142857 0.4014388489208633 0.2057142857142857 0.418705035971223 0.18857142857142858 0.418705035971223
2 0.24285714285714285 0.8057553956834532 0.26142857142857145 0.8057553956834532 0.26142857142857145 0.823021582733813 0.24285714285714285 0.823021582733813
2 0.6271428571428571 0.37410071942446044 0.6471428571428571 0.37410071942446044 0.6471428571428571 0.3942446043165468 0.6271428571428571 0.3942446043165468
