1 0.17565872020075282 0.8265107212475633 0.18946047678795483 0.8265107212475633 0.18946047678795483 0.8499025341130604 0.17565872020075282 0.8499025341130604
1 0.3324968632371393 0.8460038986354774 0.3475533249686324 0.8460038986354774 0.3475533249686324 0.8674463937621831 0.3324968632371393 0.8674463937621831
1 0.17565872020075282 0.6179337231968811 0.18820577164366373 0.6179337231968811 0.18820577164366373 0.6393762183235867 0.17565872020075282 0.6393762183235867
1 0.33375156838143044 0.6881091617933722 0.34629861982434135 0.6881091617933722 0.34629861982434135 0.7076023391812865 0.33375156838143044 0.7076023391812865
1 0.17565872020075282 0.4074074074074074 0.18820577164366373 0.4074074074074074 0.18820577164366373 0.4269005847953216 0.17565872020075282 0.4269005847953216
1 0.05144291091593475 0.530214424951267 0.06524466750313676 0.530214424951267 0.06524466750313676 0.5497076023391813 0.05144291091593475 0.5497076023391813
1 0.46925972396486826 0.47758284600389866 0.48306148055207027 0.47758284600389866 0.48306148055207027 0.4970760233918129 0.46925972396486826 0.4970760233918129
1 0.5809284818067754 0.3528265107212476 0.5947302383939773 0.3528265107212476 0.5947302383939773 0.37231968810916183 0.5809284818067754 0.37231968810916183
1 0.3324968632371393 0.5477582846003899 0.3475533249686324 0.5477582846003899 0.3475533249686324 0.5692007797270955 0.3324968632371393 0.5692007797270955
1 0.5821831869510665 0.1968810916179337 0.5947302383939774 0.1968810916179337 0.5947302383939774 0.21442495126705652 0.5821831869510665 0.21442495126705652
1 0.3324968632371393 0.1949317738791423 0.3462986198243413 0.1949317738791423 0.3462986198243413 0.21442495126705652 0.3324968632371393 0.21442495126705652
1 0.46925972396486826 0.1968810916179337 0.48306148055207027 0.1968810916179337 0.48306148055207027 0.21832358674463936 0.46925972396486826 0.21832358674463936
1 0.6624843161856964 0.1968810916179337 0.6750313676286073 0.1968810916179337 0.6750313676286073 0.21637426900584794 0.6624843161856964 0.21637426900584794
