1 0.3036529680365297 0.6108695652173913 0.3333333333333333 0.6108695652173913 0.3333333333333333 0.6369565217391304 0.3036529680365297 0.6369565217391304
1 0.3036529680365297 0.7956521739130434 0.3356164383561644 0.7956521739130434 0.3356164383561644 0.8260869565217391 0.3036529680365297 0.8260869565217391
1 0.2853881278538813 0.4673913043478261 0.319634703196347 0.4673913043478261 0.319634703196347 0.49782608695652175 0.2853881278538813 0.49782608695652175
1 0.3036529680365297 0.9347826086956522 0.3356164383561644 0.9347826086956522 0.3356164383561644 0.9652173913043478 0.3036529680365297 0.9652173913043478
1 0.3036529680365297 0.6543478260869565 0.3356164383561644 0.6543478260869565 0.3356164383561644 0.6847826086956522 0.3036529680365297 0.6847826086956522
1 0.2853881278538813 0.18478260869565216 0.317351598173516 0.18478260869565216 0.317351598173516 0.21739130434782608 0.2853881278538813 0.21739130434782608
1 0.2831050228310502 0.32608695652173914 0.317351598173516 0.32608695652173914 0.317351598173516 0.358695652173913 0.2831050228310502 0.358695652173913
1 0.2853881278538813 0.1391304347826087 0.317351598173516 0.1391304347826087 0.317351598173516 0.17173913043478262 0.2853881278538813 0.17173913043478262
1 0.6917808219178082 0.6065217391304348 0.730593607305936 0.6065217391304348 0.730593607305936 0.6413043478260869 0.6917808219178082 0.6413043478260869
1 0.4315068493150685 0.6065217391304348 0.4680365296803653 0.6065217391304348 0.4680365296803653 0.6391304347826087 0.4315068493150685 0.6391304347826087
1 0.4315068493150685 0.9347826086956522 0.4657534246575342 0.9347826086956522 0.4657534246575342 0.967391304347826 0.4315068493150685 0.967391304347826
1 0.4155251141552511 0.13695652173913042 0.4520547945205479 0.13695652173913042 0.4520547945205479 0.17173913043478262 0.4155251141552511 0.17173913043478262
1 0.4634703196347032 0.7956521739130434 0.4977168949771689 0.7956521739130434 0.4977168949771689 0.8282608695652174 0.4634703196347032 0.8282608695652174
1 0.20319634703196346 0.7456521739130434 0.2374429223744292 0.7456521739130434 0.2374429223744292 0.7782608695652172 0.20319634703196346 0.7782608695652172
1 0.4155251141552511 0.058695652173913045 0.4497716894977169 0.058695652173913045 0.4497716894977169 0.09347826086956522 0.4155251141552511 0.09347826086956522
1 0.4155251141552511 0.4652173913043478 0.4497716894977169 0.4652173913043478 0.4497716894977169 0.49782608695652175 0.4155251141552511 0.49782608695652175
1 0.678082191780822 0.14130434782608695 0.7100456621004566 0.14130434782608695 0.7100456621004566 0.17173913043478262 0.678082191780822 0.17173913043478262
1 0.4337899543378995 0.5304347826086957 0.4657534246575342 0.5304347826086957 0.4657534246575342 0.5608695652173913 0.4337899543378995 0.5608695652173913
2 0.8264840182648402 0.4673913043478261 0.860730593607306 0.4673913043478261 0.860730593607306 0.5 0.8264840182648402 0.5
1 0.4474885844748858 0.3239130434782609 0.4840182648401826 0.3239130434782609 0.4840182648401826 0.358695652173913 0.4474885844748858 0.358695652173913
1 0.545662100456621 0.7934782608695652 0.5821917808219178 0.7934782608695652 0.5821917808219178 0.8282608695652174 0.545662100456621 0.8282608695652174
2 0.4315068493150685 0.7934782608695652 0.4680365296803653 0.7934782608695652 0.4680365296803653 0.8282608695652174 0.4315068493150685 0.8282608695652174
1 0.5296803652968036 0.3239130434782609 0.5662100456621004 0.3239130434782609 0.5662100456621004 0.36086956521739133 0.5296803652968036 0.36086956521739133
2 0.8287671232876712 0.06521739130434782 0.8584474885844748 0.06521739130434782 0.8584474885844748 0.09130434782608696 0.8287671232876712 0.09130434782608696
2 0.07534246575342465 0.5021739130434782 0.10273972602739725 0.5021739130434782 0.10273972602739725 0.5282608695652173 0.07534246575342465 0.5282608695652173
2 0.824200913242009 0.1391304347826087 0.8607305936073059 0.1391304347826087 0.8607305936073059 0.17173913043478262 0.824200913242009 0.17173913043478262
1 0.1872146118721461 0.2782608695652174 0.22146118721461186 0.2782608695652174 0.22146118721461186 0.3108695652173913 0.1872146118721461 0.3108695652173913
2 0.4155251141552511 0.32608695652173914 0.4497716894977169 0.32608695652173914 0.4497716894977169 0.358695652173913 0.4155251141552511 0.358695652173913
