1 0.4539170506912442 0.31346578366445915 0.4769585253456221 0.31346578366445915 0.4769585253456221 0.3576158940397351 0.4539170506912442 0.3576158940397351
1 0.34101382488479265 0.35320088300220753 0.3629032258064516 0.35320088300220753 0.3629032258064516 0.39514348785871967 0.34101382488479265 0.39514348785871967
1 0.7811059907834101 0.35540838852097134 0.8018433179723502 0.35540838852097134 0.8018433179723502 0.39735099337748353 0.7811059907834101 0.39735099337748353
1 0.12327188940092165 0.35320088300220753 0.14400921658986174 0.35320088300220753 0.14400921658986174 0.39514348785871967 0.12327188940092165 0.39514348785871967
2 0.45506912442396313 0.39293598233995586 0.47580645161290325 0.39293598233995586 0.47580645161290325 0.4326710816777042 0.45506912442396313 0.4326710816777042
1 0.29377880184331795 0.35540838852097134 0.315668202764977 0.35540838852097134 0.315668202764977 0.39735099337748353 0.29377880184331795 0.39735099337748353
1 0.9527649769585254 0.35320088300220753 0.9735023041474654 0.35320088300220753 0.9735023041474654 0.3973509933774834 0.9527649769585254 0.3973509933774834
1 0.23617511520737328 0.35320088300220753 0.25806451612903225 0.35320088300220753 0.25806451612903225 0.3973509933774834 0.23617511520737328 0.3973509933774834
1 0.4769585253456221 0.39072847682119205 0.5011520737327189 0.39072847682119205 0.5011520737327189 0.4370860927152318 0.4769585253456221 0.4370860927152318
2 0.6221198156682027 0.31567328918322296 0.6417050691244239 0.31567328918322296 0.6417050691244239 0.3554083885209713 0.6221198156682027 0.3554083885209713
1 0.7338709677419355 0.31567328918322296 0.7546082949308756 0.31567328918322296 0.7546082949308756 0.3554083885209713 0.7338709677419355 0.3554083885209713
1 0.7338709677419355 0.3576158940397351 0.7546082949308756 0.3576158940397351 0.7546082949308756 0.3973509933774834 0.7338709677419355 0.3973509933774834
1 0.09101382488479262 0.869757174392936 0.11175115207373272 0.869757174392936 0.11175115207373272 0.9094922737306843 0.09101382488479262 0.9094922737306843
1 0.5933179723502304 0.31346578366445915 0.6175115207373272 0.31346578366445915 0.6175115207373272 0.3576158940397351 0.5933179723502304 0.3576158940397351
1 0.3421658986175115 0.39514348785871967 0.3640552995391705 0.39514348785871967 0.3640552995391705 0.434878587196468 0.3421658986175115 0.434878587196468
1 0.6209677419354839 0.39293598233995586 0.6428571428571429 0.39293598233995586 0.6428571428571429 0.434878587196468 0.6209677419354839 0.434878587196468
1 0.8387096774193549 0.35320088300220753 0.8605990783410138 0.35320088300220753 0.8605990783410138 0.3973509933774834 0.8387096774193549 0.3973509933774834
2 0.6209677419354839 0.09271523178807946 0.6417050691244239 0.09271523178807946 0.6417050691244239 0.1324503311258278 0.6209677419354839 0.1324503311258278
2 0.23732718894009217 0.09271523178807946 0.2569124423963134 0.09271523178807946 0.2569124423963134 0.1324503311258278 0.23732718894009217 0.1324503311258278
2 0.45506912442396313 0.09271523178807946 0.47465437788018433 0.09271523178807946 0.47465437788018433 0.1324503311258278 0.45506912442396313 0.1324503311258278
1 0.09331797235023041 0.5783664459161147 0.11405529953917051 0.5783664459161147 0.11405529953917051 0.6181015452538632 0.09331797235023041 0.6181015452538632
2 0.8398617511520737 0.09271523178807946 0.8594470046082949 0.09271523178807946 0.8594470046082949 0.1324503311258278 0.8398617511520737 0.1324503311258278
2 0.597926267281106 0.3973509933774834 0.6140552995391705 0.3973509933774834 0.6140552995391705 0.4282560706401766 0.597926267281106 0.4282560706401766
