1 0.4943820224719101 0.7900943396226415 0.5126404494382022 0.7900943396226415 0.5126404494382022 0.8207547169811321 0.4943820224719101 0.8207547169811321
1 0.8665730337078652 0.7075471698113207 0.8820224719101124 0.7075471698113207 0.8820224719101124 0.7358490566037735 0.8665730337078652 0.7358490566037735
1 0.6460674157303372 0.7900943396226415 0.6629213483146069 0.7900943396226415 0.6629213483146069 0.8207547169811321 0.6460674157303372 0.8207547169811321
1 0.4957865168539326 0.0589622641509434 0.5112359550561798 0.0589622641509434 0.5112359550561798 0.08490566037735849 0.4957865168539326 0.08490566037735849
1 0.6460674157303372 0.16981132075471703 0.6629213483146069 0.16981132075471703 0.6629213483146069 0.19811320754716985 0.6460674157303372 0.19811320754716985
1 0.7289325842696628 0.5070754716981132 0.7485955056179774 0.5070754716981132 0.7485955056179774 0.5400943396226415 0.7289325842696628 0.5400943396226415
1 0.4957865168539326 0.4811320754716981 0.5112359550561798 0.4811320754716981 0.5112359550561798 0.5070754716981132 0.4957865168539326 0.5070754716981132
1 0.6460674157303372 0.05660377358490567 0.6629213483146069 0.05660377358490567 0.6629213483146069 0.08490566037735851 0.6460674157303372 0.08490566037735851
1 0.7991573033707867 0.7075471698113207 0.8146067415730339 0.7075471698113207 0.8146067415730339 0.7334905660377359 0.7991573033707867 0.7334905660377359
1 0.32865168539325845 0.9033018867924528 0.34410112359550565 0.9033018867924528 0.34410112359550565 0.9316037735849056 0.32865168539325845 0.9316037735849056
1 0.5617977528089888 0.25471698113207547 0.5800561797752809 0.25471698113207547 0.5800561797752809 0.2830188679245283 0.5617977528089888 0.2830188679245283
1 0.7303370786516854 0.6202830188679245 0.7485955056179775 0.6202830188679245 0.7485955056179775 0.6509433962264151 0.7303370786516854 0.6509433962264151
1 0.7317415730337079 0.9033018867924528 0.7471910112359551 0.9033018867924528 0.7471910112359551 0.9316037735849056 0.7317415730337079 0.9316037735849056
1 0.27808988764044945 0.7382075471698113 0.29213483146067415 0.7382075471698113 0.29213483146067415 0.7617924528301887 0.27808988764044945 0.7617924528301887
1 0.19382022471910113 0.5094339622641509 0.20926966292134833 0.5094339622641509 0.20926966292134833 0.535377358490566 0.19382022471910113 0.535377358490566
1 0.4957865168539326 0.6768867924528302 0.5112359550561798 0.6768867924528302 0.5112359550561798 0.7075471698113207 0.4957865168539326 0.7075471698113207
1 0.44662921348314605 0.16981132075471703 0.46207865168539325 0.16981132075471703 0.46207865168539325 0.19811320754716985 0.44662921348314605 0.19811320754716985
1 0.7991573033707867 0.0589622641509434 0.8146067415730339 0.0589622641509434 0.8146067415730339 0.08254716981132075 0.7991573033707867 0.08254716981132075
1 0.3609550561797753 0.05660377358490567 0.3792134831460674 0.05660377358490567 0.3792134831460674 0.08490566037735851 0.3609550561797753 0.08490566037735851
1 0.19382022471910113 0.3113207547169811 0.20926966292134833 0.3113207547169811 0.20926966292134833 0.33726415094339623 0.19382022471910113 0.33726415094339623
1 0.6460674157303372 0.9033018867924528 0.6629213483146069 0.9033018867924528 0.6629213483146069 0.9316037735849056 0.6460674157303372 0.9316037735849056
1 0.29353932584269665 0.16745283018867924 0.3117977528089888 0.16745283018867924 0.3117977528089888 0.19811320754716982 0.29353932584269665 0.19811320754716982
2 0.36235955056179775 0.16981132075471703 0.37780898876404495 0.16981132075471703 0.37780898876404495 0.19811320754716985 0.36235955056179775 0.19811320754716985
1 0.1601123595505618 0.7334905660377359 0.175561797752809 0.7334905660377359 0.175561797752809 0.7617924528301887 0.1601123595505618 0.7617924528301887
2 0.36235955056179775 0.3136792452830189 0.37780898876404495 0.3136792452830189 0.37780898876404495 0.33726415094339623 0.36235955056179775 0.33726415094339623
1 0.7963483146067416 0.5047169811320755 0.8160112359550562 0.5047169811320755 0.8160112359550562 0.5400943396226415 0.7963483146067416 0.5400943396226415
1 0.4943820224719101 0.25235849056603776 0.5126404494382022 0.25235849056603776 0.5126404494382022 0.28301886792452835 0.4943820224719101 0.28301886792452835
2 0.5632022471910112 0.6792452830188681 0.5786516853932584 0.6792452830188681 0.5786516853932584 0.7051886792452832 0.5632022471910112 0.7051886792452832
1 0.5617977528089888 0.5094339622641509 0.5786516853932584 0.5094339622641509 0.5786516853932584 0.5377358490566038 0.5617977528089888 0.5377358490566038
1 0.7991573033707867 0.9033018867924528 0.8146067415730339 0.9033018867924528 0.8146067415730339 0.9316037735849056 0.7991573033707867 0.9316037735849056
1 0.7317415730337079 0.0589622641509434 0.7471910112359551 0.0589622641509434 0.7471910112359551 0.08490566037735849 0.7317415730337079 0.08490566037735849
1 0.19382022471910113 0.7358490566037735 0.20926966292134833 0.7358490566037735 0.20926966292134833 0.7617924528301887 0.19382022471910113 0.7617924528301887
1 0.7303370786516854 0.3113207547169811 0.7485955056179775 0.3113207547169811 0.7485955056179775 0.33962264150943394 0.7303370786516854 0.33962264150943394
1 0.32865168539325845 0.5966981132075472 0.3426966292134832 0.5966981132075472 0.3426966292134832 0.6202830188679245 0.32865168539325845 0.6202830188679245
1 0.4058988764044944 0.5070754716981132 0.42275280898876405 0.5070754716981132 0.42275280898876405 0.535377358490566 0.4058988764044944 0.535377358490566
1 0.19382022471910113 0.5943396226415094 0.20926966292134833 0.5943396226415094 0.20926966292134833 0.6202830188679245 0.19382022471910113 0.6202830188679245
1 0.4929775280898877 0.9009433962264153 0.5126404494382023 0.9009433962264153 0.5126404494382023 0.9339622641509435 0.4929775280898877 0.9339622641509435
2 0.2949438202247191 0.3136792452830189 0.3103932584269663 0.3136792452830189 0.3103932584269663 0.33726415094339623 0.2949438202247191 0.33726415094339623
1 0.5294943820224719 0.36792452830188677 0.5449438202247191 0.36792452830188677 0.5449438202247191 0.3938679245283019 0.5294943820224719 0.3938679245283019
1 0.4957865168539326 0.36792452830188677 0.5112359550561798 0.36792452830188677 0.5112359550561798 0.3938679245283019 0.4957865168539326 0.3938679245283019
1 0.5969101123595506 0.6816037735849056 0.6123595505617978 0.6816037735849056 0.6123595505617978 0.7051886792452831 0.5969101123595506 0.7051886792452831
2 0.4957865168539326 0.5117924528301887 0.5112359550561798 0.5117924528301887 0.5112359550561798 0.535377358490566 0.4957865168539326 0.535377358490566
