0 0.364 0.5385656292286874 0.382 0.5385656292286874 0.382 0.5615696887686062 0.364 0.5615696887686062
0 0.28700000000000003 0.5385656292286874 0.306 0.5385656292286874 0.306 0.5629228687415426 0.28700000000000003 0.5629228687415426
0 0.137 0.4208389715832206 0.152 0.4208389715832206 0.152 0.4397834912043302 0.137 0.4397834912043302
0 0.28800000000000003 0.4194857916102842 0.305 0.4194857916102842 0.305 0.4411366711772666 0.28800000000000003 0.4411366711772666
0 0.562 0.5385656292286874 0.58 0.5385656292286874 0.58 0.5629228687415426 0.562 0.5629228687415426
1 0.5630000000000001 0.8619756427604872 0.58 0.8619756427604872 0.58 0.884979702300406 0.5630000000000001 0.884979702300406
0 0.78 0.6170500676589987 0.8 0.6170500676589987 0.8 0.6441136671177267 0.78 0.6441136671177267
0 0.365 0.4194857916102842 0.381 0.4194857916102842 0.381 0.4397834912043302 0.365 0.4397834912043302
0 0.562 0.6197564276048715 0.579 0.6197564276048715 0.579 0.6427604871447903 0.562 0.6427604871447903
1 0.28800000000000003 0.8619756427604872 0.305 0.8619756427604872 0.305 0.8863328822733424 0.28800000000000003 0.8863328822733424
1 0.606 0.06359945872801083 0.623 0.06359945872801083 0.623 0.08525033829499325 0.606 0.08525033829499325
1 0.28800000000000003 0.6238159675236807 0.305 0.6238159675236807 0.305 0.6454668470906632 0.28800000000000003 0.6454668470906632
1 0.212 0.2219215155615697 0.229 0.2219215155615697 0.229 0.2435723951285521 0.212 0.2435723951285521
1 0.605 0.26387009472259815 0.623 0.26387009472259815 0.623 0.2882273342354533 0.605 0.2882273342354533
1 0.365 0.6238159675236807 0.381 0.6238159675236807 0.381 0.6441136671177267 0.365 0.6441136671177267
1 0.365 0.06359945872801083 0.381 0.06359945872801083 0.381 0.08525033829499325 0.365 0.08525033829499325
1 0.781 0.2097428958051421 0.798 0.2097428958051421 0.798 0.23139377537212452 0.781 0.23139377537212452
0 0.604 0.31393775372124494 0.624 0.31393775372124494 0.624 0.33964817320703655 0.604 0.33964817320703655
0 0.364 0.3152909336941814 0.382 0.3152909336941814 0.382 0.33829499323410017 0.364 0.33829499323410017
1 0.781 0.8619756427604872 0.799 0.8619756427604872 0.799 0.8863328822733424 0.781 0.8863328822733424
1 0.518 0.06359945872801083 0.534 0.06359945872801083 0.534 0.08525033829499325 0.518 0.08525033829499325
1 0.136 0.5426251691474967 0.152 0.5426251691474967 0.152 0.5642760487144791 0.136 0.5642760487144791
0 0.517 0.3152909336941814 0.535 0.3152909336941814 0.535 0.33829499323410017 0.517 0.33829499323410017
1 0.5630000000000001 0.49391069012178623 0.58 0.49391069012178623 0.58 0.516914749661705 0.5630000000000001 0.516914749661705
1 0.66 0.2083897158322057 0.676 0.2083897158322057 0.676 0.23139377537212452 0.66 0.23139377537212452
1 0.466 0.06224627875507443 0.483 0.06224627875507443 0.483 0.08525033829499325 0.466 0.08525033829499325
1 0.675 0.31935047361299057 0.6910000000000001 0.31935047361299057 0.6910000000000001 0.341001353179973 0.675 0.341001353179973
1 0.492 0.86468200270636 0.508 0.86468200270636 0.508 0.8863328822733424 0.492 0.8863328822733424
1 0.517 0.2652232746955345 0.535 0.2652232746955345 0.535 0.28958051420838976 0.517 0.28958051420838976
2 0.29 0.6657645466847091 0.304 0.6657645466847091 0.304 0.6833558863328824 0.29 0.6833558863328824
1 0.07100000000000001 0.31935047361299057 0.085 0.31935047361299057 0.085 0.33964817320703655 0.07100000000000001 0.33964817320703655
1 0.464 0.2110960757780785 0.48 0.2110960757780785 0.48 0.2327469553450609 0.464 0.2327469553450609
1 0.86 0.4235453315290934 0.876 0.4235453315290934 0.876 0.4451962110960758 0.86 0.4451962110960758
2 0.137 0.6644113667117727 0.151 0.6644113667117727 0.151 0.6833558863328824 0.137 0.6833558863328824
2 0.46900000000000003 0.0 0.481 0.0 0.481 0.008119079837618403 0.46900000000000003 0.008119079837618403
