1 0.2390625 0.3753846153846154 0.25625 0.3753846153846154 0.25625 0.40615384615384614 0.2390625 0.40615384615384614
1 0.4734375 0.6461538461538461 0.4953125 0.6461538461538461 0.4953125 0.6892307692307691 0.4734375 0.6892307692307691
1 0.4171875 0.4092307692307691 0.4359375 0.4092307692307691 0.4359375 0.44615384615384607 0.4171875 0.44615384615384607
1 0.1546875 0.3753846153846154 0.1703125 0.3753846153846154 0.1703125 0.40615384615384614 0.1546875 0.40615384615384614
1 0.734375 0.4492307692307692 0.7515625 0.4492307692307692 0.7515625 0.48307692307692307 0.734375 0.48307692307692307
1 0.5921875 0.13538461538461538 0.609375 0.13538461538461538 0.609375 0.1723076923076923 0.5921875 0.1723076923076923
1 0.6328125 0.48615384615384616 0.6515625 0.48615384615384616 0.6515625 0.52 0.6328125 0.52
1 0.5921875 0.4123076923076923 0.609375 0.4123076923076923 0.609375 0.4461538461538462 0.5921875 0.4461538461538462
1 0.590625 0.6461538461538461 0.6109375 0.6461538461538461 0.6109375 0.6861538461538461 0.590625 0.6861538461538461
1 0.475 0.13538461538461538 0.49375 0.13538461538461538 0.49375 0.1723076923076923 0.475 0.1723076923076923
2 0.6828125 0.6492307692307694 0.7015625 0.6492307692307694 0.7015625 0.6861538461538463 0.6828125 0.6861538461538463
2 0.5921875 0.48615384615384616 0.609375 0.48615384615384616 0.609375 0.5169230769230769 0.5921875 0.5169230769230769
1 0.2390625 0.5876923076923077 0.25625 0.5876923076923077 0.25625 0.6246153846153846 0.2390625 0.6246153846153846
1 0.1546875 0.5876923076923077 0.171875 0.5876923076923077 0.171875 0.6215384615384615 0.1546875 0.6215384615384615
2 0.475 0.4092307692307691 0.49375 0.4092307692307691 0.49375 0.44615384615384607 0.475 0.44615384615384607
1 0.6828125 0.803076923076923 0.7015625 0.803076923076923 0.7015625 0.8430769230769231 0.6828125 0.8430769230769231
