1 0.8272727272727274 0.3675 0.8490909090909092 0.3675 0.8490909090909092 0.395 0.8272727272727274 0.395
1 0.19090909090909094 0.6575 0.21454545454545457 0.6575 0.21454545454545457 0.6925 0.19090909090909094 0.6925
1 0.6363636363636364 0.7 0.66 0.7 0.66 0.7325 0.6363636363636364 0.7325
1 0.35818181818181816 0.44 0.38181818181818183 0.44 0.38181818181818183 0.4725 0.35818181818181816 0.4725
1 0.8054545454545454 0.5375 0.8290909090909091 0.5375 0.8290909090909091 0.57 0.8054545454545454 0.57
1 0.19090909090909094 0.205 0.21454545454545457 0.205 0.21454545454545457 0.2375 0.19090909090909094 0.2375
1 0.35818181818181816 0.24 0.38 0.24 0.38 0.27 0.35818181818181816 0.27
1 0.8272727272727274 0.2075 0.8490909090909092 0.2075 0.8490909090909092 0.235 0.8272727272727274 0.235
1 0.6345454545454545 0.1775 0.66 0.1775 0.66 0.21 0.6345454545454545 0.21
1 0.35818181818181816 0.66 0.38181818181818183 0.66 0.38181818181818183 0.6925 0.35818181818181816 0.6925
1 0.8054545454545454 0.7 0.8290909090909091 0.7 0.8290909090909091 0.7325 0.8054545454545454 0.7325
