1 0.6525423728813559 0.2674050632911392 0.6779661016949152 0.2674050632911392 0.6779661016949152 0.2927215189873418 0.6525423728813559 0.2927215189873418
2 0.4491525423728813 0.5585443037974683 0.4694915254237288 0.5585443037974683 0.4694915254237288 0.5775316455696202 0.4491525423728813 0.5775316455696202
2 0.5525423728813559 0.13449367088607594 0.5728813559322034 0.13449367088607594 0.5728813559322034 0.1518987341772152 0.5525423728813559 0.1518987341772152
2 0.4491525423728813 0.13291139240506328 0.4694915254237288 0.13291139240506328 0.4694915254237288 0.1518987341772152 0.4491525423728813 0.1518987341772152
1 0.5508474576271186 0.19936708860759494 0.576271186440678 0.19936708860759494 0.576271186440678 0.22151898734177214 0.5508474576271186 0.22151898734177214
1 0.44745762711864406 0.9525316455696202 0.4711864406779661 0.9525316455696202 0.4711864406779661 0.9746835443037974 0.44745762711864406 0.9746835443037974
1 0.44745762711864406 0.6677215189873418 0.4694915254237288 0.6677215189873418 0.4694915254237288 0.6882911392405063 0.44745762711864406 0.6882911392405063
1 0.7576271186440677 0.35443037974683544 0.7779661016949152 0.35443037974683544 0.7779661016949152 0.37341772151898733 0.7576271186440677 0.37341772151898733
1 0.6525423728813559 0.02373417721518987 0.6779661016949152 0.02373417721518987 0.6779661016949152 0.04746835443037974 0.6525423728813559 0.04746835443037974
1 0.7576271186440677 0.02531645569620253 0.7813559322033898 0.02531645569620253 0.7813559322033898 0.0490506329113924 0.7576271186440677 0.0490506329113924
1 0.5525423728813559 0.5569620253164557 0.5745762711864406 0.5569620253164557 0.5745762711864406 0.5775316455696202 0.5525423728813559 0.5775316455696202
1 0.44745762711864406 0.10443037974683544 0.4711864406779661 0.10443037974683544 0.4711864406779661 0.1281645569620253 0.44745762711864406 0.1281645569620253
1 0.7593220338983051 0.5585443037974683 0.7813559322033898 0.5585443037974683 0.7813559322033898 0.5806962025316456 0.7593220338983051 0.5806962025316456
1 0.6525423728813559 0.555379746835443 0.6779661016949152 0.555379746835443 0.6779661016949152 0.5791139240506329 0.6525423728813559 0.5791139240506329
1 0.1288135593220339 0.6534810126582279 0.1542372881355932 0.6534810126582279 0.1542372881355932 0.6772151898734177 0.1288135593220339 0.6772151898734177
1 0.8440677966101695 0.5569620253164557 0.8677966101694915 0.5569620253164557 0.8677966101694915 0.5791139240506329 0.8440677966101695 0.5791139240506329
1 0.5491525423728814 0.02373417721518987 0.576271186440678 0.02373417721518987 0.576271186440678 0.04746835443037974 0.5491525423728814 0.04746835443037974
1 0.1288135593220339 0.5585443037974683 0.15084745762711865 0.5585443037974683 0.15084745762711865 0.5806962025316456 0.1288135593220339 0.5806962025316456
1 0.8457627118644068 0.8180379746835443 0.8694915254237288 0.8180379746835443 0.8694915254237288 0.8417721518987341 0.8457627118644068 0.8417721518987341
1 0.6525423728813559 0.13132911392405064 0.6796610169491525 0.13132911392405064 0.6796610169491525 0.1550632911392405 0.6525423728813559 0.1550632911392405
1 0.8457627118644068 0.02689873417721519 0.8661016949152542 0.02689873417721519 0.8661016949152542 0.04588607594936709 0.8457627118644068 0.04588607594936709
1 0.7576271186440677 0.7341772151898734 0.7813559322033898 0.7341772151898734 0.7813559322033898 0.7579113924050633 0.7576271186440677 0.7579113924050633
1 0.34915254237288135 0.8180379746835443 0.3711864406779661 0.8180379746835443 0.3711864406779661 0.8401898734177216 0.34915254237288135 0.8401898734177216
1 0.9016949152542373 0.6518987341772152 0.9254237288135593 0.6518987341772152 0.9254237288135593 0.675632911392405 0.9016949152542373 0.675632911392405
1 0.8457627118644068 0.5585443037974683 0.8677966101694915 0.5585443037974683 0.8677966101694915 0.5791139240506329 0.8457627118644068 0.5791139240506329
1 0.8457627118644068 0.9572784810126582 0.864406779661017 0.9572784810126582 0.864406779661017 0.9746835443037974 0.8457627118644068 0.9746835443037974
1 0.7593220338983051 0.7341772151898734 0.7813559322033898 0.7341772151898734 0.7813559322033898 0.7563291139240507 0.7593220338983051 0.7563291139240507
1 0.8440677966101695 0.435126582278481 0.8677966101694915 0.435126582278481 0.8677966101694915 0.4572784810126582 0.8440677966101695 0.4572784810126582
1 0.34745762711864403 0.9541139240506329 0.3694915254237288 0.9541139240506329 0.3694915254237288 0.9731012658227848 0.34745762711864403 0.9731012658227848
1 0.9050847457627118 0.5632911392405063 0.9288135593220339 0.5632911392405063 0.9288135593220339 0.5791139240506329 0.9050847457627118 0.5791139240506329
