1 0.3328488372093023 0.23222748815165878 0.3546511627906977 0.23222748815165878 0.3546511627906977 0.26540284360189575 0.3328488372093023 0.26540284360189575
1 0.7732558139534885 0.38388625592417064 0.799418604651163 0.38388625592417064 0.799418604651163 0.4265402843601896 0.7732558139534885 0.4265402843601896
1 0.5741279069767442 0.4146919431279621 0.5973837209302325 0.4146919431279621 0.5973837209302325 0.4549763033175355 0.5741279069767442 0.4549763033175355
1 0.43459302325581395 0.490521327014218 0.46075581395348836 0.490521327014218 0.46075581395348836 0.5308056872037915 0.43459302325581395 0.5308056872037915
1 0.5726744186046512 0.22748815165876782 0.5944767441860465 0.22748815165876782 0.5944767441860465 0.2630331753554503 0.5726744186046512 0.2630331753554503
1 0.8125 0.5734597156398105 0.8401162790697675 0.5734597156398105 0.8401162790697675 0.6184834123222749 0.8125 0.6184834123222749
1 0.6627906976744186 0.4834123222748815 0.6874999999999999 0.4834123222748815 0.6874999999999999 0.5260663507109005 0.6627906976744186 0.5260663507109005
1 0.7063953488372092 0.943127962085308 0.7296511627906976 0.943127962085308 0.7296511627906976 0.981042654028436 0.7063953488372092 0.981042654028436
1 0.7020348837209301 0.5971563981042654 0.7267441860465116 0.5971563981042654 0.7267441860465116 0.6398104265402843 0.7020348837209301 0.6398104265402843
1 0.5755813953488372 0.3222748815165877 0.5944767441860465 0.3222748815165877 0.5944767441860465 0.35545023696682465 0.5755813953488372 0.35545023696682465
1 0.2136627906976744 0.38388625592417064 0.2311046511627907 0.38388625592417064 0.2311046511627907 0.41232227488151657 0.2136627906976744 0.41232227488151657
1 0.8125 0.4976303317535545 0.8386627906976745 0.4976303317535545 0.8386627906976745 0.5402843601895735 0.8125 0.5402843601895735
1 0.5726744186046512 0.13033175355450238 0.5944767441860465 0.13033175355450238 0.5944767441860465 0.16824644549763032 0.5726744186046512 0.16824644549763032
1 0.3313953488372093 0.13507109004739337 0.3517441860465116 0.13507109004739337 0.3517441860465116 0.16824644549763032 0.3313953488372093 0.16824644549763032
2 0.7005813953488372 0.6398104265402843 0.7296511627906976 0.6398104265402843 0.7296511627906976 0.6895734597156398 0.7005813953488372 0.6895734597156398
2 0.2136627906976744 0.5260663507109005 0.23255813953488372 0.5260663507109005 0.23255813953488372 0.5545023696682464 0.2136627906976744 0.5545023696682464
2 0.17441860465116277 0.38388625592417064 0.1933139534883721 0.38388625592417064 0.1933139534883721 0.41232227488151657 0.17441860465116277 0.41232227488151657
1 0.8183139534883721 0.7511848341232228 0.8386627906976745 0.7511848341232228 0.8386627906976745 0.7819905213270142 0.8183139534883721 0.7819905213270142
1 0.47093023255813954 0.3886255924170616 0.502906976744186 0.3886255924170616 0.502906976744186 0.43838862559241704 0.47093023255813954 0.43838862559241704
1 0.6976744186046511 0.31516587677725116 0.7252906976744186 0.31516587677725116 0.7252906976744186 0.36018957345971564 0.6976744186046511 0.36018957345971564
2 0.17587209302325582 0.5260663507109005 0.1933139534883721 0.5260663507109005 0.1933139534883721 0.5545023696682464 0.17587209302325582 0.5545023696682464
1 0.8212209302325582 0.943127962085308 0.8401162790697675 0.943127962085308 0.8401162790697675 0.976303317535545 0.8212209302325582 0.976303317535545
1 0.8081395348837209 0.023696682464454975 0.8357558139534884 0.023696682464454975 0.8357558139534884 0.06872037914691943 0.8081395348837209 0.06872037914691943
1 0.3328488372093023 0.6540284360189574 0.36046511627906974 0.6540284360189574 0.36046511627906974 0.6966824644549764 0.3328488372093023 0.6966824644549764
1 0.4738372093023255 0.03317535545023697 0.49418604651162784 0.03317535545023697 0.49418604651162784 0.06635071090047394 0.4738372093023255 0.06635071090047394
1 0.815406976744186 0.6469194312796208 0.8386627906976745 0.6469194312796208 0.8386627906976745 0.6800947867298578 0.815406976744186 0.6800947867298578
2 0.436046511627907 0.6492890995260665 0.4622093023255814 0.6492890995260665 0.4622093023255814 0.6919431279620855 0.436046511627907 0.6919431279620855
2 0.47819767441860467 0.6492890995260665 0.501453488372093 0.6492890995260665 0.501453488372093 0.68957345971564 0.47819767441860467 0.68957345971564
1 0.5726744186046512 0.03317535545023697 0.5930232558139535 0.03317535545023697 0.5930232558139535 0.06635071090047394 0.5726744186046512 0.06635071090047394
1 0.6598837209302324 0.31516587677725116 0.6874999999999999 0.31516587677725116 0.6874999999999999 0.36255924170616116 0.6598837209302324 0.36255924170616116
1 0.7049418604651163 0.8436018957345972 0.7281976744186046 0.8436018957345972 0.7281976744186046 0.8815165876777251 0.7049418604651163 0.8815165876777251
2 0.2936046511627907 0.23459715639810427 0.3139534883720931 0.23459715639810427 0.3139534883720931 0.26540284360189575 0.2936046511627907 0.26540284360189575
1 0.3938953488372093 0.4218009478672986 0.41424418604651164 0.4218009478672986 0.41424418604651164 0.4549763033175355 0.3938953488372093 0.4549763033175355
1 0.29796511627906974 0.5023696682464455 0.315406976744186 0.5023696682464455 0.315406976744186 0.5284360189573459 0.29796511627906974 0.5284360189573459
1 0.2151162790697675 0.95260663507109 0.23691860465116282 0.95260663507109 0.23691860465116282 0.9881516587677726 0.2151162790697675 0.9881516587677726
1 0.8575581395348837 0.026066350710900472 0.8808139534883721 0.026066350710900472 0.8808139534883721 0.06635071090047394 0.8575581395348837 0.06635071090047394
2 0.38953488372093026 0.037914691943127965 0.40843023255813954 0.037914691943127965 0.40843023255813954 0.06635071090047394 0.38953488372093026 0.06635071090047394
1 0.33575581395348836 0.42417061611374407 0.3546511627906977 0.42417061611374407 0.3546511627906977 0.4549763033175355 0.33575581395348836 0.4549763033175355
1 0.21220930232558138 0.23459715639810427 0.2311046511627907 0.23459715639810427 0.2311046511627907 0.2677725118483412 0.21220930232558138 0.2677725118483412
2 0.8575581395348837 0.12559241706161137 0.8808139534883721 0.12559241706161137 0.8808139534883721 0.16350710900473933 0.8575581395348837 0.16350710900473933
1 0.17296511627906977 0.23696682464454977 0.19186046511627908 0.23696682464454977 0.19186046511627908 0.2677725118483412 0.17296511627906977 0.2677725118483412
1 0.7718023255813954 0.12559241706161137 0.7950581395348837 0.12559241706161137 0.7950581395348837 0.16587677725118483 0.7718023255813954 0.16587677725118483
2 0.8125 0.12559241706161137 0.8343023255813954 0.12559241706161137 0.8343023255813954 0.16113744075829384 0.8125 0.16113744075829384
1 0.17587209302325582 0.7085308056872038 0.19767441860465115 0.7085308056872038 0.19767441860465115 0.7440758293838863 0.17587209302325582 0.7440758293838863
2 0.8619186046511628 0.5781990521327014 0.8837209302325582 0.5781990521327014 0.8837209302325582 0.6161137440758294 0.8619186046511628 0.6161137440758294
1 0.8168604651162791 0.7748815165876777 0.8386627906976745 0.7748815165876777 0.8386627906976745 0.8056872037914692 0.8168604651162791 0.8056872037914692
