0 0.23699421965317918 0.21052631578947367 0.2658959537572254 0.21052631578947367 0.2658959537572254 0.23976608187134502 0.23699421965317918 0.23976608187134502
0 0.3179190751445087 0.21198830409356723 0.34393063583815026 0.21198830409356723 0.34393063583815026 0.23830409356725146 0.3179190751445087 0.23830409356725146
0 0.47254335260115604 0.21198830409356723 0.4985549132947977 0.21198830409356723 0.4985549132947977 0.23976608187134502 0.47254335260115604 0.23976608187134502
0 0.31936416184971095 0.2733918128654971 0.34393063583815026 0.2733918128654971 0.34393063583815026 0.2982456140350877 0.31936416184971095 0.2982456140350877
0 0.6141618497109826 0.21198830409356723 0.6401734104046243 0.21198830409356723 0.6401734104046243 0.23976608187134502 0.6141618497109826 0.23976608187134502
0 0.5447976878612717 0.4649122807017544 0.569364161849711 0.4649122807017544 0.569364161849711 0.489766081871345 0.5447976878612717 0.489766081871345
1 0.611271676300578 0.7675438596491228 0.634393063583815 0.7675438596491228 0.634393063583815 0.7909356725146198 0.611271676300578 0.7909356725146198
2 0.4783236994219653 0.9415204678362572 0.4985549132947977 0.9415204678362572 0.4985549132947977 0.9634502923976608 0.4783236994219653 0.9634502923976608
2 0.3222543352601156 0.059941520467836254 0.34104046242774566 0.059941520467836254 0.34104046242774566 0.07748538011695906 0.3222543352601156 0.07748538011695906
2 0.611271676300578 0.9415204678362572 0.6329479768786127 0.9415204678362572 0.6329479768786127 0.9634502923976608 0.611271676300578 0.9634502923976608
2 0.4783236994219653 0.6081871345029239 0.4985549132947977 0.6081871345029239 0.4985549132947977 0.6271929824561403 0.4783236994219653 0.6271929824561403
2 0.6127167630057803 0.6081871345029239 0.6315028901734103 0.6081871345029239 0.6315028901734103 0.6271929824561403 0.6127167630057803 0.6271929824561403
2 0.1690751445086705 0.9429824561403508 0.18786127167630057 0.9429824561403508 0.18786127167630057 0.9619883040935672 0.1690751445086705 0.9619883040935672
2 0.2413294797687861 0.05847953216374269 0.2615606936416185 0.05847953216374269 0.2615606936416185 0.07748538011695906 0.2413294797687861 0.07748538011695906
2 0.3005780346820809 0.9429824561403508 0.3222543352601156 0.9429824561403508 0.3222543352601156 0.9619883040935672 0.3005780346820809 0.9619883040935672
2 0.7427745664739884 0.9415204678362572 0.764450867052023 0.9415204678362572 0.764450867052023 0.9619883040935672 0.7427745664739884 0.9619883040935672
2 0.3020231213872832 0.6081871345029239 0.3208092485549133 0.6081871345029239 0.3208092485549133 0.6271929824561403 0.3020231213872832 0.6271929824561403
2 0.3222543352601156 0.5394736842105263 0.33959537572254334 0.5394736842105263 0.33959537572254334 0.5570175438596491 0.3222543352601156 0.5570175438596491
2 0.4060693641618497 0.13011695906432746 0.4234104046242774 0.13011695906432746 0.4234104046242774 0.14766081871345027 0.4060693641618497 0.14766081871345027
2 0.546242774566474 0.3435672514619883 0.5679190751445087 0.3435672514619883 0.5679190751445087 0.36549707602339176 0.546242774566474 0.36549707602339176
2 0.38872832369942195 0.4722222222222222 0.407514450867052 0.4722222222222222 0.407514450867052 0.489766081871345 0.38872832369942195 0.489766081871345
2 0.1690751445086705 0.6081871345029239 0.18786127167630057 0.6081871345029239 0.18786127167630057 0.6271929824561403 0.1690751445086705 0.6271929824561403
2 0.5447976878612717 0.9415204678362572 0.5679190751445087 0.9415204678362572 0.5679190751445087 0.9649122807017543 0.5447976878612717 0.9649122807017543
2 0.6184971098265896 0.05847953216374269 0.6372832369942196 0.05847953216374269 0.6372832369942196 0.07748538011695906 0.6184971098265896 0.07748538011695906
1 0.7442196531791907 0.7675438596491228 0.7658959537572254 0.7675438596491228 0.7658959537572254 0.7894736842105263 0.7442196531791907 0.7894736842105263
2 0.10549132947976878 0.2178362573099415 0.12861271676300579 0.2178362573099415 0.12861271676300579 0.24122807017543857 0.10549132947976878 0.24122807017543857
2 0.6893063583815029 0.13011695906432746 0.7066473988439306 0.13011695906432746 0.7066473988439306 0.14766081871345027 0.6893063583815029 0.14766081871345027
2 0.4754335260115607 0.05847953216374269 0.495664739884393 0.05847953216374269 0.495664739884393 0.07894736842105263 0.4754335260115607 0.07894736842105263
2 0.24277456647398843 0.5394736842105263 0.2615606936416185 0.5394736842105263 0.2615606936416185 0.5570175438596491 0.24277456647398843 0.5570175438596491
2 0.5476878612716762 0.5380116959064327 0.5664739884393063 0.5380116959064327 0.5664739884393063 0.5584795321637427 0.5476878612716762 0.5584795321637427
2 0.5476878612716762 0.05847953216374269 0.565028901734104 0.05847953216374269 0.565028901734104 0.07602339181286549 0.5476878612716762 0.07602339181286549
2 0.7745664739884393 0.32309941520467833 0.796242774566474 0.32309941520467833 0.796242774566474 0.3435672514619883 0.7745664739884393 0.3435672514619883
2 0.4754335260115607 0.19005847953216373 0.49710982658959535 0.19005847953216373 0.49710982658959535 0.21198830409356723 0.4754335260115607 0.21198830409356723
2 0.6156069364161849 0.18859649122807015 0.6387283236994219 0.18859649122807015 0.6387283236994219 0.21198830409356723 0.6156069364161849 0.21198830409356723
2 0.3208092485549133 0.4137426900584795 0.34104046242774566 0.4137426900584795 0.34104046242774566 0.43421052631578944 0.3208092485549133 0.43421052631578944
2 0.541907514450867 0.02631578947368421 0.5679190751445087 0.02631578947368421 0.5679190751445087 0.054093567251461985 0.541907514450867 0.054093567251461985
2 0.2398843930635838 0.27923976608187134 0.2630057803468208 0.27923976608187134 0.2630057803468208 0.30116959064327486 0.2398843930635838 0.30116959064327486
