1 0.466875 0.699497487437186 0.478125 0.699497487437186 0.478125 0.7175879396984924 0.466875 0.7175879396984924
2 0.228125 0.6904522613065328 0.236875 0.6904522613065328 0.236875 0.7035175879396987 0.228125 0.7035175879396987
1 0.693125 0.8 0.704375 0.8 0.704375 0.8170854271356784 0.693125 0.8170854271356784
1 0.196875 0.4904522613065327 0.20625 0.4904522613065327 0.20625 0.5045226130653266 0.196875 0.5045226130653266
1 0.405625 0.7618090452261306 0.416875 0.7618090452261306 0.416875 0.779899497487437 0.405625 0.779899497487437
1 0.468125 0.9125628140703518 0.47875 0.9125628140703518 0.47875 0.928643216080402 0.468125 0.928643216080402
2 0.32125 0.6884422110552764 0.33125 0.6884422110552764 0.33125 0.7045226130653266 0.32125 0.7045226130653266
1 0.62375 0.9135678391959801 0.633125 0.9135678391959801 0.633125 0.927638190954774 0.62375 0.927638190954774
1 0.275 0.052261306532663324 0.28500000000000003 0.052261306532663324 0.28500000000000003 0.06834170854271357 0.275 0.06834170854271357
1 0.466875 0.2623115577889447 0.478125 0.2623115577889447 0.478125 0.2804020100502513 0.466875 0.2804020100502513
1 0.69375 0.9125628140703518 0.703125 0.9125628140703518 0.703125 0.928643216080402 0.69375 0.928643216080402
1 0.158125 0.4894472361809045 0.1675 0.4894472361809045 0.1675 0.5045226130653266 0.158125 0.5045226130653266
1 0.545625 0.700502512562814 0.55625 0.700502512562814 0.55625 0.7165829145728643 0.545625 0.7165829145728643
1 0.274375 0.7638190954773869 0.284375 0.7638190954773869 0.284375 0.7798994974874371 0.274375 0.7798994974874371
2 0.274375 0.6884422110552764 0.284375 0.6884422110552764 0.284375 0.7045226130653266 0.274375 0.7045226130653266
1 0.74 0.8010050251256281 0.75 0.8010050251256281 0.75 0.8170854271356784 0.74 0.8170854271356784
2 0.32 0.20100502512562815 0.331875 0.20100502512562815 0.331875 0.21909547738693466 0.32 0.21909547738693466
1 0.685 0.1507537688442211 0.695625 0.1507537688442211 0.695625 0.1678391959798995 0.685 0.1678391959798995
1 0.54625 0.9125628140703518 0.55625 0.9125628140703518 0.55625 0.928643216080402 0.54625 0.928643216080402
2 0.320625 0.7628140703517587 0.33125 0.7628140703517587 0.33125 0.7798994974874371 0.320625 0.7798994974874371
1 0.623125 0.47537688442211057 0.634375 0.47537688442211057 0.634375 0.4934673366834171 0.623125 0.4934673366834171
1 0.545625 0.2633165829145729 0.55625 0.2633165829145729 0.55625 0.2804020100502513 0.545625 0.2804020100502513
1 0.3975 0.20100502512562815 0.409375 0.20100502512562815 0.409375 0.21909547738693466 0.3975 0.21909547738693466
1 0.274375 0.20100502512562815 0.285 0.20100502512562815 0.285 0.21909547738693466 0.274375 0.21909547738693466
1 0.174375 0.6773869346733669 0.183125 0.6773869346733669 0.183125 0.6914572864321608 0.174375 0.6914572864321608
1 0.7475 0.1507537688442211 0.758125 0.1507537688442211 0.758125 0.1678391959798995 0.7475 0.1678391959798995
1 0.274375 0.9135678391959801 0.284375 0.9135678391959801 0.284375 0.9286432160804021 0.274375 0.9286432160804021
1 0.68625 0.052261306532663324 0.695625 0.052261306532663324 0.695625 0.06733668341708543 0.68625 0.06733668341708543
1 0.468125 0.05125628140703518 0.47875 0.05125628140703518 0.47875 0.06834170854271357 0.468125 0.06834170854271357
1 0.1975 0.6773869346733669 0.205625 0.6773869346733669 0.205625 0.6914572864321608 0.1975 0.6914572864321608
1 0.545625 0.052261306532663324 0.55625 0.052261306532663324 0.55625 0.06834170854271357 0.545625 0.06834170854271357
1 0.320625 0.052261306532663324 0.33125 0.052261306532663324 0.33125 0.06834170854271357 0.320625 0.06834170854271357
1 0.383125 0.4884422110552764 0.393125 0.4884422110552764 0.393125 0.5055276381909548 0.383125 0.5055276381909548
1 0.74 0.9125628140703518 0.75 0.9125628140703518 0.75 0.928643216080402 0.74 0.928643216080402
1 0.545625 0.4763819095477387 0.55625 0.4763819095477387 0.55625 0.4934673366834171 0.545625 0.4934673366834171
1 0.7475 0.052261306532663324 0.758125 0.052261306532663324 0.758125 0.06834170854271357 0.7475 0.06834170854271357
1 0.623125 0.05125628140703518 0.634375 0.05125628140703518 0.634375 0.06934673366834171 0.623125 0.06934673366834171
1 0.351875 0.4884422110552764 0.361875 0.4884422110552764 0.361875 0.5055276381909548 0.351875 0.5055276381909548
1 0.24375 0.4904522613065327 0.253125 0.4904522613065327 0.253125 0.5045226130653266 0.24375 0.5045226130653266
1 0.298125 0.464321608040201 0.30749999999999994 0.464321608040201 0.30749999999999994 0.4793969849246231 0.298125 0.4793969849246231
1 0.32125 0.9135678391959801 0.330625 0.9135678391959801 0.330625 0.9286432160804021 0.32125 0.9286432160804021
2 0.46875 0.5266331658291458 0.478125 0.5266331658291458 0.478125 0.542713567839196 0.46875 0.542713567839196
1 0.298125 0.5135678391959799 0.308125 0.5135678391959799 0.308125 0.528643216080402 0.298125 0.528643216080402
2 0.229375 0.4914572864321608 0.236875 0.4914572864321608 0.236875 0.5035175879396985 0.229375 0.5035175879396985
2 0.01125 0.5477386934673367 0.02375 0.5477386934673367 0.02375 0.5668341708542713 0.01125 0.5668341708542713
2 0.010625 0.2804020100502513 0.02375 0.2804020100502513 0.02375 0.3015075376884422 0.010625 0.3015075376884422
2 0.011875 0.6824120603015076 0.023125 0.6824120603015076 0.023125 0.699497487437186 0.011875 0.699497487437186
2 0.010625 0.8130653266331658 0.024375 0.8130653266331658 0.024375 0.8341708542713567 0.010625 0.8341708542713567
2 0.0 0.5487437185929648 0.0075 0.5487437185929648 0.0075 0.5668341708542713 0.0 0.5668341708542713
2 0.343125 0.9608040201005025 0.353125 0.9608040201005025 0.353125 0.9778894472361809 0.343125 0.9778894472361809
2 0.1775 0.9597989949748744 0.18875 0.9597989949748744 0.18875 0.9778894472361809 0.1775 0.9778894472361809
2 0.26 0.9608040201005025 0.270625 0.9608040201005025 0.270625 0.9778894472361809 0.26 0.9778894472361809
2 0.67375 0.9608040201005025 0.685 0.9608040201005025 0.685 0.9778894472361809 0.67375 0.9778894472361809
2 0.59125 0.9597989949748744 0.6025 0.9597989949748744 0.6025 0.9778894472361809 0.59125 0.9778894472361809
2 0.921875 0.9597989949748744 0.93375 0.9597989949748744 0.93375 0.978894472361809 0.921875 0.978894472361809
2 0.425625 0.9608040201005025 0.436875 0.9608040201005025 0.436875 0.9778894472361809 0.425625 0.9778894472361809
2 0.83875 0.9597989949748744 0.850625 0.9597989949748744 0.850625 0.978894472361809 0.83875 0.978894472361809
2 0.50875 0.9608040201005025 0.519375 0.9608040201005025 0.519375 0.9778894472361809 0.50875 0.9778894472361809
2 0.756875 0.9608040201005025 0.768125 0.9608040201005025 0.768125 0.9778894472361809 0.756875 0.9778894472361809
2 0.095 0.9608040201005025 0.10625 0.9608040201005025 0.10625 0.9778894472361809 0.095 0.9778894472361809
2 0.01125 0.9577889447236181 0.024375 0.9577889447236181 0.024375 0.978894472361809 0.01125 0.978894472361809
2 0.673125 0.9879396984924624 0.685625 0.9879396984924624 0.685625 1.0000000000000002 0.673125 1.0000000000000002
2 0.508125 0.9869346733668342 0.5206250000000001 0.9869346733668342 0.5206250000000001 1.0 0.508125 1.0
2 0.1775 0.9879396984924624 0.189375 0.9879396984924624 0.189375 1.0000000000000002 0.1775 1.0000000000000002
2 0.3425 0.9889447236180905 0.354375 0.9889447236180905 0.354375 1.0 0.3425 1.0
2 0.83875 0.9869346733668342 0.851875 0.9869346733668342 0.851875 1.0 0.83875 1.0
2 0.26 0.9889447236180905 0.271875 0.9889447236180905 0.271875 1.0 0.26 1.0
2 0.42625 0.9869346733668342 0.4375 0.9869346733668342 0.4375 1.0 0.42625 1.0
2 0.92125 0.9879396984924624 0.934375 0.9879396984924624 0.934375 1.0000000000000002 0.92125 1.0000000000000002
2 0.59125 0.9869346733668342 0.603125 0.9869346733668342 0.603125 1.0 0.59125 1.0
2 0.756875 0.9869346733668342 0.769375 0.9869346733668342 0.769375 1.0 0.756875 1.0
2 0.095 0.9869346733668342 0.106875 0.9869346733668342 0.106875 1.0 0.095 1.0
2 0.96875 0.1487437185929648 0.98125 0.1487437185929648 0.98125 0.16884422110552763 0.96875 0.16884422110552763
2 0.96875 0.6814070351758794 0.98125 0.6814070351758794 0.98125 0.7015075376884422 0.96875 0.7015075376884422
2 0.968125 0.8130653266331658 0.9825 0.8130653266331658 0.9825 0.8341708542713567 0.968125 0.8341708542713567
2 0.98625 0.6814070351758794 0.99875 0.6814070351758794 0.99875 0.7015075376884422 0.98625 0.7015075376884422
2 0.985 0.5447236180904522 0.999375 0.5447236180904522 0.999375 0.5688442211055277 0.985 0.5688442211055277
2 0.98625 0.1487437185929648 0.99875 0.1487437185929648 0.99875 0.16884422110552763 0.98625 0.16884422110552763
2 0.985625 0.8130653266331658 0.99875 0.8130653266331658 0.99875 0.8341708542713567 0.985625 0.8341708542713567
2 0.96875 0.2814070351758794 0.98125 0.2814070351758794 0.98125 0.3005025125628141 0.96875 0.3005025125628141
2 0.98625 0.2814070351758794 0.99875 0.2814070351758794 0.99875 0.3005025125628141 0.98625 0.3005025125628141
2 0.985625 0.4130653266331658 0.99875 0.4130653266331658 0.99875 0.43618090452261304 0.985625 0.43618090452261304
2 0.96875 0.9577889447236181 0.981875 0.9577889447236181 0.981875 0.978894472361809 0.96875 0.978894472361809
2 0.968125 0.5447236180904522 0.983125 0.5447236180904522 0.983125 0.5698492462311557 0.968125 0.5698492462311557
2 0.985625 0.9477386934673366 0.99875 0.9477386934673366 0.99875 0.9708542713567839 0.985625 0.9708542713567839
2 0.968125 0.4130653266331658 0.9825 0.4130653266331658 0.9825 0.43618090452261304 0.968125 0.43618090452261304
2 0.969375 0.017085427135678392 0.980625 0.017085427135678392 0.980625 0.034170854271356785 0.969375 0.034170854271356785
2 0.178125 0.016080402010050253 0.188125 0.016080402010050253 0.188125 0.033165829145728645 0.178125 0.033165829145728645
2 0.923125 0.016080402010050253 0.933125 0.016080402010050253 0.933125 0.033165829145728645 0.923125 0.033165829145728645
2 0.26125 0.017085427135678392 0.27125 0.017085427135678392 0.27125 0.033165829145728645 0.26125 0.033165829145728645
2 0.839375 0.01507537688442211 0.850625 0.01507537688442211 0.850625 0.033165829145728645 0.839375 0.033165829145728645
2 0.675 0.016080402010050253 0.685 0.016080402010050253 0.685 0.033165829145728645 0.675 0.033165829145728645
2 0.343125 0.01507537688442211 0.35375 0.01507537688442211 0.35375 0.033165829145728645 0.343125 0.033165829145728645
2 0.34375 0.0 0.354375 0.0 0.354375 0.006030150753768844 0.34375 0.006030150753768844
2 0.92375 0.0 0.93375 0.0 0.93375 0.005025125628140703 0.92375 0.005025125628140703
2 0.675 0.0 0.685 0.0 0.685 0.005025125628140703 0.675 0.005025125628140703
2 0.7575 0.017085427135678392 0.766875 0.017085427135678392 0.766875 0.032160804020100506 0.7575 0.032160804020100506
2 0.26125 0.0 0.271875 0.0 0.271875 0.005025125628140703 0.26125 0.005025125628140703
2 0.178125 0.0 0.189375 0.0 0.189375 0.006030150753768844 0.178125 0.006030150753768844
2 0.839375 0.0 0.851875 0.0 0.851875 0.006030150753768844 0.839375 0.006030150753768844
2 0.094375 0.0 0.106875 0.0 0.106875 0.007035175879396985 0.094375 0.007035175879396985
2 0.50875 0.0 0.52 0.0 0.52 0.005025125628140703 0.50875 0.005025125628140703
2 0.7575 0.0 0.768125 0.0 0.768125 0.006030150753768844 0.7575 0.006030150753768844
2 0.97 0.0 0.98125 0.0 0.98125 0.006030150753768844 0.97 0.006030150753768844
2 0.591875 0.0 0.603125 0.0 0.603125 0.005025125628140703 0.591875 0.005025125628140703
2 0.42625 0.0 0.436875 0.0 0.436875 0.005025125628140703 0.42625 0.005025125628140703
2 0.986875 0.016080402010050253 0.998125 0.016080402010050253 0.998125 0.034170854271356785 0.986875 0.034170854271356785
2 0.095 0.01507537688442211 0.10625 0.01507537688442211 0.10625 0.034170854271356785 0.095 0.034170854271356785
2 0.011875 0.41608040201005025 0.023125 0.41608040201005025 0.023125 0.43417085427135677 0.011875 0.43417085427135677
2 0.010625 0.1457286432160804 0.025 0.1457286432160804 0.025 0.16984924623115577 0.010625 0.16984924623115577
2 0.01125 0.01407035175879397 0.024375 0.01407035175879397 0.024375 0.036180904522613064 0.01125 0.036180904522613064
2 0.01125 0.0 0.025 0.0 0.025 0.007035175879396985 0.01125 0.007035175879396985
2 0.0 0.014656895403064623 0.0053859926715523 0.014656895403064623 0.0053859926715523 0.03664223850766156 0.0 0.03664223850766156
2 0.4267363424383745 0.015989340439706862 0.43626540639573624 0.015989340439706862 0.43626540639573624 0.033311125916055964 0.4267363424383745 0.033311125916055964
2 0.507526232511659 0.018654230512991338 0.5191268321119255 0.018654230512991338 0.5191268321119255 0.034643570952698204 0.507526232511659 0.034643570952698204
2 0.592459193870753 0.018654230512991338 0.6032311792138575 0.018654230512991338 0.6032311792138575 0.03597601598934044 0.592459193870753 0.03597601598934044
2 0.0 0.4183877415056629 0.00745752831445703 0.4183877415056629 0.00745752831445703 0.43637574950033314 0.0 0.43637574950033314
2 0.0 0.28314457028647566 0.005385992671552299 0.28314457028647566 0.005385992671552299 0.301798800799467 0.0 0.301798800799467
2 0.0 0.14990006662225183 0.003728764157228515 0.14990006662225183 0.003728764157228515 0.17121918720852766 0.0 0.17121918720852766
2 0.0 0.680879413724184 0.0062146069287141925 0.680879413724184 0.0062146069287141925 0.7048634243837442 0.0 0.7048634243837442
2 0.0 0.8154563624250499 0.004557378414390407 0.8154563624250499 0.004557378414390407 0.8374417055296469 0.0 0.8374417055296469
2 0.0 0.9506995336442372 0.004557378414390407 0.9506995336442372 0.004557378414390407 0.9646902065289806 0.0 0.9646902065289806
2 0.012429213857428383 0.949367088607595 0.02361550632911393 0.949367088607595 0.02361550632911393 0.9640239840106595 0.012429213857428383 0.9640239840106595
2 0.0 0.966688874083944 0.007043221185876083 0.966688874083944 0.007043221185876083 0.9760159893404399 0.0 0.9760159893404399
2 0.012429213857428383 0.9913391072618255 0.02320119920053298 0.9913391072618255 0.02320119920053298 1.0 0.012429213857428383 1.0
2 0.9698929880079948 0.9913391072618255 0.9810792804796804 0.9913391072618255 0.9810792804796804 1.0 0.9698929880079948 1.0
2 0.9889511159227183 0.9653564290473017 0.999723101265823 0.9653564290473017 0.999723101265823 0.9793471019320453 0.9889511159227183 0.9793471019320453
2 0.9707216022651566 0.9487008660892738 0.9798363590939375 0.9487008660892738 0.9798363590939375 0.9633577614923384 0.9707216022651566 0.9633577614923384
2 0.24568412724850103 0.5076615589606929 0.2523130413057962 0.5076615589606929 0.2523130413057962 0.5169886742171885 0.24568412724850103 0.5169886742171885
2 0.26225641239173886 0.5063291139240507 0.2684710193204531 0.5063291139240507 0.2684710193204531 0.5169886742171885 0.26225641239173886 0.5169886742171885
2 0.24609843437708195 0.519653564290473 0.2531416555629581 0.519653564290473 0.2531416555629581 0.5289806795469687 0.24609843437708195 0.5289806795469687
