1 0.408780487804878 0.6315165876777251 0.43609756097560975 0.6315165876777251 0.43609756097560975 0.6646919431279621 0.408780487804878 0.6646919431279621
1 0.6936585365853658 0.35545023696682465 0.72 0.35545023696682465 0.72 0.38744075829383884 0.6936585365853658 0.38744075829383884
1 0.41170731707317076 0.5379146919431279 0.43707317073170737 0.5379146919431279 0.43707317073170737 0.5699052132701421 0.41170731707317076 0.5699052132701421
1 0.2780487804878049 0.44905213270142175 0.30634146341463414 0.44905213270142175 0.30634146341463414 0.48341232227488146 0.2780487804878049 0.48341232227488146
2 0.415609756097561 0.11492890995260663 0.4341463414634147 0.11492890995260663 0.4341463414634147 0.13744075829383887 0.415609756097561 0.13744075829383887
1 0.4136585365853659 0.3542654028436019 0.4409756097560976 0.3542654028436019 0.4409756097560976 0.3862559241706161 0.4136585365853659 0.3862559241706161
2 0.2809756097560976 0.11611374407582939 0.29853658536585365 0.11611374407582939 0.29853658536585365 0.13744075829383887 0.2809756097560976 0.13744075829383887
2 0.5639024390243902 0.8270142180094787 0.5785365853658536 0.8270142180094787 0.5785365853658536 0.8459715639810427 0.5639024390243902 0.8459715639810427
2 0.2809756097560976 0.8234597156398106 0.2995121951219512 0.8234597156398106 0.2995121951219512 0.8459715639810428 0.2809756097560976 0.8459715639810428
2 0.4165853658536585 0.8246445497630331 0.43414634146341463 0.8246445497630331 0.43414634146341463 0.8447867298578199 0.4165853658536585 0.8447867298578199
2 0.6965853658536585 0.11729857819905214 0.713170731707317 0.11729857819905214 0.713170731707317 0.13744075829383887 0.6965853658536585 0.13744075829383887
0 0.2819512195121951 0.6279620853080569 0.3073170731707317 0.6279620853080569 0.3073170731707317 0.6670616113744076 0.2819512195121951 0.6670616113744076
2 0.5980487804878049 0.8246445497630331 0.6146341463414634 0.8246445497630331 0.6146341463414634 0.8447867298578199 0.5980487804878049 0.8447867298578199
2 0.15317073170731707 0.8258293838862559 0.1678048780487805 0.8258293838862559 0.1678048780487805 0.8447867298578199 0.15317073170731707 0.8447867298578199
