1 0.15912636505460218 0.27450980392156865 0.1856474258970359 0.27450980392156865 0.1856474258970359 0.3161764705882353 0.15912636505460218 0.3161764705882353
2 0.35569422776911075 0.23284313725490197 0.37753510140405616 0.23284313725490197 0.37753510140405616 0.2696078431372549 0.35569422776911075 0.2696078431372549
1 0.46333853354134164 0.27450980392156865 0.4914196567862715 0.27450980392156865 0.4914196567862715 0.3161764705882353 0.46333853354134164 0.3161764705882353
1 0.15912636505460218 0.23039215686274508 0.187207488299532 0.23039215686274508 0.187207488299532 0.27205882352941174 0.15912636505460218 0.27205882352941174
1 0.5600624024960998 0.6666666666666665 0.5865834633385335 0.6666666666666665 0.5865834633385335 0.7058823529411763 0.5600624024960998 0.7058823529411763
2 0.6599063962558502 0.2352941176470588 0.6817472698907956 0.2352941176470588 0.6817472698907956 0.267156862745098 0.6599063962558502 0.267156862745098
1 0.5600624024960998 0.4485294117647058 0.5881435257410297 0.4485294117647058 0.5881435257410297 0.4901960784313725 0.5600624024960998 0.4901960784313725
1 0.656786271450858 0.27205882352941174 0.6833073322932918 0.27205882352941174 0.6833073322932918 0.3161764705882353 0.656786271450858 0.3161764705882353
1 0.46333853354134164 0.23039215686274508 0.48985959438377535 0.23039215686274508 0.48985959438377535 0.27205882352941174 0.46333853354134164 0.27205882352941174
1 0.35257410296411856 0.27450980392156865 0.38065522620904835 0.27450980392156865 0.38065522620904835 0.3161764705882353 0.35257410296411856 0.3161764705882353
1 0.35257410296411856 0.10049019607843138 0.3790951638065523 0.10049019607843138 0.3790951638065523 0.14215686274509803 0.35257410296411856 0.14215686274509803
1 0.2574102964118565 0.4485294117647058 0.2839313572542902 0.4485294117647058 0.2839313572542902 0.4877450980392156 0.2574102964118565 0.4877450980392156
1 0.2574102964118565 0.6666666666666665 0.2839313572542902 0.6666666666666665 0.2839313572542902 0.7058823529411763 0.2574102964118565 0.7058823529411763
2 0.26053042121684866 0.34068627450980393 0.2839313572542902 0.34068627450980393 0.2839313572542902 0.38235294117647056 0.26053042121684866 0.38235294117647056
1 0.656786271450858 0.10049019607843138 0.6833073322932918 0.10049019607843138 0.6833073322932918 0.14215686274509803 0.656786271450858 0.14215686274509803
2 0.5616224648985959 0.3382352941176471 0.5881435257410297 0.3382352941176471 0.5881435257410297 0.38235294117647056 0.5616224648985959 0.38235294117647056
