1 0.6422988505747127 0.4554234769687964 0.6726436781609196 0.4554234769687964 0.6726436781609196 0.5059435364041605 0.6422988505747127 0.5059435364041605
1 0.8979310344827586 0.4524517087667162 0.9333333333333333 0.4524517087667162 0.9333333333333333 0.5074294205052006 0.8979310344827586 0.5074294205052006
1 0.49885057471264366 0.5341753343239227 0.5351724137931034 0.5341753343239227 0.5351724137931034 0.5936106983655275 0.49885057471264366 0.5936106983655275
1 0.4514942528735632 0.4509658246656761 0.48735632183908045 0.4509658246656761 0.48735632183908045 0.5081723625557206 0.4514942528735632 0.5081723625557206
1 0.312183908045977 0.5341753343239227 0.3489655172413793 0.5341753343239227 0.3489655172413793 0.5928677563150074 0.312183908045977 0.5928677563150074
1 0.04275862068965517 0.5319465081723626 0.07816091954022988 0.5319465081723626 0.07816091954022988 0.5898959881129272 0.04275862068965517 0.5898959881129272
1 0.64183908045977 0.16939078751857356 0.6744827586206895 0.16939078751857356 0.6744827586206895 0.22288261515601784 0.64183908045977 0.22288261515601784
1 0.15540229885057472 0.05572065378900446 0.18804597701149425 0.05572065378900446 0.18804597701149425 0.11069836552748885 0.15540229885057472 0.11069836552748885
1 0.3117241379310345 0.16716196136701333 0.34988505747126436 0.16716196136701333 0.34988505747126436 0.22659732540861807 0.3117241379310345 0.22659732540861807
2 0.2597701149425287 0.537890044576523 0.29333333333333333 0.537890044576523 0.29333333333333333 0.5921248142644874 0.2597701149425287 0.5921248142644874
1 0.7931034482758621 0.059435364041604745 0.8248275862068966 0.059435364041604745 0.8248275862068966 0.11144130757800892 0.7931034482758621 0.11144130757800892
1 0.312183908045977 0.8135215453194651 0.35126436781609194 0.8135215453194651 0.35126436781609194 0.8736998514115899 0.312183908045977 0.8736998514115899
2 0.7006896551724138 0.45468053491827637 0.7333333333333333 0.45468053491827637 0.7333333333333333 0.5089153046062407 0.7006896551724138 0.5089153046062407
2 0.48229885057471267 0.826151560178306 0.5089655172413793 0.826151560178306 0.5089655172413793 0.8714710252600297 0.48229885057471267 0.8714710252600297
1 0.6386206896551724 0.812035661218425 0.6777011494252874 0.812035661218425 0.6777011494252874 0.8729569093610698 0.6386206896551724 0.8729569093610698
2 0.4537931034482759 0.537147102526003 0.4859770114942529 0.537147102526003 0.4859770114942529 0.5921248142644874 0.4537931034482759 0.5921248142644874
2 0.4997701149425287 0.4487369985141159 0.534712643678161 0.4487369985141159 0.534712643678161 0.5089153046062407 0.4997701149425287 0.5089153046062407
