1 0.4266666666666667 0.9746835443037974 0.44333333333333336 0.9746835443037974 0.44333333333333336 1.0 0.4266666666666667 1.0
1 0.7300000000000001 0.2689873417721519 0.75 0.2689873417721519 0.75 0.3037974683544304 0.7300000000000001 0.3037974683544304
1 0.7316666666666667 0.9715189873417721 0.75 0.9715189873417721 0.75 1.0 0.7316666666666667 1.0
1 0.6233333333333334 0.9715189873417721 0.64 0.9715189873417721 0.64 1.0 0.6233333333333334 1.0
1 0.7316666666666667 0.3481012658227848 0.7516666666666667 0.3481012658227848 0.7516666666666667 0.3860759493670886 0.7316666666666667 0.3860759493670886
1 0.2733333333333334 0.3512658227848101 0.29333333333333333 0.3512658227848101 0.29333333333333333 0.38924050632911394 0.2733333333333334 0.38924050632911394
1 0.18666666666666668 0.3512658227848101 0.20500000000000002 0.3512658227848101 0.20500000000000002 0.3860759493670886 0.18666666666666668 0.3860759493670886
1 0.7300000000000001 0.7594936708860759 0.7533333333333334 0.7594936708860759 0.7533333333333334 0.8037974683544303 0.7300000000000001 0.8037974683544303
1 0.4266666666666667 0.560126582278481 0.445 0.560126582278481 0.445 0.5949367088607594 0.4266666666666667 0.5949367088607594
1 0.62 0.6392405063291139 0.6416666666666667 0.6392405063291139 0.6416666666666667 0.680379746835443 0.62 0.680379746835443
0 0.62 0.7563291139240507 0.645 0.7563291139240507 0.645 0.8069620253164557 0.62 0.8069620253164557
0 0.275 0.5537974683544303 0.2966666666666667 0.5537974683544303 0.2966666666666667 0.6075949367088608 0.275 0.6075949367088608
