1 0.5046357615894039 0.9216 0.5284768211920529 0.9216 0.5284768211920529 0.9488 0.5046357615894039 0.9488
1 0.4 0.9216 0.42251655629139073 0.9216 0.42251655629139073 0.9472 0.4 0.9472
1 0.33112582781456956 0.9216 0.3536423841059603 0.9216 0.3536423841059603 0.9472 0.33112582781456956 0.9472
1 0.5059602649006623 0.6672 0.5271523178807948 0.6672 0.5271523178807948 0.6928 0.5059602649006623 0.6928
1 0.11788079470198676 0.4048 0.1403973509933775 0.4048 0.1403973509933775 0.432 0.11788079470198676 0.432
1 0.11920529801324503 0.022399999999999996 0.14304635761589404 0.022399999999999996 0.14304635761589404 0.0496 0.11920529801324503 0.0496
1 0.2423841059602649 0.664 0.26490066225165565 0.664 0.26490066225165565 0.6896 0.2423841059602649 0.6896
1 0.4013245033112583 0.6656 0.42251655629139073 0.6656 0.42251655629139073 0.6928 0.4013245033112583 0.6928
2 0.3298013245033113 0.2608 0.352317880794702 0.2608 0.352317880794702 0.28639999999999993 0.3298013245033113 0.28639999999999993
2 0.15496688741721854 0.4096 0.17350993377483442 0.4096 0.17350993377483442 0.432 0.15496688741721854 0.432
1 0.4 0.5568 0.42251655629139073 0.5568 0.42251655629139073 0.584 0.4 0.584
2 0.19072847682119207 0.4096 0.20927152317880796 0.4096 0.20927152317880796 0.432 0.19072847682119207 0.432
1 0.5059602649006623 0.022399999999999996 0.528476821192053 0.022399999999999996 0.528476821192053 0.0496 0.5059602649006623 0.0496
2 0.6119205298013245 0.19519999999999998 0.633112582781457 0.19519999999999998 0.633112582781457 0.2208 0.6119205298013245 0.2208
1 0.3298013245033113 0.022399999999999996 0.352317880794702 0.022399999999999996 0.352317880794702 0.048 0.3298013245033113 0.048
1 0.24370860927152319 0.5568 0.26490066225165565 0.5568 0.26490066225165565 0.584 0.24370860927152319 0.584
1 0.5072847682119205 0.4512 0.5284768211920529 0.4512 0.5284768211920529 0.4784 0.5072847682119205 0.4784
1 0.609271523178808 0.0208 0.6357615894039735 0.0208 0.6357615894039735 0.0512 0.609271523178808 0.0512
1 0.41721854304635764 0.152 0.4370860927152318 0.152 0.4370860927152318 0.1744 0.41721854304635764 0.1744
1 0.32847682119205296 0.7936 0.352317880794702 0.7936 0.352317880794702 0.8224 0.32847682119205296 0.8224
1 0.5735099337748344 0.9216 0.5973509933774833 0.9216 0.5973509933774833 0.9488 0.5735099337748344 0.9488
1 0.5072847682119205 0.5552 0.5298013245033112 0.5552 0.5298013245033112 0.5824 0.5072847682119205 0.5824
1 0.6966887417218544 0.0208 0.7218543046357616 0.0208 0.7218543046357616 0.0512 0.6966887417218544 0.0512
1 0.33245033112582784 0.21600000000000005 0.352317880794702 0.21600000000000005 0.352317880794702 0.24160000000000004 0.33245033112582784 0.24160000000000004
1 0.4013245033112583 0.7296 0.42119205298013246 0.7296 0.42119205298013246 0.7552 0.4013245033112583 0.7552
1 0.5072847682119205 0.7968 0.5271523178807946 0.7968 0.5271523178807946 0.8224 0.5072847682119205 0.8224
2 0.33112582781456956 0.304 0.3509933774834437 0.304 0.3509933774834437 0.328 0.33112582781456956 0.328
1 0.5576158940397351 0.3648 0.5788079470198676 0.3648 0.5788079470198676 0.3904 0.5576158940397351 0.3904
1 0.11920529801324503 0.5152 0.1403973509933775 0.5152 0.1403973509933775 0.5424 0.11920529801324503 0.5424
1 0.8198675496688742 0.28 0.8410596026490066 0.28 0.8410596026490066 0.30560000000000004 0.8198675496688742 0.30560000000000004
1 0.3298013245033113 0.5584 0.3509933774834437 0.5584 0.3509933774834437 0.584 0.3298013245033113 0.584
1 0.6980132450331127 0.2384 0.7205298013245035 0.2384 0.7205298013245035 0.264 0.6980132450331127 0.264
1 0.5576158940397351 0.19519999999999998 0.5788079470198676 0.19519999999999998 0.5788079470198676 0.2208 0.5576158940397351 0.2208
2 0.5059602649006623 0.6048 0.5271523178807948 0.6048 0.5271523178807948 0.6304 0.5059602649006623 0.6304
1 0.04768211920529802 0.21600000000000005 0.06887417218543046 0.21600000000000005 0.06887417218543046 0.24320000000000006 0.04768211920529802 0.24320000000000006
1 0.8211920529801324 0.022399999999999996 0.8423841059602649 0.022399999999999996 0.8423841059602649 0.048 0.8211920529801324 0.048
1 0.24370860927152319 0.92 0.26490066225165565 0.92 0.26490066225165565 0.9472 0.24370860927152319 0.9472
1 0.4013245033112583 0.3696 0.4198675496688742 0.3696 0.4198675496688742 0.392 0.4013245033112583 0.392
1 0.5046357615894039 0.19519999999999998 0.5245033112582781 0.19519999999999998 0.5245033112582781 0.2192 0.5046357615894039 0.2192
1 0.6463576158940397 0.9247999999999998 0.6662251655629139 0.9247999999999998 0.6662251655629139 0.9487999999999999 0.6463576158940397 0.9487999999999999
1 0.8198675496688742 0.3648 0.8437086092715231 0.3648 0.8437086092715231 0.3952 0.8198675496688742 0.3952
2 0.7006622516556291 0.2816 0.7205298013245033 0.2816 0.7205298013245033 0.3056 0.7006622516556291 0.3056
1 0.3298013245033113 0.3264 0.34966887417218545 0.3264 0.34966887417218545 0.34880000000000005 0.3298013245033113 0.34880000000000005
1 0.12052980132450329 0.9216 0.14304635761589402 0.9216 0.14304635761589402 0.9472 0.12052980132450329 0.9472
1 0.6119205298013245 0.2384 0.6317880794701987 0.2384 0.6317880794701987 0.264 0.6119205298013245 0.264
1 0.8198675496688742 0.6016 0.8437086092715231 0.6016 0.8437086092715231 0.632 0.8198675496688742 0.632
1 0.8225165562913908 0.9232 0.8450331125827815 0.9232 0.8450331125827815 0.9488 0.8225165562913908 0.9488
1 0.19205298013245034 0.9216 0.21324503311258278 0.9216 0.21324503311258278 0.9472 0.19205298013245034 0.9472
2 0.5059602649006623 0.368 0.5271523178807948 0.368 0.5271523178807948 0.3936 0.5059602649006623 0.3936
1 0.6119205298013245 0.28 0.6317880794701987 0.28 0.6317880794701987 0.30400000000000005 0.6119205298013245 0.30400000000000005
1 0.4013245033112583 0.456 0.4198675496688742 0.456 0.4198675496688742 0.4768 0.4013245033112583 0.4768
1 0.6993377483443709 0.3648 0.7218543046357616 0.3648 0.7218543046357616 0.392 0.6993377483443709 0.392
2 0.6450331125827815 0.6064 0.666225165562914 0.6064 0.666225165562914 0.6304000000000001 0.6450331125827815 0.6304000000000001
