1 0.4931506849315068 0.23167848699763594 0.517503805175038 0.23167848699763594 0.517503805175038 0.2718676122931442 0.4931506849315068 0.2718676122931442
1 0.8325722983257228 0.3380614657210402 0.8599695585996954 0.3380614657210402 0.8599695585996954 0.37825059101654845 0.8325722983257228 0.37825059101654845
1 0.6986301369863014 0.02364066193853428 0.7214611872146118 0.02364066193853428 0.7214611872146118 0.0591016548463357 0.6986301369863014 0.0591016548463357
1 0.6940639269406392 0.6524822695035462 0.7245053272450532 0.6524822695035462 0.7245053272450532 0.6997635933806147 0.6940639269406392 0.6997635933806147
1 0.3561643835616438 0.4444444444444444 0.3820395738203957 0.4444444444444444 0.3820395738203957 0.4846335697399527 0.3561643835616438 0.4846335697399527
1 0.4231354642313546 0.8676122931442081 0.4505327245053272 0.8676122931442081 0.4505327245053272 0.9101654846335697 0.4231354642313546 0.9101654846335697
1 0.4946727549467275 0.02364066193853428 0.517503805175038 0.02364066193853428 0.517503805175038 0.0591016548463357 0.4946727549467275 0.0591016548463357
1 0.3561643835616438 0.5484633569739953 0.3820395738203957 0.5484633569739953 0.3820395738203957 0.5910165484633569 0.3561643835616438 0.5910165484633569
1 0.5966514459665144 0.02364066193853428 0.619482496194825 0.02364066193853428 0.619482496194825 0.05673758865248227 0.5966514459665144 0.05673758865248227
1 0.3576864535768645 0.8676122931442081 0.380517503805175 0.8676122931442081 0.380517503805175 0.9054373522458629 0.3576864535768645 0.9054373522458629
1 0.69558599695586 0.23167848699763594 0.7245053272450532 0.23167848699763594 0.7245053272450532 0.27423167848699764 0.69558599695586 0.27423167848699764
1 0.49010654490106537 0.44208037825059104 0.5205479452054793 0.44208037825059104 0.5205479452054793 0.48936170212765956 0.49010654490106537 0.48936170212765956
