0 0.5153398058252427 0.8304314912944739 0.5328155339805826 0.8304314912944739 0.5328155339805826 0.8622255866767601 0.5153398058252427 0.8622255866767601
0 0.7475728155339806 0.5806207418622256 0.767378640776699 0.5806207418622256 0.767378640776699 0.6177138531415595 0.7475728155339806 0.6177138531415595
0 0.7475728155339806 0.23088569265707798 0.767378640776699 0.23088569265707798 0.767378640776699 0.2687358062074186 0.7475728155339806 0.2687358062074186
0 0.39417475728155343 0.6025738077214232 0.4147572815533981 0.6025738077214232 0.4147572815533981 0.6426949280847842 0.39417475728155343 0.6426949280847842
0 0.6423300970873786 0.5798637395912187 0.6629126213592234 0.5798637395912187 0.6629126213592234 0.619227857683573 0.6423300970873786 0.619227857683573
0 0.6423300970873786 0.23088569265707798 0.6629126213592234 0.23088569265707798 0.6629126213592234 0.2702498107494323 0.6423300970873786 0.2702498107494323
2 0.21320388349514566 0.2982588947766843 0.22834951456310681 0.2982588947766843 0.22834951456310681 0.3270249810749432 0.21320388349514566 0.3270249810749432
2 0.39728155339805826 0.11809235427706283 0.41126213592233013 0.11809235427706283 0.41126213592233013 0.1445874337623013 0.39728155339805826 0.1445874337623013
1 0.5165048543689321 0.6124148372445117 0.5324271844660194 0.6124148372445117 0.5324271844660194 0.6426949280847842 0.5165048543689321 0.6426949280847842
2 0.6450485436893204 0.11809235427706283 0.6590291262135923 0.11809235427706283 0.6590291262135923 0.1453444360333081 0.6450485436893204 0.1453444360333081
1 0.5153398058252427 0.33989401968205907 0.5312621359223302 0.33989401968205907 0.5312621359223302 0.37017411052233157 0.5153398058252427 0.37017411052233157
2 0.6205825242718447 0.8501135503406511 0.636116504854369 0.8501135503406511 0.636116504854369 0.8796366389099167 0.6205825242718447 0.8796366389099167
1 0.8609708737864078 0.5874337623012869 0.8772815533980584 0.5874337623012869 0.8772815533980584 0.6184708554125662 0.8609708737864078 0.6184708554125662
2 0.8963106796116506 0.5117335352006056 0.9095145631067961 0.5117335352006056 0.9095145631067961 0.538228614685844 0.8963106796116506 0.538228614685844
2 0.7502912621359223 0.8501135503406511 0.7650485436893204 0.8501135503406511 0.7650485436893204 0.878122634367903 0.7502912621359223 0.878122634367903
1 0.8605825242718447 0.5094625283875852 0.8757281553398059 0.5094625283875852 0.8757281553398059 0.5397426192278577 0.8605825242718447 0.5397426192278577
1 0.5607766990291263 0.46707040121120363 0.5755339805825244 0.46707040121120363 0.5755339805825244 0.4943224829674489 0.5607766990291263 0.4943224829674489
2 0.5553398058252428 0.0582891748675246 0.5681553398058253 0.0582891748675246 0.5681553398058253 0.08327024981074943 0.5553398058252428 0.08327024981074943
1 0.39611650485436894 0.6654049962149886 0.41436893203883496 0.6654049962149886 0.41436893203883496 0.700227100681302 0.39611650485436894 0.700227100681302
2 0.6442718446601943 0.8493565480696442 0.6601941747572816 0.8493565480696442 0.6601941747572816 0.8788796366389099 0.6442718446601943 0.8788796366389099
1 0.6454368932038835 0.4663133989401968 0.6601941747572816 0.4663133989401968 0.6601941747572816 0.4943224829674489 0.6454368932038835 0.4943224829674489
2 0.45592233009708744 0.27403482210446634 0.4695145631067961 0.27403482210446634 0.4695145631067961 0.29901589704769116 0.45592233009708744 0.29901589704769116
2 0.5168932038834951 0.11884935654806965 0.5308737864077671 0.11884935654806965 0.5308737864077671 0.1445874337623013 0.5168932038834951 0.1445874337623013
2 0.39456310679611656 0.35654806964420893 0.4139805825242719 0.35654806964420893 0.4139805825242719 0.39439818319454956 0.39456310679611656 0.39439818319454956
1 0.5619417475728156 0.34216502649507946 0.5747572815533981 0.34216502649507946 0.5747572815533981 0.36866010598031795 0.5619417475728156 0.36866010598031795
2 0.8007766990291263 0.7380772142316427 0.8139805825242719 0.7380772142316427 0.8139805825242719 0.7630582891748675 0.8007766990291263 0.7630582891748675
2 0.7502912621359223 0.6320968962906889 0.7646601941747573 0.6320968962906889 0.7646601941747573 0.6585919757759273 0.7502912621359223 0.6585919757759273
2 0.5798058252427185 0.3444360333080999 0.5895145631067962 0.3444360333080999 0.5895145631067962 0.36411809235427706 0.5798058252427185 0.36411809235427706
2 0.45902912621359226 0.7380772142316427 0.4718446601941748 0.7380772142316427 0.4718446601941748 0.7630582891748675 0.45902912621359226 0.7630582891748675
2 0.5712621359223301 0.8448145344436033 0.5844660194174758 0.8448145344436033 0.5844660194174758 0.8720666161998486 0.5712621359223301 0.8720666161998486
2 0.7518446601941748 0.11960635881907646 0.7642718446601943 0.11960635881907646 0.7642718446601943 0.1445874337623013 0.7518446601941748 0.1445874337623013
2 0.4574757281553398 0.5518546555639667 0.4706796116504855 0.5518546555639667 0.4706796116504855 0.5753217259651779 0.4574757281553398 0.5753217259651779
2 0.5568932038834952 0.11960635881907646 0.5685436893203883 0.11960635881907646 0.5685436893203883 0.14307342922028765 0.5568932038834952 0.14307342922028765
2 0.5176699029126214 0.858440575321726 0.5359223300970875 0.858440575321726 0.5359223300970875 0.8841786525359576 0.5176699029126214 0.8841786525359576
