2 0.5906921241050119 0.33666666666666667 0.6050119331742243 0.33666666666666667 0.6050119331742243 0.3566666666666667 0.5906921241050119 0.3566666666666667
2 0.4021479713603819 0.7633333333333333 0.41766109785202865 0.7633333333333333 0.41766109785202865 0.785 0.4021479713603819 0.785
2 0.20286396181384247 0.49 0.21837708830548927 0.49 0.21837708830548927 0.5116666666666667 0.20286396181384247 0.5116666666666667
2 0.4964200477326969 0.44166666666666665 0.5119331742243437 0.44166666666666665 0.5119331742243437 0.46166666666666667 0.4964200477326969 0.46166666666666667
2 0.7076372315035799 0.43666666666666665 0.7267303102625299 0.43666666666666665 0.7267303102625299 0.46166666666666667 0.7076372315035799 0.46166666666666667
2 0.7164642823638655 0.9600000000000002 0.734364043700381 0.9600000000000002 0.734364043700381 0.9833333333333335 0.7164642823638655 0.9833333333333335
2 0.49761336515513127 0.5916666666666667 0.5107398568019093 0.5916666666666667 0.5107398568019093 0.6116666666666667 0.49761336515513127 0.6116666666666667
2 0.20286396181384247 0.37666666666666665 0.21837708830548927 0.37666666666666665 0.21837708830548927 0.3983333333333333 0.20286396181384247 0.3983333333333333
2 0.324582338902148 0.59 0.34009546539379476 0.59 0.34009546539379476 0.6116666666666667 0.324582338902148 0.6116666666666667
2 0.11097852028639618 0.59 0.1276849642004773 0.59 0.1276849642004773 0.6133333333333333 0.11097852028639618 0.6133333333333333
2 0.5040537811705481 0.9600000000000002 0.5219535425070636 0.9600000000000002 0.5219535425070636 0.9833333333333335 0.5040537811705481 0.9833333333333335
2 0.7076372315035799 0.013333333333333334 0.7267303102625299 0.013333333333333334 0.7267303102625299 0.04 0.7076372315035799 0.04
2 0.4952267303102625 0.013333333333333334 0.5119331742243436 0.013333333333333334 0.5119331742243436 0.04 0.4952267303102625 0.04
2 0.32338902147971355 0.961666666666665 0.34009546539379454 0.961666666666665 0.34009546539379454 0.9816666666666649 0.32338902147971355 0.9816666666666649
2 0.9033412887828163 0.013333333333333334 0.9224343675417661 0.013333333333333334 0.9224343675417661 0.04 0.9033412887828163 0.04
2 0.11217183770883053 0.9616666666666667 0.1276849642004773 0.9616666666666667 0.1276849642004773 0.9816666666666667 0.11217183770883053 0.9816666666666667
2 0.20525059665871118 0.5916666666666667 0.22076372315035797 0.5916666666666667 0.22076372315035797 0.6116666666666667 0.20525059665871118 0.6116666666666667
2 0.9059656330942459 0.9639995558516544 0.9202854421634584 0.9639995558516544 0.9202854421634584 0.980666222518321 0.9059656330942459 0.980666222518321
2 0.324582338902148 0.6466666666666666 0.34009546539379476 0.6466666666666666 0.34009546539379476 0.6666666666666665 0.324582338902148 0.6666666666666665
2 0.10589598978564808 0.9620253164556963 0.11877523178660528 0.9620253164556963 0.11877523178660528 0.9813457694870088 0.10589598978564808 0.9813457694870088
2 0.3176879693569442 0.9613590939373751 0.33247524720989513 0.9613590939373751 0.33247524720989513 0.9813457694870086 0.3176879693569442 0.9813457694870086
2 0.4941812856663577 0.9593604263824119 0.5137386531492928 0.9593604263824119 0.5137386531492928 0.9833444370419722 0.4941812856663577 0.9833444370419722
2 0.7083583100526459 0.9600266489007327 0.7260076416835873 0.9600266489007327 0.7260076416835873 0.9820119920053294 0.7083583100526459 0.9820119920053294
2 0.21799309609027556 0.019320453031312457 0.2318263560172296 0.019320453031312457 0.2318263560172296 0.03530979347101932 0.21799309609027556 0.03530979347101932
2 0.2160850602382819 0.14723517654896737 0.23278037394322643 0.14723517654896737 0.23278037394322643 0.16988674217188537 0.2160850602382819 0.16988674217188537
2 0.21751608712727694 0.3784143904063957 0.23230336498022797 0.3784143904063957 0.23230336498022797 0.39840106595602925 0.21751608712727694 0.39840106595602925
2 0.9058400207339896 0.5569620253164557 0.9225353344389342 0.5569620253164557 0.9225353344389342 0.5802798134576949 0.9058400207339896 0.5802798134576949
