0 0.4886363636363636 0.16517857142857142 0.5386363636363636 0.16517857142857142 0.5386363636363636 0.2075892857142857 0.4886363636363636 0.2075892857142857
1 0.3 0.33928571428571425 0.32954545454545453 0.33928571428571425 0.32954545454545453 0.37053571428571425 0.3 0.37053571428571425
1 0.4977272727272727 0.6941964285714285 0.5272727272727272 0.6941964285714285 0.5272727272727272 0.7254464285714285 0.4977272727272727 0.7254464285714285
1 0.4954545454545454 0.5133928571428571 0.5295454545454545 0.5133928571428571 0.5295454545454545 0.5491071428571428 0.4954545454545454 0.5491071428571428
1 0.4977272727272727 0.34151785714285715 0.5272727272727272 0.34151785714285715 0.5272727272727272 0.37053571428571425 0.4977272727272727 0.37053571428571425
1 0.8886363636363636 0.6941964285714285 0.9204545454545454 0.6941964285714285 0.9204545454545454 0.7254464285714285 0.8886363636363636 0.7254464285714285
1 0.08863636363636364 0.6919642857142857 0.12272727272727273 0.6919642857142857 0.12272727272727273 0.7254464285714285 0.08863636363636364 0.7254464285714285
1 0.8886363636363636 0.515625 0.9227272727272727 0.515625 0.9227272727272727 0.546875 0.8886363636363636 0.546875
1 0.35227272727272724 0.5133928571428571 0.38636363636363635 0.5133928571428571 0.38636363636363635 0.5491071428571428 0.35227272727272724 0.5491071428571428
1 0.6295454545454545 0.24553571428571427 0.6590909090909091 0.24553571428571427 0.6590909090909091 0.2745535714285714 0.6295454545454545 0.2745535714285714
1 0.6795454545454546 0.8325892857142857 0.7136363636363636 0.8325892857142857 0.7136363636363636 0.8660714285714285 0.6795454545454546 0.8660714285714285
1 0.30227272727272725 0.8325892857142857 0.3386363636363636 0.8325892857142857 0.3386363636363636 0.8660714285714285 0.30227272727272725 0.8660714285714285
2 0.2954545454545454 0.08928571428571427 0.3318181818181818 0.08928571428571427 0.3318181818181818 0.125 0.2954545454545454 0.125
