1 0.2771241830065359 0.5966029723991507 0.2941176470588235 0.5966029723991507 0.2941176470588235 0.6242038216560509 0.2771241830065359 0.6242038216560509
1 0.6235294117647059 0.8662420382165605 0.6405228758169934 0.8662420382165605 0.6405228758169934 0.89171974522293 0.6235294117647059 0.89171974522293
0 0.4065359477124183 0.47558386411889597 0.4339869281045751 0.47558386411889597 0.4339869281045751 0.5201698513800425 0.4065359477124183 0.5201698513800425
1 0.4117647058823529 0.19320594479830147 0.4287581699346405 0.19320594479830147 0.4287581699346405 0.21868365180467092 0.4117647058823529 0.21868365180467092
1 0.18169934640522875 0.49256900212314225 0.19738562091503267 0.49256900212314225 0.19738562091503267 0.5180467091295117 0.18169934640522875 0.5180467091295117
1 0.27843137254901956 0.8662420382165605 0.2954248366013072 0.8662420382165605 0.2954248366013072 0.89171974522293 0.27843137254901956 0.89171974522293
1 0.6915032679738562 0.8683651804670913 0.7071895424836601 0.8683651804670913 0.7071895424836601 0.89171974522293 0.6915032679738562 0.89171974522293
1 0.33464052287581697 0.5987261146496815 0.35163398692810455 0.5987261146496815 0.35163398692810455 0.6263269639065817 0.33464052287581697 0.6263269639065817
1 0.23660130718954248 0.613588110403397 0.25359477124183005 0.613588110403397 0.25359477124183005 0.6411889596602972 0.23660130718954248 0.6411889596602972
1 0.36209150326797385 0.025477707006369428 0.3790849673202614 0.025477707006369428 0.3790849673202614 0.050955414012738856 0.36209150326797385 0.050955414012738856
1 0.4666666666666666 0.8704883227176221 0.48235294117647054 0.8704883227176221 0.48235294117647054 0.8959660297239915 0.4666666666666666 0.8959660297239915
1 0.4562091503267974 0.025477707006369428 0.47320261437908495 0.025477707006369428 0.47320261437908495 0.050955414012738856 0.4562091503267974 0.050955414012738856
1 0.25359477124183005 0.027600849256900213 0.269281045751634 0.027600849256900213 0.269281045751634 0.05307855626326964 0.25359477124183005 0.05307855626326964
1 0.21699346405228756 0.31210191082802546 0.23398692810457514 0.31210191082802546 0.23398692810457514 0.33970276008492567 0.21699346405228756 0.33970276008492567
1 0.7437908496732025 0.4883227176220807 0.7594771241830065 0.4883227176220807 0.7594771241830065 0.5138004246284501 0.7437908496732025 0.5138004246284501
1 0.6888888888888889 0.02335456475583864 0.7058823529411764 0.02335456475583864 0.7058823529411764 0.050955414012738856 0.6888888888888889 0.050955414012738856
1 0.5725490196078431 0.6390658174097664 0.5908496732026144 0.6390658174097664 0.5908496732026144 0.6687898089171974 0.5725490196078431 0.6687898089171974
1 0.5725490196078431 0.23779193205944799 0.5895424836601306 0.23779193205944799 0.5895424836601306 0.2632696390658174 0.5725490196078431 0.2632696390658174
1 0.6915032679738562 0.4883227176220807 0.7071895424836601 0.4883227176220807 0.7071895424836601 0.5138004246284501 0.6915032679738562 0.5138004246284501
1 0.6156862745098038 0.02335456475583864 0.6326797385620915 0.02335456475583864 0.6326797385620915 0.048832271762208064 0.6156862745098038 0.048832271762208064
1 0.4130718954248366 0.6624203821656051 0.4313725490196078 0.6624203821656051 0.4313725490196078 0.692144373673036 0.4130718954248366 0.692144373673036
1 0.25620915032679736 0.46496815286624205 0.27320261437908494 0.46496815286624205 0.27320261437908494 0.49256900212314225 0.25620915032679736 0.49256900212314225
1 0.4941176470588235 0.49044585987261147 0.5111111111111111 0.49044585987261147 0.5111111111111111 0.5180467091295117 0.4941176470588235 0.5180467091295117
1 0.3333333333333333 0.7154989384288747 0.3503267973856209 0.7154989384288747 0.3503267973856209 0.7430997876857749 0.3333333333333333 0.7430997876857749
1 0.6196078431372548 0.4861995753715499 0.6392156862745098 0.4861995753715499 0.6392156862745098 0.5180467091295117 0.6196078431372548 0.5180467091295117
1 0.6196078431372548 0.28874734607218683 0.6366013071895424 0.28874734607218683 0.6366013071895424 0.31634819532908703 0.6196078431372548 0.31634819532908703
1 0.41699346405228754 0.7664543524416135 0.4339869281045751 0.7664543524416135 0.4339869281045751 0.7940552016985137 0.41699346405228754 0.7940552016985137
1 0.4117647058823529 0.5414012738853503 0.43006535947712415 0.5414012738853503 0.43006535947712415 0.5711252653927813 0.4117647058823529 0.5711252653927813
1 0.6209150326797385 0.6815286624203821 0.6392156862745098 0.6815286624203821 0.6392156862745098 0.7112526539278131 0.6209150326797385 0.7112526539278131
1 0.21830065359477122 0.19745222929936304 0.23529411764705882 0.19745222929936304 0.23529411764705882 0.22505307855626328 0.21830065359477122 0.22505307855626328
2 0.6013071895424836 0.23779193205944799 0.6169934640522875 0.23779193205944799 0.6169934640522875 0.2632696390658174 0.6013071895424836 0.2632696390658174
2 0.6065359477124183 0.643312101910828 0.6209150326797385 0.643312101910828 0.6209150326797385 0.6645435244161358 0.6065359477124183 0.6645435244161358
2 0.396078431372549 0.6029723991507431 0.41045751633986927 0.6029723991507431 0.41045751633986927 0.6242038216560509 0.396078431372549 0.6242038216560509
0 0.5777777777777777 0.4840764331210191 0.5934640522875817 0.4840764331210191 0.5934640522875817 0.524416135881104 0.5777777777777777 0.524416135881104
0 0.4588235294117647 0.7685774946921443 0.49019607843137253 0.7685774946921443 0.49019607843137253 0.7983014861995753 0.4588235294117647 0.7983014861995753
