2 0.4980289093298292 0.5315186246418339 0.5098554533508541 0.5315186246418339 0.5098554533508541 0.5444126074498569 0.4980289093298292 0.5444126074498569
0 0.36136662286465177 0.6905444126074498 0.37844940867279897 0.6905444126074498 0.37844940867279897 0.7106017191977076 0.36136662286465177 0.7106017191977076
2 0.4980289093298292 0.03581661891117478 0.5085413929040736 0.03581661891117478 0.5085413929040736 0.04871060171919771 0.4980289093298292 0.04871060171919771
1 0.668856767411301 0.29369627507163326 0.6846254927726675 0.29369627507163326 0.6846254927726675 0.3094555873925502 0.668856767411301 0.3094555873925502
1 0.5650459921156373 0.7664756446991404 0.5795006570302234 0.7664756446991404 0.5795006570302234 0.7822349570200573 0.5650459921156373 0.7822349570200573
1 0.10249671484888305 0.2922636103151863 0.11957950065703023 0.2922636103151863 0.11957950065703023 0.3094555873925502 0.10249671484888305 0.3094555873925502
1 0.4980289093298292 0.6446991404011462 0.5124835742444153 0.6446991404011462 0.5124835742444153 0.6618911174785101 0.4980289093298292 0.6618911174785101
1 0.5637319316688568 0.29369627507163326 0.5795006570302235 0.29369627507163326 0.5795006570302235 0.3094555873925502 0.5637319316688568 0.3094555873925502
1 0.3245729303547964 0.2922636103151863 0.34034165571616304 0.2922636103151863 0.34034165571616304 0.3094555873925502 0.3245729303547964 0.3094555873925502
1 0.4980289093298292 0.17191977077363896 0.5111695137976346 0.17191977077363896 0.5111695137976346 0.18624641833810887 0.4980289093298292 0.18624641833810887
1 0.8896189224704336 0.2922636103151863 0.9053876478318003 0.2922636103151863 0.9053876478318003 0.3094555873925502 0.8896189224704336 0.3094555873925502
1 0.42969776609724053 0.29369627507163326 0.44546649145860717 0.29369627507163326 0.44546649145860717 0.3094555873925502 0.42969776609724053 0.3094555873925502
1 0.14191852825229961 0.2922636103151863 0.15768725361366623 0.2922636103151863 0.15768725361366623 0.3094555873925502 0.14191852825229961 0.3094555873925502
1 0.42969776609724053 0.7664756446991404 0.44546649145860717 0.7664756446991404 0.44546649145860717 0.7822349570200573 0.42969776609724053 0.7822349570200573
1 0.266754270696452 0.11174785100286533 0.2812089356110381 0.11174785100286533 0.2812089356110381 0.12750716332378223 0.266754270696452 0.12750716332378223
1 0.4967148488830486 0.055873925501432664 0.5111695137976346 0.055873925501432664 0.5111695137976346 0.07306590257879657 0.4967148488830486 0.07306590257879657
1 0.8515111695137977 0.2922636103151863 0.8672798948751642 0.2922636103151863 0.8672798948751642 0.3094555873925502 0.8515111695137977 0.3094555873925502
1 0.3232588699080158 0.6934097421203438 0.3403416557161629 0.6934097421203438 0.3403416557161629 0.7120343839541546 0.3232588699080158 0.7120343839541546
