1 0.36403508771929827 0.6224489795918368 0.42105263157894735 0.6224489795918368 0.42105263157894735 0.6887755102040817 0.36403508771929827 0.6887755102040817
1 0.3684210526315789 0.27040816326530615 0.4166666666666667 0.27040816326530615 0.4166666666666667 0.32653061224489793 0.3684210526315789 0.32653061224489793
2 0.36403508771929827 0.413265306122449 0.4166666666666667 0.413265306122449 0.4166666666666667 0.4744897959183674 0.36403508771929827 0.4744897959183674
1 0.16666666666666663 0.41836734693877553 0.21491228070175436 0.41836734693877553 0.21491228070175436 0.46938775510204084 0.16666666666666663 0.46938775510204084
1 0.36403508771929827 0.04591836734693878 0.42105263157894735 0.04591836734693878 0.42105263157894735 0.11224489795918367 0.36403508771929827 0.11224489795918367
1 0.6885964912280701 0.34183673469387754 0.7368421052631577 0.34183673469387754 0.7368421052631577 0.39285714285714285 0.6885964912280701 0.39285714285714285
2 0.0 0.0 0.017543859649122806 0.0 0.017543859649122806 0.02040816326530612 0.0 0.02040816326530612
1 0.16666666666666663 0.6275510204081632 0.21491228070175436 0.6275510204081632 0.21491228070175436 0.6836734693877551 0.16666666666666663 0.6836734693877551
2 0.9780701754385965 0.0 1.0 0.0 1.0 0.02040816326530612 0.9780701754385965 0.02040816326530612
2 0.9824561403508771 0.0 0.9956140350877193 0.0 0.9956140350877193 0.015306122448979591 0.9824561403508771 0.015306122448979591
