1 0.754 0.07024029574861368 0.774 0.07024029574861368 0.774 0.10536044362292052 0.754 0.10536044362292052
1 0.488 0.7319778188539742 0.507 0.7319778188539742 0.507 0.7707948243992606 0.488 0.7707948243992606
1 0.9330000000000002 0.5138632162661737 0.9510000000000001 0.5138632162661737 0.9510000000000001 0.5471349353049908 0.9330000000000002 0.5471349353049908
1 0.755 0.2735674676524954 0.774 0.2735674676524954 0.774 0.30868761552680224 0.755 0.30868761552680224
1 0.841 0.5101663585951941 0.861 0.5101663585951941 0.861 0.5471349353049908 0.841 0.5471349353049908
1 0.331 0.06839186691312385 0.353 0.06839186691312385 0.353 0.10720887245841035 0.331 0.10720887245841035
1 0.488 0.34750462107208874 0.508 0.34750462107208874 0.508 0.3844731977818854 0.488 0.3844731977818854
1 0.577 0.07024029574861368 0.597 0.07024029574861368 0.597 0.10536044362292052 0.577 0.10536044362292052
1 0.489 0.07024029574861368 0.509 0.07024029574861368 0.509 0.10536044362292052 0.489 0.10536044362292052
1 0.263 0.6210720887245841 0.283 0.6210720887245841 0.283 0.6580406654343808 0.263 0.6580406654343808
1 0.161 0.8964879852125693 0.18 0.8964879852125693 0.18 0.933456561922366 0.161 0.933456561922366
1 0.262 0.43438077634011096 0.285 0.43438077634011096 0.285 0.4787430683918669 0.262 0.4787430683918669
1 0.261 0.2070240295748614 0.288 0.2070240295748614 0.288 0.25508317929759705 0.261 0.25508317929759705
2 0.163 0.4454713493530499 0.177 0.4454713493530499 0.177 0.4713493530499076 0.163 0.4713493530499076
2 0.491 0.4436229205175601 0.505 0.4436229205175601 0.505 0.4713493530499076 0.491 0.4713493530499076
