1 0.5555555555555556 0.17523364485981308 0.5867446393762183 0.17523364485981308 0.5867446393762183 0.2102803738317757 0.5555555555555556 0.2102803738317757
1 0.45419103313840153 0.455607476635514 0.4834307992202729 0.455607476635514 0.4834307992202729 0.4906542056074766 0.45419103313840153 0.4906542056074766
1 0.3820662768031189 0.8855140186915887 0.4093567251461988 0.8855140186915887 0.4093567251461988 0.9182242990654205 0.3820662768031189 0.9182242990654205
1 0.28654970760233917 0.05841121495327102 0.3157894736842105 0.05841121495327102 0.3157894736842105 0.09345794392523364 0.28654970760233917 0.09345794392523364
1 0.24366471734892786 0.17523364485981308 0.2729044834307992 0.17523364485981308 0.2729044834307992 0.2102803738317757 0.24366471734892786 0.2102803738317757
1 0.2046783625730994 0.17289719626168223 0.23586744639376217 0.17289719626168223 0.23586744639376217 0.2102803738317757 0.2046783625730994 0.2102803738317757
1 0.5243664717348928 0.17523364485981308 0.5516569200779726 0.17523364485981308 0.5516569200779726 0.2102803738317757 0.5243664717348928 0.2102803738317757
1 0.3079922027290448 0.3948598130841121 0.3391812865497076 0.3948598130841121 0.3391812865497076 0.42990654205607476 0.3079922027290448 0.42990654205607476
1 0.7153996101364521 0.455607476635514 0.7446393762183235 0.455607476635514 0.7446393762183235 0.4906542056074766 0.7153996101364521 0.4906542056074766
1 0.20662768031189083 0.7616822429906541 0.23391812865497075 0.7616822429906541 0.23391812865497075 0.794392523364486 0.20662768031189083 0.794392523364486
1 0.7153996101364521 0.3948598130841121 0.7446393762183235 0.3948598130841121 0.7446393762183235 0.42990654205607476 0.7153996101364521 0.42990654205607476
1 0.3820662768031189 0.05841121495327102 0.41130604288499023 0.05841121495327102 0.41130604288499023 0.09345794392523364 0.3820662768031189 0.09345794392523364
1 0.5555555555555556 0.7616822429906541 0.5847953216374269 0.7616822429906541 0.5847953216374269 0.794392523364486 0.5555555555555556 0.794392523364486
1 0.7485380116959064 0.6658878504672897 0.7777777777777777 0.6658878504672897 0.7777777777777777 0.7009345794392523 0.7485380116959064 0.7009345794392523
1 0.5555555555555556 0.06074766355140186 0.5847953216374269 0.06074766355140186 0.5847953216374269 0.09345794392523364 0.5555555555555556 0.09345794392523364
1 0.6218323586744638 0.6658878504672897 0.6491228070175439 0.6658878504672897 0.6491228070175439 0.7009345794392523 0.6218323586744638 0.7009345794392523
1 0.13840155945419103 0.6658878504672897 0.16764132553606237 0.6658878504672897 0.16764132553606237 0.7009345794392523 0.13840155945419103 0.7009345794392523
1 0.20662768031189083 0.06074766355140186 0.23391812865497075 0.06074766355140186 0.23391812865497075 0.09345794392523364 0.20662768031189083 0.09345794392523364
1 0.050682261208576995 0.6658878504672897 0.07602339181286549 0.6658878504672897 0.07602339181286549 0.6985981308411214 0.050682261208576995 0.6985981308411214
1 0.4522417153996101 0.36214953271028033 0.4834307992202729 0.36214953271028033 0.4834307992202729 0.3995327102803738 0.4522417153996101 0.3995327102803738
1 0.8557504873294346 0.4205607476635514 0.8869395711500974 0.4205607476635514 0.8869395711500974 0.455607476635514 0.8557504873294346 0.455607476635514
1 0.3820662768031189 0.17289719626168223 0.4093567251461988 0.17289719626168223 0.4093567251461988 0.20794392523364486 0.3820662768031189 0.20794392523364486
1 0.3079922027290448 0.36214953271028033 0.3391812865497076 0.36214953271028033 0.3391812865497076 0.3995327102803738 0.3079922027290448 0.3995327102803738
2 0.45419103313840153 0.3995327102803738 0.48148148148148145 0.3995327102803738 0.48148148148148145 0.4275700934579439 0.45419103313840153 0.4275700934579439
2 0.6218323586744638 0.3995327102803738 0.6452241715399609 0.3995327102803738 0.6452241715399609 0.4275700934579439 0.6218323586744638 0.4275700934579439
2 0.557504873294347 0.3995327102803738 0.580896686159844 0.3995327102803738 0.580896686159844 0.4275700934579439 0.557504873294347 0.4275700934579439
2 0.557504873294347 0.46028037383177567 0.580896686159844 0.46028037383177567 0.580896686159844 0.4859813084112149 0.557504873294347 0.4859813084112149
2 0.6237816764132553 0.46028037383177567 0.6452241715399609 0.46028037383177567 0.6452241715399609 0.4859813084112149 0.6237816764132553 0.4859813084112149
1 0.45419103313840153 0.7593457943925233 0.48148148148148145 0.7593457943925233 0.48148148148148145 0.7920560747663551 0.45419103313840153 0.7920560747663551
1 0.3079922027290448 0.7663551401869159 0.33528265107212474 0.7663551401869159 0.33528265107212474 0.794392523364486 0.3079922027290448 0.794392523364486
