0 0.4527027027027027 0.5346938775510205 0.4752252252252252 0.5346938775510205 0.4752252252252252 0.5795918367346939 0.4527027027027027 0.5795918367346939
0 0.4527027027027027 0.4408163265306123 0.4752252252252252 0.4408163265306123 0.4752252252252252 0.48571428571428577 0.4527027027027027 0.48571428571428577
0 0.3918918918918919 0.036734693877551024 0.4189189189189189 0.036734693877551024 0.4189189189189189 0.08571428571428572 0.3918918918918919 0.08571428571428572
1 0.10585585585585586 0.04081632653061225 0.13288288288288289 0.04081632653061225 0.13288288288288289 0.08979591836734695 0.10585585585585586 0.08979591836734695
0 0.8716216216216216 0.036734693877551024 0.8986486486486487 0.036734693877551024 0.8986486486486487 0.08571428571428572 0.8716216216216216 0.08571428571428572
1 0.9436936936936937 0.04489795918367347 0.9707207207207207 0.04489795918367347 0.9707207207207207 0.08979591836734695 0.9436936936936937 0.08979591836734695
0 0.4527027027027027 0.34693877551020413 0.4752252252252252 0.34693877551020413 0.4752252252252252 0.38775510204081637 0.4527027027027027 0.38775510204081637
1 0.8040540540540541 0.04489795918367347 0.8288288288288288 0.04489795918367347 0.8288288288288288 0.08979591836734695 0.8040540540540541 0.08979591836734695
1 0.2905405405405405 0.04489795918367347 0.3153153153153153 0.04489795918367347 0.3153153153153153 0.08979591836734695 0.2905405405405405 0.08979591836734695
1 0.8018018018018018 0.44897959183673475 0.8288288288288288 0.44897959183673475 0.8288288288288288 0.4938775510204082 0.8018018018018018 0.4938775510204082
1 0.6779279279279279 0.04489795918367347 0.704954954954955 0.04489795918367347 0.704954954954955 0.08979591836734695 0.6779279279279279 0.08979591836734695
1 0.2905405405405405 0.2979591836734694 0.31756756756756754 0.2979591836734694 0.31756756756756754 0.34693877551020413 0.2905405405405405 0.34693877551020413
0 0.2927927927927928 0.6408163265306123 0.31756756756756754 0.6408163265306123 0.31756756756756754 0.6857142857142857 0.2927927927927928 0.6857142857142857
1 0.6756756756756757 0.942857142857143 0.7027027027027027 0.942857142857143 0.7027027027027027 0.9918367346938777 0.6756756756756757 0.9918367346938777
1 0.45045045045045046 0.04489795918367347 0.4774774774774775 0.04489795918367347 0.4774774774774775 0.08979591836734695 0.45045045045045046 0.08979591836734695
1 0.8018018018018018 0.5959183673469388 0.8288288288288288 0.5959183673469388 0.8288288288288288 0.6448979591836735 0.8018018018018018 0.6448979591836735
1 0.6779279279279279 0.44489795918367353 0.704954954954955 0.44489795918367353 0.704954954954955 0.489795918367347 0.6779279279279279 0.489795918367347
1 0.2905405405405405 0.5387755102040817 0.31756756756756754 0.5387755102040817 0.31756756756756754 0.5836734693877551 0.2905405405405405 0.5836734693877551
1 0.2927927927927928 0.942857142857143 0.31756756756756754 0.942857142857143 0.31756756756756754 0.9918367346938777 0.2927927927927928 0.9918367346938777
1 0.5472972972972973 0.18775510204081636 0.5720720720720721 0.18775510204081636 0.5720720720720721 0.2326530612244898 0.5472972972972973 0.2326530612244898
1 0.6779279279279279 0.34285714285714286 0.704954954954955 0.34285714285714286 0.704954954954955 0.3918367346938776 0.6779279279279279 0.3918367346938776
1 0.10585585585585586 0.34285714285714286 0.13288288288288289 0.34285714285714286 0.13288288288288289 0.3959183673469388 0.10585585585585586 0.3959183673469388
1 0.5585585585585585 0.6408163265306123 0.5855855855855856 0.6408163265306123 0.5855855855855856 0.689795918367347 0.5585585585585585 0.689795918367347
1 0.3941441441441441 0.1836734693877551 0.4189189189189189 0.1836734693877551 0.4189189189189189 0.2326530612244898 0.3941441441441441 0.2326530612244898
1 0.13513513513513514 0.34285714285714286 0.15990990990990991 0.34285714285714286 0.15990990990990991 0.3918367346938776 0.13513513513513514 0.3918367346938776
1 0.10810810810810811 0.9387755102040817 0.13513513513513514 0.9387755102040817 0.13513513513513514 0.9918367346938777 0.10810810810810811 0.9918367346938777
1 0.8040540540540541 0.942857142857143 0.8288288288288288 0.942857142857143 0.8288288288288288 0.9918367346938777 0.8040540540540541 0.9918367346938777
1 0.45045045045045046 0.942857142857143 0.4774774774774775 0.942857142857143 0.4774774774774775 0.9918367346938777 0.45045045045045046 0.9918367346938777
1 0.45045045045045046 0.3020408163265306 0.4774774774774775 0.3020408163265306 0.4774774774774775 0.35102040816326535 0.45045045045045046 0.35102040816326535
0 0.2927927927927928 0.34693877551020413 0.31756756756756754 0.34693877551020413 0.31756756756756754 0.3959183673469388 0.2927927927927928 0.3959183673469388
