2 0.6734550561797754 0.8150087260034904 0.6867977528089889 0.8150087260034904 0.6867977528089889 0.849912739965096 0.6734550561797754 0.849912739965096
2 0.5 0.8132635253054101 0.5140449438202247 0.8132635253054101 0.5140449438202247 0.849912739965096 0.5 0.849912739965096
1 0.6748595505617978 0.8621291448516579 0.6867977528089888 0.8621291448516579 0.6867977528089888 0.893542757417103 0.6748595505617978 0.893542757417103
1 0.5007022471910112 0.8621291448516579 0.5140449438202247 0.8621291448516579 0.5140449438202247 0.8917975567190227 0.5007022471910112 0.8917975567190227
2 0.8476123595505618 0.8184991273996509 0.8588483146067416 0.8184991273996509 0.8588483146067416 0.8464223385689355 0.8476123595505618 0.8464223385689355
1 0.07865168539325842 0.2879581151832461 0.09129213483146068 0.2879581151832461 0.09129213483146068 0.3211169284467714 0.07865168539325842 0.3211169284467714
1 0.17415730337078653 0.8132635253054101 0.18679775280898878 0.8132635253054101 0.18679775280898878 0.8464223385689355 0.17415730337078653 0.8464223385689355
1 0.07794943820224719 0.8132635253054101 0.09058988764044944 0.8132635253054101 0.09058988764044944 0.8464223385689355 0.07794943820224719 0.8464223385689355
1 0.46348314606741575 0.6003490401396161 0.4747191011235955 0.6003490401396161 0.4747191011235955 0.6300174520069808 0.46348314606741575 0.6300174520069808
1 0.4627808988764045 0.8150087260034904 0.47542134831460675 0.8150087260034904 0.47542134831460675 0.8464223385689355 0.4627808988764045 0.8464223385689355
1 0.2226123595505618 0.8150087260034904 0.2345505617977528 0.8150087260034904 0.2345505617977528 0.8464223385689355 0.2226123595505618 0.8464223385689355
1 0.7134831460674157 0.8150087260034904 0.7254213483146067 0.8150087260034904 0.7254213483146067 0.8464223385689355 0.7134831460674157 0.8464223385689355
1 0.848314606741573 0.31239092495637 0.8588483146067416 0.31239092495637 0.8588483146067416 0.34205933682373474 0.848314606741573 0.34205933682373474
1 0.8862359550561798 0.8150087260034904 0.8981741573033708 0.8150087260034904 0.8981741573033708 0.8464223385689355 0.8862359550561798 0.8464223385689355
2 0.1720505617977528 0.04712041884816754 0.18820224719101122 0.04712041884816754 0.18820224719101122 0.08551483420593368 0.1720505617977528 0.08551483420593368
1 0.6362359550561798 0.8150087260034904 0.6481741573033708 0.8150087260034904 0.6481741573033708 0.8464223385689355 0.6362359550561798 0.8464223385689355
1 0.5021067415730337 0.31239092495637 0.5126404494382022 0.31239092495637 0.5126404494382022 0.34205933682373474 0.5021067415730337 0.34205933682373474
1 0.8862359550561798 0.5532286212914486 0.8974719101123596 0.5532286212914486 0.8974719101123596 0.5828970331588132 0.8862359550561798 0.5828970331588132
1 0.36587078651685395 0.8132635253054101 0.3792134831460674 0.8132635253054101 0.3792134831460674 0.8464223385689355 0.36587078651685395 0.8464223385689355
1 0.636938202247191 0.6020942408376964 0.6481741573033708 0.6020942408376964 0.6481741573033708 0.6300174520069808 0.636938202247191 0.6300174520069808
1 0.5400280898876404 0.8150087260034904 0.5519662921348314 0.8150087260034904 0.5519662921348314 0.8464223385689355 0.5400280898876404 0.8464223385689355
1 0.5400280898876404 0.5532286212914486 0.5512640449438202 0.5532286212914486 0.5512640449438202 0.5828970331588132 0.5400280898876404 0.5828970331588132
1 0.8082865168539324 0.8150087260034904 0.8209269662921347 0.8150087260034904 0.8209269662921347 0.8464223385689355 0.8082865168539324 0.8464223385689355
1 0.8082865168539324 0.6020942408376964 0.8209269662921347 0.6020942408376964 0.8209269662921347 0.6300174520069808 0.8082865168539324 0.6300174520069808
1 0.675561797752809 0.31239092495637 0.6860955056179775 0.31239092495637 0.6860955056179775 0.34205933682373474 0.675561797752809 0.34205933682373474
1 0.2696629213483146 0.8167539267015707 0.28230337078651685 0.8167539267015707 0.28230337078651685 0.8464223385689355 0.2696629213483146 0.8464223385689355
1 0.12570224719101122 0.1692844677137871 0.1390449438202247 0.1692844677137871 0.1390449438202247 0.20244328097731243 0.12570224719101122 0.20244328097731243
1 0.9339887640449437 0.45898778359511355 0.9452247191011235 0.45898778359511355 0.9452247191011235 0.48691099476439803 0.9339887640449437 0.48691099476439803
1 0.7134831460674157 0.5532286212914486 0.7240168539325843 0.5532286212914486 0.7240168539325843 0.581151832460733 0.7134831460674157 0.581151832460733
1 0.3651685393258427 0.5741710296684118 0.37991573033707865 0.5741710296684118 0.37991573033707865 0.612565445026178 0.3651685393258427 0.612565445026178
1 0.5884831460674157 0.45898778359511355 0.5990168539325843 0.45898778359511355 0.5990168539325843 0.48691099476439803 0.5884831460674157 0.48691099476439803
1 0.761938202247191 0.45898778359511355 0.7717696629213483 0.45898778359511355 0.7717696629213483 0.48691099476439803 0.761938202247191 0.48691099476439803
1 0.07794943820224719 0.0506108202443281 0.09129213483146068 0.0506108202443281 0.09129213483146068 0.08376963350785341 0.07794943820224719 0.08376963350785341
1 0.27036516853932585 0.45549738219895286 0.2830056179775281 0.45549738219895286 0.2830056179775281 0.4869109947643979 0.27036516853932585 0.4869109947643979
1 0.5 0.04886561954624782 0.5140449438202247 0.04886561954624782 0.5140449438202247 0.08376963350785341 0.5 0.08376963350785341
1 0.8462078651685393 0.04886561954624782 0.8595505617977528 0.04886561954624782 0.8595505617977528 0.08376963350785341 0.8462078651685393 0.08376963350785341
1 0.6741573033707866 0.0506108202443281 0.6875000000000001 0.0506108202443281 0.6875000000000001 0.08376963350785341 0.6741573033707866 0.08376963350785341
1 0.17345505617977527 0.5741710296684118 0.18820224719101122 0.5741710296684118 0.18820224719101122 0.6108202443280978 0.17345505617977527 0.6108202443280978
1 0.36587078651685395 0.0506108202443281 0.3792134831460674 0.0506108202443281 0.3792134831460674 0.08376963350785341 0.36587078651685395 0.08376963350785341
1 0.2696629213483146 0.04886561954624782 0.2830056179775281 0.04886561954624782 0.2830056179775281 0.08376963350785341 0.2696629213483146 0.08376963350785341
2 0.36587078651685395 0.1692844677137871 0.37991573033707865 0.1692844677137871 0.37991573033707865 0.20244328097731243 0.36587078651685395 0.20244328097731243
2 0.19382022471910113 0.8150087260034904 0.2071629213483146 0.8150087260034904 0.2071629213483146 0.8481675392670157 0.19382022471910113 0.8481675392670157
