2 0.42145593869731796 0.6846307385229541 0.44444444444444436 0.6846307385229541 0.44444444444444436 0.720558882235529 0.42145593869731796 0.720558882235529
2 0.5223499361430396 0.313373253493014 0.5427841634738186 0.313373253493014 0.5427841634738186 0.3473053892215569 0.5223499361430396 0.3473053892215569
2 0.14431673052362706 0.8662674650698602 0.1685823754789272 0.8662674650698602 0.1685823754789272 0.904191616766467 0.14431673052362706 0.904191616766467
2 0.598978288633461 0.313373253493014 0.6194125159642401 0.313373253493014 0.6194125159642401 0.3473053892215569 0.598978288633461 0.3473053892215569
2 0.735632183908046 0.1317365269461078 0.756066411238825 0.1317365269461078 0.756066411238825 0.16367265469061876 0.735632183908046 0.16367265469061876
2 0.2656449553001277 0.8682634730538922 0.29118773946360155 0.8682634730538922 0.29118773946360155 0.9041916167664671 0.2656449553001277 0.9041916167664671
2 0.37037037037037035 0.6866267465069861 0.3933588761174968 0.6866267465069861 0.3933588761174968 0.7225548902195609 0.37037037037037035 0.7225548902195609
2 0.8480204342273308 0.8542914171656687 0.8748403575989783 0.8542914171656687 0.8748403575989783 0.8962075848303394 0.8480204342273308 0.8962075848303394
2 0.0970625798212005 0.6846307385229541 0.12132822477650064 0.6846307385229541 0.12132822477650064 0.7225548902195609 0.0970625798212005 0.7225548902195609
2 0.8480204342273308 0.626746506986028 0.8735632183908046 0.626746506986028 0.8735632183908046 0.6646706586826348 0.8480204342273308 0.6646706586826348
2 0.5977011494252874 0.029940119760479042 0.6181353767560664 0.029940119760479042 0.6181353767560664 0.06187624750499002 0.5977011494252874 0.06187624750499002
2 0.5938697318007663 0.1277445109780439 0.6181353767560664 0.1277445109780439 0.6181353767560664 0.16966067864271456 0.5938697318007663 0.16966067864271456
2 0.3269476372924649 0.6886227544910181 0.3486590038314176 0.6886227544910181 0.3486590038314176 0.7205588822355291 0.3269476372924649 0.7205588822355291
