1 0.5963511972633979 0.19634703196347028 0.6168757126567845 0.19634703196347028 0.6168757126567845 0.23515981735159813 0.5963511972633979 0.23515981735159813
1 0.8905359179019385 0.4474885844748858 0.9133409350057013 0.4474885844748858 0.9133409350057013 0.4931506849315068 0.8905359179019385 0.4931506849315068
1 0.314709236031927 0.45433789954337894 0.33751425313568983 0.45433789954337894 0.33751425313568983 0.49999999999999994 0.314709236031927 0.49999999999999994
1 0.806157354618016 0.4474885844748858 0.8278221208665907 0.4474885844748858 0.8278221208665907 0.4908675799086758 0.806157354618016 0.4908675799086758
1 0.7194982896237172 0.4452054794520548 0.74230330672748 0.4452054794520548 0.74230330672748 0.4931506849315068 0.7194982896237172 0.4931506849315068
1 0.14823261117445838 0.5799086757990868 0.16875712656784492 0.5799086757990868 0.16875712656784492 0.6232876712328768 0.14823261117445838 0.6232876712328768
1 0.14823261117445838 0.3287671232876712 0.16875712656784492 0.3287671232876712 0.16875712656784492 0.3721461187214612 0.14823261117445838 0.3721461187214612
1 0.14823261117445838 0.4817351598173516 0.16989737742303307 0.4817351598173516 0.16989737742303307 0.5273972602739726 0.14823261117445838 0.5273972602739726
1 0.7206385404789054 0.5776255707762558 0.74230330672748 0.5776255707762558 0.74230330672748 0.6232876712328768 0.7206385404789054 0.6232876712328768
1 0.31356898517673887 0.6415525114155252 0.33751425313568983 0.6415525114155252 0.33751425313568983 0.684931506849315 0.31356898517673887 0.684931506849315
2 0.7217787913340935 0.1004566210045662 0.7400228050171037 0.1004566210045662 0.7400228050171037 0.136986301369863 0.7217787913340935 0.136986301369863
2 0.14937286202964653 0.8356164383561644 0.1676168757126568 0.8356164383561644 0.1676168757126568 0.8721461187214612 0.14937286202964653 0.8721461187214612
2 0.31584948688711517 0.1004566210045662 0.3352337514253136 0.1004566210045662 0.3352337514253136 0.13926940639269406 0.31584948688711517 0.13926940639269406
2 0.14937286202964653 0.1004566210045662 0.16875712656784492 0.1004566210045662 0.16875712656784492 0.13926940639269406 0.14937286202964653 0.13926940639269406
2 0.7217787913340935 0.8356164383561644 0.7411630558722919 0.8356164383561644 0.7411630558722919 0.8721461187214612 0.7217787913340935 0.8721461187214612
2 0.3169897377423033 0.33333333333333326 0.3363740022805017 0.33333333333333326 0.3363740022805017 0.36986301369863006 0.3169897377423033 0.36986301369863006
2 0.8916761687571265 0.09817351598173514 0.9122006841505131 0.09817351598173514 0.9122006841505131 0.13926940639269406 0.8916761687571265 0.13926940639269406
2 0.31584948688711517 0.8333333333333335 0.33751425313568983 0.8333333333333335 0.33751425313568983 0.8721461187214613 0.31584948688711517 0.8721461187214613
2 0.8905359179019385 0.8310502283105022 0.9133409350057013 0.8310502283105022 0.9133409350057013 0.8744292237442922 0.8905359179019385 0.8744292237442922
