1 0.1611328125 0.45963541666666663 0.177734375 0.45963541666666663 0.177734375 0.4817708333333333 0.1611328125 0.4817708333333333
0 0.54296875 0.15885416666666666 0.5673828125 0.15885416666666666 0.5673828125 0.19140625 0.54296875 0.19140625
0 0.375 0.6783854166666666 0.3994140625 0.6783854166666666 0.3994140625 0.7135416666666666 0.375 0.7135416666666666
0 0.423828125 0.6783854166666666 0.4482421875 0.6783854166666666 0.4482421875 0.7122395833333333 0.423828125 0.7122395833333333
0 0.54296875 0.7747395833333333 0.568359375 0.7747395833333333 0.568359375 0.8098958333333333 0.54296875 0.8098958333333333
1 0.28125 0.87890625 0.296875 0.87890625 0.296875 0.8997395833333333 0.28125 0.8997395833333333
0 0.3984375 0.29296875 0.423828125 0.29296875 0.423828125 0.32682291666666663 0.3984375 0.32682291666666663
0 0.3984375 0.35546875 0.423828125 0.35546875 0.423828125 0.3919270833333333 0.3984375 0.3919270833333333
1 0.716796875 0.16927083333333331 0.7333984375 0.16927083333333331 0.7333984375 0.19140625 0.716796875 0.19140625
1 0.861328125 0.7174479166666666 0.8779296875 0.7174479166666666 0.8779296875 0.7395833333333333 0.861328125 0.7395833333333333
1 0.546875 0.041666666666666664 0.5634765625 0.041666666666666664 0.5634765625 0.0625 0.546875 0.0625
1 0.2802734375 0.6848958333333333 0.2978515625 0.6848958333333333 0.2978515625 0.70703125 0.2802734375 0.70703125
1 0.3779296875 0.87890625 0.39453125 0.87890625 0.39453125 0.8997395833333333 0.3779296875 0.8997395833333333
1 0.8603515625 0.39453125 0.87890625 0.39453125 0.87890625 0.41796875 0.8603515625 0.41796875
1 0.2802734375 0.2981770833333333 0.296875 0.2981770833333333 0.296875 0.3203125 0.2802734375 0.3203125
1 0.859375 0.45703125 0.87890625 0.45703125 0.87890625 0.48307291666666663 0.859375 0.48307291666666663
1 0.8603515625 0.20052083333333331 0.8798828125 0.20052083333333331 0.8798828125 0.22526041666666666 0.8603515625 0.22526041666666666
1 0.2802734375 0.04036458333333333 0.298828125 0.04036458333333333 0.298828125 0.06380208333333333 0.2802734375 0.06380208333333333
1 0.40234375 0.04036458333333333 0.4189453125 0.04036458333333333 0.4189453125 0.0625 0.40234375 0.0625
1 0.3056640625 0.2981770833333333 0.3232421875 0.2981770833333333 0.3232421875 0.3203125 0.3056640625 0.3203125
1 0.546875 0.8776041666666666 0.5634765625 0.8776041666666666 0.5634765625 0.8997395833333333 0.546875 0.8997395833333333
1 0.693359375 0.7799479166666666 0.7109375 0.7799479166666666 0.7109375 0.8046875 0.693359375 0.8046875
2 0.0576171875 0.9348958333333333 0.08203125 0.9348958333333333 0.08203125 0.9661458333333333 0.0576171875 0.9661458333333333
