2 0.7003058103975535 0.45969125214408235 0.7278287461773699 0.45969125214408235 0.7278287461773699 0.49056603773584906 0.7003058103975535 0.49056603773584906
2 0.8715596330275229 0.4631217838765009 0.8960244648318043 0.4631217838765009 0.8960244648318043 0.49056603773584906 0.8715596330275229 0.49056603773584906
2 0.5030581039755352 0.4614065180102916 0.5275229357798165 0.4614065180102916 0.5275229357798165 0.4888507718696398 0.5030581039755352 0.4888507718696398
2 0.5030581039755352 0.16638078902229847 0.5275229357798165 0.16638078902229847 0.5275229357798165 0.19382504288164668 0.5030581039755352 0.19382504288164668
2 0.18960244648318042 0.4648370497427101 0.21253822629969418 0.4648370497427101 0.21253822629969418 0.49056603773584906 0.18960244648318042 0.49056603773584906
2 0.16819571865443425 0.7238421955403086 0.1926605504587156 0.7238421955403086 0.1926605504587156 0.7512864493996567 0.16819571865443425 0.7512864493996567
2 0.09327217125382264 0.7221269296740995 0.11926605504587157 0.7221269296740995 0.11926605504587157 0.7495711835334476 0.09327217125382264 0.7495711835334476
2 0.34862385321100914 0.16466552315608923 0.37308868501529047 0.16466552315608923 0.37308868501529047 0.19039451114922817 0.34862385321100914 0.19039451114922817
2 0.5030581039755352 0.7221269296740995 0.5275229357798165 0.7221269296740995 0.5275229357798165 0.7495711835334476 0.5030581039755352 0.7495711835334476
2 0.7018348623853211 0.7221269296740995 0.72782874617737 0.7221269296740995 0.72782874617737 0.7512864493996569 0.7018348623853211 0.7512864493996569
2 0.34862385321100914 0.12006861063464837 0.3715596330275229 0.12006861063464837 0.3715596330275229 0.14751286449399656 0.34862385321100914 0.14751286449399656
