1 0.5062713797035348 0.07317073170731707 0.5267958950969214 0.07317073170731707 0.5267958950969214 0.11924119241192412 0.5062713797035348 0.11924119241192412
1 0.6864310148232611 0.42005420054200543 0.7046750285062714 0.42005420054200543 0.7046750285062714 0.4634146341463415 0.6864310148232611 0.4634146341463415
1 0.4549600912200684 0.07317073170731707 0.47434435575826683 0.07317073170731707 0.47434435575826683 0.11924119241192412 0.4549600912200684 0.11924119241192412
1 0.6316989737742303 0.8834688346883469 0.6533637400228051 0.8834688346883469 0.6533637400228051 0.9322493224932249 0.6316989737742303 0.9322493224932249
1 0.548460661345496 0.6395663956639567 0.5667046750285063 0.6395663956639567 0.5667046750285063 0.6856368563685636 0.548460661345496 0.6856368563685636
2 0.508551881413911 0.41734417344173447 0.5267958950969214 0.41734417344173447 0.5267958950969214 0.4607046070460705 0.508551881413911 0.4607046070460705
1 0.7297605473204105 0.07317073170731707 0.7491448118586089 0.07317073170731707 0.7491448118586089 0.11924119241192412 0.7297605473204105 0.11924119241192412
1 0.19384264538198404 0.4092140921409214 0.21322690992018245 0.4092140921409214 0.21322690992018245 0.45799457994579945 0.19384264538198404 0.45799457994579945
1 0.5473204104903079 0.41734417344173447 0.5678449258836944 0.41734417344173447 0.5678449258836944 0.46612466124661256 0.5473204104903079 0.46612466124661256
1 0.6328392246294184 0.42005420054200543 0.6522234891676169 0.42005420054200543 0.6522234891676169 0.4634146341463415 0.6328392246294184 0.4634146341463415
2 0.7309007981755985 0.42005420054200543 0.7480045610034206 0.42005420054200543 0.7480045610034206 0.45799457994579945 0.7309007981755985 0.45799457994579945
