1 0.9247457627118645 0.4269293924466338 0.9498305084745763 0.4269293924466338 0.9498305084745763 0.458128078817734 0.9247457627118645 0.458128078817734
1 0.7640677966101695 0.4269293924466338 0.7884745762711864 0.4269293924466338 0.7884745762711864 0.45566502463054187 0.7640677966101695 0.45566502463054187
2 0.6386440677966102 0.2471264367816092 0.6515254237288136 0.2471264367816092 0.6515254237288136 0.26354679802955666 0.6386440677966102 0.26354679802955666
1 0.5166101694915255 0.47126436781609193 0.5389830508474577 0.47126436781609193 0.5389830508474577 0.49917898193760263 0.5166101694915255 0.49917898193760263
2 0.6393220338983051 0.9137931034482758 0.6542372881355932 0.9137931034482758 0.6542372881355932 0.9334975369458127 0.6393220338983051 0.9334975369458127
2 0.3328813559322034 0.2471264367816092 0.34508474576271186 0.2471264367816092 0.34508474576271186 0.2627257799671593 0.3328813559322034 0.2627257799671593
2 0.448135593220339 0.5697865353037767 0.46779661016949153 0.5697865353037767 0.46779661016949153 0.5935960591133005 0.448135593220339 0.5935960591133005
2 0.8074576271186441 0.6141215106732348 0.8284745762711865 0.6141215106732348 0.8284745762711865 0.6395730706075533 0.8074576271186441 0.6395730706075533
2 0.25491525423728817 0.6149425287356322 0.2745762711864407 0.6149425287356322 0.2745762711864407 0.6403940886699507 0.25491525423728817 0.6403940886699507
1 0.32542372881355935 0.6715927750410509 0.34644067796610173 0.6715927750410509 0.34644067796610173 0.696223316912972 0.32542372881355935 0.696223316912972
1 0.32677966101694916 0.4688013136288998 0.352542372881356 0.4688013136288998 0.352542372881356 0.5 0.32677966101694916 0.5
2 0.18372881355932205 0.4244663382594417 0.1945762711864407 0.4244663382594417 0.1945762711864407 0.43760262725779964 0.18372881355932205 0.43760262725779964
2 0.4474576271186441 0.4729064039408867 0.4657627118644068 0.4729064039408867 0.4657627118644068 0.49507389162561577 0.4474576271186441 0.49507389162561577
2 0.5206779661016949 0.4326765188834154 0.536949152542373 0.4326765188834154 0.536949152542373 0.451559934318555 0.5206779661016949 0.451559934318555
1 0.6332203389830509 0.4277504105090312 0.6562711864406781 0.4277504105090312 0.6562711864406781 0.45648604269293924 0.6332203389830509 0.45648604269293924
2 0.48067796610169494 0.9178981937602627 0.49288135593220345 0.9178981937602627 0.49288135593220345 0.9351395730706076 0.48067796610169494 0.9351395730706076
1 0.32677966101694916 0.4688013136288998 0.352542372881356 0.4688013136288998 0.352542372881356 0.5 0.32677966101694916 0.5
1 0.060338983050847464 0.47126436781609193 0.08542372881355932 0.47126436781609193 0.08542372881355932 0.5024630541871921 0.060338983050847464 0.5024630541871921
1 0.13559322033898305 0.1297208538587849 0.16135593220338984 0.1297208538587849 0.16135593220338984 0.15763546798029557 0.13559322033898305 0.15763546798029557
1 0.21084745762711865 0.47126436781609193 0.23728813559322035 0.47126436781609193 0.23728813559322035 0.5032840722495895 0.21084745762711865 0.5032840722495895
2 0.0576271186440678 0.12807881773399013 0.08542372881355932 0.12807881773399013 0.08542372881355932 0.16091954022988506 0.0576271186440678 0.16091954022988506
1 0.8433898305084746 0.12889983579638753 0.8752542372881357 0.12889983579638753 0.8752542372881357 0.16091954022988506 0.8433898305084746 0.16091954022988506
2 0.9294915254237289 0.13382594417077176 0.9511864406779662 0.13382594417077176 0.9511864406779662 0.1592775041050903 0.9294915254237289 0.1592775041050903
1 0.6352542372881357 0.6683087027914614 0.6596610169491526 0.6683087027914614 0.6596610169491526 0.6995073891625615 0.6352542372881357 0.6995073891625615
1 0.4433898305084746 0.4236453201970443 0.4698305084745763 0.4236453201970443 0.4698305084745763 0.4605911330049261 0.4433898305084746 0.4605911330049261
