1 0.30833333333333335 0.6266666666666667 0.3416666666666667 0.6266666666666667 0.3416666666666667 0.6711111111111111 0.30833333333333335 0.6711111111111111
1 0.30833333333333335 0.09555555555555556 0.3416666666666667 0.09555555555555556 0.3416666666666667 0.13777777777777778 0.30833333333333335 0.13777777777777778
1 0.16 0.09555555555555556 0.19333333333333333 0.09555555555555556 0.19333333333333333 0.13777777777777778 0.16 0.13777777777777778
1 0.5833333333333334 0.09555555555555556 0.6166666666666667 0.09555555555555556 0.6166666666666667 0.14 0.5833333333333334 0.14
1 0.78 0.39111111111111113 0.8133333333333334 0.39111111111111113 0.8133333333333334 0.43555555555555553 0.78 0.43555555555555553
1 0.15833333333333333 0.46444444444444444 0.19166666666666668 0.46444444444444444 0.19166666666666668 0.5088888888888888 0.15833333333333333 0.5088888888888888
1 0.30666666666666664 0.31555555555555553 0.3416666666666667 0.31555555555555553 0.3416666666666667 0.36 0.30666666666666664 0.36
1 0.30666666666666664 0.8288888888888889 0.3433333333333333 0.8288888888888889 0.3433333333333333 0.8755555555555555 0.30666666666666664 0.8755555555555555
1 0.23833333333333337 0.8355555555555556 0.2716666666666667 0.8355555555555556 0.2716666666666667 0.8777777777777778 0.23833333333333337 0.8777777777777778
1 0.15666666666666668 0.8311111111111111 0.19333333333333333 0.8311111111111111 0.19333333333333333 0.8755555555555555 0.15666666666666668 0.8755555555555555
2 0.30833333333333335 0.46444444444444444 0.3416666666666667 0.46444444444444444 0.3416666666666667 0.5066666666666667 0.30833333333333335 0.5066666666666667
