1 0.9114139693356048 0.15609756097560976 0.9352640545144804 0.15609756097560976 0.9352640545144804 0.22439024390243903 0.9114139693356048 0.22439024390243903
1 0.19420783645655879 0.16097560975609757 0.2163543441226576 0.16097560975609757 0.2163543441226576 0.22439024390243903 0.19420783645655879 0.22439024390243903
1 0.7700170357751278 0.16097560975609757 0.7921635434412265 0.16097560975609757 0.7921635434412265 0.22439024390243903 0.7700170357751278 0.22439024390243903
1 0.6303236797274276 0.5463414634146342 0.6490630323679727 0.5463414634146342 0.6490630323679727 0.6000000000000001 0.6303236797274276 0.6000000000000001
1 0.19591141396933562 0.8682926829268293 0.21465076660988078 0.8682926829268293 0.21465076660988078 0.9170731707317074 0.19591141396933562 0.9170731707317074
1 0.19591141396933562 0.5463414634146342 0.21465076660988078 0.5463414634146342 0.21465076660988078 0.6000000000000001 0.19591141396933562 0.6000000000000001
1 0.4684838160136286 0.15609756097560976 0.4940374787052811 0.15609756097560976 0.4940374787052811 0.22439024390243903 0.4684838160136286 0.22439024390243903
1 0.626916524701874 0.15609756097560976 0.6507666098807495 0.15609756097560976 0.6507666098807495 0.22439024390243903 0.626916524701874 0.22439024390243903
1 0.3339011925042589 0.16097560975609757 0.35604770017035775 0.16097560975609757 0.35604770017035775 0.22439024390243903 0.3339011925042589 0.22439024390243903
1 0.9131175468483816 0.8634146341463415 0.9318568994889267 0.8634146341463415 0.9318568994889267 0.9170731707317074 0.9131175468483816 0.9170731707317074
1 0.6286201022146508 0.8682926829268293 0.6490630323679727 0.8682926829268293 0.6490630323679727 0.9170731707317074 0.6286201022146508 0.9170731707317074
1 0.47189097103918226 0.8634146341463415 0.4906303236797274 0.8634146341463415 0.4906303236797274 0.9170731707317074 0.47189097103918226 0.9170731707317074
1 0.02555366269165247 0.8682926829268293 0.04258943781942078 0.8682926829268293 0.04258943781942078 0.9170731707317074 0.02555366269165247 0.9170731707317074
