1 0.35846153846153844 0.11016949152542371 0.38 0.11016949152542371 0.38 0.13983050847457626 0.35846153846153844 0.13983050847457626
1 0.5692307692307692 0.8707627118644068 0.5923076923076923 0.8707627118644068 0.5923076923076923 0.9046610169491526 0.5692307692307692 0.9046610169491526
1 0.2569230769230769 0.3580508474576271 0.2846153846153846 0.3580508474576271 0.2846153846153846 0.3983050847457627 0.2569230769230769 0.3983050847457627
1 0.4307692307692308 0.3580508474576271 0.4584615384615385 0.3580508474576271 0.4584615384615385 0.4004237288135593 0.4307692307692308 0.4004237288135593
1 0.5969230769230769 0.19915254237288135 0.62 0.19915254237288135 0.62 0.2309322033898305 0.5969230769230769 0.2309322033898305
1 0.26 0.10805084745762712 0.2815384615384615 0.10805084745762712 0.2815384615384615 0.13983050847457626 0.26 0.13983050847457626
1 0.4323076923076923 0.8707627118644068 0.4584615384615385 0.8707627118644068 0.4584615384615385 0.9067796610169492 0.4323076923076923 0.9067796610169492
1 0.16923076923076924 0.5677966101694916 0.19846153846153847 0.5677966101694916 0.19846153846153847 0.6101694915254238 0.16923076923076924 0.6101694915254238
1 0.4307692307692308 0.6716101694915254 0.46 0.6716101694915254 0.46 0.7139830508474576 0.4307692307692308 0.7139830508474576
1 0.4323076923076923 0.19703389830508475 0.4584615384615385 0.19703389830508475 0.4584615384615385 0.2309322033898305 0.4323076923076923 0.2309322033898305
1 0.6723076923076923 0.4491525423728814 0.696923076923077 0.4491525423728814 0.696923076923077 0.4851694915254237 0.6723076923076923 0.4851694915254237
1 0.5969230769230769 0.451271186440678 0.62 0.451271186440678 0.62 0.4851694915254237 0.5969230769230769 0.4851694915254237
1 0.4323076923076923 0.4491525423728814 0.4584615384615385 0.4491525423728814 0.4584615384615385 0.4872881355932203 0.4323076923076923 0.4872881355932203
