0 0.6799544419134396 0.7981859410430839 0.6970387243735763 0.7981859410430839 0.6970387243735763 0.8321995464852608 0.6799544419134396 0.8321995464852608
0 0.48974943052391795 0.8004535147392291 0.5068337129840547 0.8004535147392291 0.5068337129840547 0.8299319727891157 0.48974943052391795 0.8299319727891157
0 0.29954441913439633 0.8004535147392291 0.316628701594533 0.8004535147392291 0.316628701594533 0.8321995464852608 0.29954441913439633 0.8321995464852608
1 0.7232346241457859 0.09750566893424037 0.7369020501138952 0.09750566893424037 0.7369020501138952 0.12471655328798187 0.7232346241457859 0.12471655328798187
1 0.5330296127562643 0.09977324263038549 0.5466970387243736 0.09977324263038549 0.5466970387243736 0.12471655328798187 0.5330296127562643 0.12471655328798187
0 0.1480637813211845 0.39682539682539686 0.16400911161731208 0.39682539682539686 0.16400911161731208 0.4285714285714286 0.1480637813211845 0.4285714285714286
1 0.6822323462414578 0.888888888888889 0.6947608200455581 0.888888888888889 0.6947608200455581 0.9115646258503401 0.6822323462414578 0.9115646258503401
1 0.49202733485193617 0.888888888888889 0.5034168564920273 0.888888888888889 0.5034168564920273 0.9115646258503401 0.49202733485193617 0.9115646258503401
1 0.9248291571753986 0.6326530612244898 0.9396355353075171 0.6326530612244898 0.9396355353075171 0.6621315192743764 0.9248291571753986 0.6621315192743764
1 0.38724373576309795 0.8866213151927438 0.39977220956719817 0.8866213151927438 0.39977220956719817 0.9115646258503401 0.38724373576309795 0.9115646258503401
1 0.5318906605922551 0.4557823129251701 0.5478359908883826 0.4557823129251701 0.5478359908883826 0.4852607709750567 0.5318906605922551 0.4852607709750567
1 0.7220956719817767 0.4557823129251701 0.7380410022779043 0.4557823129251701 0.7380410022779043 0.4852607709750567 0.7220956719817767 0.4852607709750567
1 0.1492027334851936 0.4557823129251701 0.16400911161731208 0.4557823129251701 0.16400911161731208 0.4852607709750567 0.1492027334851936 0.4852607709750567
1 0.765375854214123 0.6145124716553289 0.7801822323462414 0.6145124716553289 0.7801822323462414 0.6439909297052154 0.765375854214123 0.6439909297052154
1 0.6309794988610478 0.5328798185941043 0.6457858769931663 0.5328798185941043 0.6457858769931663 0.5600907029478458 0.6309794988610478 0.5600907029478458
1 0.8223234624145785 0.5328798185941043 0.8359908883826879 0.5328798185941043 0.8359908883826879 0.5600907029478458 0.8223234624145785 0.5600907029478458
1 0.34054669703872437 0.45351473922902497 0.3564920273348519 0.45351473922902497 0.3564920273348519 0.4852607709750567 0.34054669703872437 0.4852607709750567
1 0.7665148063781321 0.8866213151927438 0.7813211845102506 0.8866213151927438 0.7813211845102506 0.9138321995464853 0.7665148063781321 0.9138321995464853
1 0.19134396355353075 0.7301587301587302 0.2072892938496583 0.7301587301587302 0.2072892938496583 0.7596371882086168 0.19134396355353075 0.7596371882086168
1 0.4407744874715262 0.5328798185941043 0.4544419134396355 0.5328798185941043 0.4544419134396355 0.5578231292517007 0.4407744874715262 0.5578231292517007
1 0.3416856492027335 0.09977324263038549 0.3553530751708428 0.09977324263038549 0.3553530751708428 0.12471655328798187 0.3416856492027335 0.12471655328798187
1 0.30068337129840544 0.888888888888889 0.31435079726651477 0.888888888888889 0.31435079726651477 0.9138321995464853 0.30068337129840544 0.9138321995464853
1 0.19362186788154898 0.8866213151927438 0.2072892938496583 0.8866213151927438 0.2072892938496583 0.9138321995464853 0.19362186788154898 0.9138321995464853
1 0.38610478359908884 0.6145124716553289 0.39977220956719817 0.6145124716553289 0.39977220956719817 0.6417233560090703 0.38610478359908884 0.6417233560090703
1 0.5763097949886105 0.6167800453514739 0.5899772209567198 0.6167800453514739 0.5899772209567198 0.6417233560090703 0.5763097949886105 0.6417233560090703
1 0.2505694760820045 0.528344671201814 0.265375854214123 0.528344671201814 0.265375854214123 0.5578231292517007 0.2505694760820045 0.5578231292517007
1 0.5785876993166287 0.888888888888889 0.5888382687927107 0.888888888888889 0.5888382687927107 0.909297052154195 0.5785876993166287 0.909297052154195
2 0.25398633257403186 0.8072562358276644 0.265375854214123 0.8072562358276644 0.265375854214123 0.8299319727891157 0.25398633257403186 0.8299319727891157
2 0.06719817767653759 0.40589569160997735 0.08086560364464693 0.40589569160997735 0.08086560364464693 0.4308390022675737 0.06719817767653759 0.4308390022675737
2 0.8735763097949886 0.891156462585034 0.8838268792710706 0.891156462585034 0.8838268792710706 0.9115646258503401 0.8735763097949886 0.9115646258503401
2 0.8747152619589977 0.4013605442176871 0.8826879271070615 0.4013605442176871 0.8826879271070615 0.4217687074829932 0.8747152619589977 0.4217687074829932
