1 0.7901515151515152 0.419921875 0.8151515151515152 0.419921875 0.8151515151515152 0.451171875 0.7901515151515152 0.451171875
1 0.5045454545454545 0.2841796875 0.5287878787878788 0.2841796875 0.5287878787878788 0.314453125 0.5045454545454545 0.314453125
1 0.5795454545454546 0.193359375 0.603030303030303 0.193359375 0.603030303030303 0.22265625 0.5795454545454546 0.22265625
1 0.5053030303030303 0.8662109375 0.5295454545454544 0.8662109375 0.5295454545454544 0.8984375 0.5053030303030303 0.8984375
1 0.36363636363636365 0.3828125 0.39015151515151514 0.3828125 0.39015151515151514 0.4169921875 0.36363636363636365 0.4169921875
1 0.5045454545454545 0.4921875 0.5287878787878788 0.4921875 0.5287878787878788 0.5224609375 0.5045454545454545 0.5224609375
1 0.36363636363636365 0.076171875 0.39015151515151514 0.076171875 0.39015151515151514 0.1103515625 0.36363636363636365 0.1103515625
1 0.7151515151515152 0.5205078125 0.740909090909091 0.5205078125 0.740909090909091 0.5537109375 0.7151515151515152 0.5537109375
1 0.7166666666666667 0.302734375 0.7424242424242424 0.302734375 0.7424242424242424 0.3349609375 0.7166666666666667 0.3349609375
1 0.225 0.623046875 0.25075757575757573 0.623046875 0.25075757575757573 0.6552734375 0.225 0.6552734375
1 0.7166666666666667 0.865234375 0.7431818181818182 0.865234375 0.7431818181818182 0.8994140625 0.7166666666666667 0.8994140625
1 0.08636363636363636 0.291015625 0.10984848484848485 0.291015625 0.10984848484848485 0.3232421875 0.08636363636363636 0.3232421875
1 0.7174242424242423 0.078125 0.7424242424242423 0.078125 0.7424242424242423 0.109375 0.7174242424242423 0.109375
1 0.9106060606060606 0.3037109375 0.9356060606060606 0.3037109375 0.9356060606060606 0.3359375 0.9106060606060606 0.3359375
1 0.5045454545454545 0.078125 0.5295454545454545 0.078125 0.5295454545454545 0.109375 0.5045454545454545 0.109375
1 0.9106060606060606 0.51953125 0.9348484848484848 0.51953125 0.9348484848484848 0.552734375 0.9106060606060606 0.552734375
1 0.16969696969696973 0.2060546875 0.19469696969696973 0.2060546875 0.19469696969696973 0.2373046875 0.16969696969696973 0.2373046875
2 0.8303030303030303 0.423828125 0.85 0.423828125 0.85 0.447265625 0.8303030303030303 0.447265625
