2 0.8021327014218009 0.610062893081761 0.8175355450236966 0.610062893081761 0.8175355450236966 0.6373165618448637 0.8021327014218009 0.6373165618448637
2 0.8850710900473934 0.6079664570230608 0.9028436018957346 0.6079664570230608 0.9028436018957346 0.639412997903564 0.8850710900473934 0.639412997903564
1 0.1872037914691943 0.6729559748427673 0.20497630331753555 0.6729559748427673 0.20497630331753555 0.7044025157232704 0.1872037914691943 0.7044025157232704
2 0.36729857819905215 0.090146750524109 0.38388625592417064 0.090146750524109 0.38388625592417064 0.11740041928721172 0.36729857819905215 0.11740041928721172
1 0.36611374407582936 0.28721174004192873 0.38388625592417064 0.28721174004192873 0.38388625592417064 0.3165618448637317 0.36611374407582936 0.3165618448637317
1 0.36611374407582936 0.8406708595387841 0.38388625592417064 0.8406708595387841 0.38388625592417064 0.8742138364779874 0.36611374407582936 0.8742138364779874
1 0.36729857819905215 0.12159329140461216 0.38270142180094785 0.12159329140461216 0.38270142180094785 0.1488469601677149 0.36729857819905215 0.1488469601677149
2 0.6883886255924171 0.3081761006289308 0.7037914691943128 0.3081761006289308 0.7037914691943128 0.3333333333333333 0.6883886255924171 0.3333333333333333
2 0.6883886255924171 0.090146750524109 0.7037914691943128 0.090146750524109 0.7037914691943128 0.11740041928721172 0.6883886255924171 0.11740041928721172
1 0.6113744075829384 0.639412997903564 0.6279620853080569 0.639412997903564 0.6279620853080569 0.6687631027253669 0.6113744075829384 0.6687631027253669
1 0.4988151658767773 0.3228511530398323 0.514218009478673 0.3228511530398323 0.514218009478673 0.350104821802935 0.4988151658767773 0.350104821802935
1 0.36611374407582936 0.42138364779874216 0.38388625592417064 0.42138364779874216 0.38388625592417064 0.45073375262054505 0.36611374407582936 0.45073375262054505
2 0.4988151658767773 0.090146750524109 0.5154028436018958 0.090146750524109 0.5154028436018958 0.11740041928721172 0.4988151658767773 0.11740041928721172
1 0.18601895734597157 0.5031446540880503 0.20616113744075829 0.5031446540880503 0.20616113744075829 0.5387840670859538 0.18601895734597157 0.5387840670859538
1 0.36611374407582936 0.6729559748427673 0.38507109004739337 0.6729559748427673 0.38507109004739337 0.7064989517819706 0.36611374407582936 0.7064989517819706
1 0.6101895734597157 0.8406708595387841 0.6279620853080569 0.8406708595387841 0.6279620853080569 0.8721174004192872 0.6101895734597157 0.8721174004192872
2 0.5177725118483413 0.023060796645702306 0.5343601895734598 0.023060796645702306 0.5343601895734598 0.050314465408805034 0.5177725118483413 0.050314465408805034
1 0.8850710900473934 0.4863731656184486 0.9028436018957346 0.4863731656184486 0.9028436018957346 0.519916142557652 0.8850710900473934 0.519916142557652
1 0.7535545023696684 0.6079664570230608 0.7701421800947869 0.6079664570230608 0.7701421800947869 0.6373165618448637 0.7535545023696684 0.6373165618448637
1 0.7523696682464454 0.8406708595387841 0.7701421800947866 0.8406708595387841 0.7701421800947866 0.8721174004192872 0.7523696682464454 0.8721174004192872
1 0.5165876777251185 0.0859538784067086 0.5343601895734598 0.0859538784067086 0.5343601895734598 0.11740041928721175 0.5165876777251185 0.11740041928721175
1 0.1883886255924171 0.2557651991614256 0.20379146919431282 0.2557651991614256 0.20379146919431282 0.2830188679245283 0.1883886255924171 0.2830188679245283
1 0.22511848341232227 0.18867924528301888 0.24052132701421802 0.18867924528301888 0.24052132701421802 0.21593291404612158 0.22511848341232227 0.21593291404612158
1 0.7535545023696684 0.7777777777777779 0.7689573459715641 0.7777777777777779 0.7689573459715641 0.8050314465408807 0.7535545023696684 0.8050314465408807
1 0.6872037914691943 0.13626834381551362 0.7037914691943128 0.13626834381551362 0.7037914691943128 0.16561844863731656 0.6872037914691943 0.16561844863731656
1 0.6220379146919431 0.20754716981132076 0.6362559241706162 0.20754716981132076 0.6362559241706162 0.23270440251572327 0.6220379146919431 0.23270440251572327
2 0.5272511848341233 0.9287211740041929 0.5438388625592417 0.9287211740041929 0.5438388625592417 0.9559748427672956 0.5272511848341233 0.9559748427672956
1 0.5260663507109005 0.8427672955974843 0.542654028436019 0.8427672955974843 0.542654028436019 0.8742138364779874 0.5260663507109005 0.8742138364779874
1 0.8838862559241706 0.13417190775681342 0.9016587677725119 0.13417190775681342 0.9016587677725119 0.16561844863731656 0.8838862559241706 0.16561844863731656
1 0.3684834123222749 0.8113207547169812 0.38388625592417064 0.8113207547169812 0.38388625592417064 0.8385744234800838 0.3684834123222749 0.8385744234800838
1 0.6492890995260665 0.7064989517819708 0.665876777251185 0.7064989517819708 0.665876777251185 0.7379454926624739 0.6492890995260665 0.7379454926624739
1 0.6125592417061612 0.44025157232704404 0.6279620853080569 0.44025157232704404 0.6279620853080569 0.46750524109014674 0.6125592417061612 0.46750524109014674
1 0.1872037914691943 0.28721174004192873 0.20497630331753555 0.28721174004192873 0.20497630331753555 0.31865828092243187 0.1872037914691943 0.31865828092243187
1 0.8850710900473934 0.7589098532494759 0.9016587677725119 0.7589098532494759 0.9016587677725119 0.7861635220125787 0.8850710900473934 0.7861635220125787
1 0.5367298578199052 0.20754716981132076 0.5509478672985783 0.20754716981132076 0.5509478672985783 0.2348008385744235 0.5367298578199052 0.2348008385744235
1 0.3684834123222749 0.5744234800838575 0.38388625592417064 0.5744234800838575 0.38388625592417064 0.6016771488469602 0.3684834123222749 0.6016771488469602
1 0.6113744075829384 0.7777777777777779 0.6267772511848341 0.7777777777777779 0.6267772511848341 0.8050314465408807 0.6113744075829384 0.8050314465408807
1 0.6860189573459715 0.40461215932914046 0.70260663507109 0.40461215932914046 0.70260663507109 0.4339622641509434 0.6860189573459715 0.4339622641509434
1 0.22742184515220495 0.3590939373750832 0.24398899943481595 0.3590939373750832 0.24398899943481595 0.38907395069953365 0.22742184515220495 0.38907395069953365
1 0.18976922178263464 0.4270486342438375 0.20445374489676704 0.4270486342438375 0.20445374489676704 0.45436375749500335 0.18976922178263464 0.45436375749500335
1 0.18976922178263464 0.8094603597601602 0.20520679736415848 0.8094603597601602 0.20520679736415848 0.8407728181212525 0.18976922178263464 0.8407728181212525
