0 0.007822685788787483 0.842436974789916 0.03650586701434159 0.842436974789916 0.03650586701434159 0.8886554621848739 0.007822685788787483 0.8886554621848739
2 0.4954367666232073 0.8529411764705882 0.5123859191655802 0.8529411764705882 0.5123859191655802 0.8802521008403361 0.4954367666232073 0.8802521008403361
2 0.21121251629726207 0.31092436974789917 0.22946544980443284 0.31092436974789917 0.22946544980443284 0.3403361344537815 0.21121251629726207 0.3403361344537815
2 0.49413298565840935 0.31092436974789917 0.5123859191655802 0.31092436974789917 0.5123859191655802 0.3403361344537815 0.49413298565840935 0.3403361344537815
2 0.3663624511082138 0.3088235294117647 0.3859191655801825 0.3088235294117647 0.3859191655801825 0.3403361344537815 0.3663624511082138 0.3403361344537815
2 0.04954367666232073 0.31092436974789917 0.06910039113428944 0.31092436974789917 0.06910039113428944 0.3403361344537815 0.04954367666232073 0.3403361344537815
2 0.7405475880052151 0.3088235294117647 0.7627118644067796 0.3088235294117647 0.7627118644067796 0.34243697478991597 0.7405475880052151 0.34243697478991597
2 0.21121251629726207 0.8508403361344538 0.23076923076923075 0.8508403361344538 0.23076923076923075 0.8802521008403361 0.21121251629726207 0.8802521008403361
2 0.7392438070404171 0.8466386554621849 0.7640156453715775 0.8466386554621849 0.7640156453715775 0.8865546218487395 0.7392438070404171 0.8865546218487395
2 0.048239895697522815 0.8508403361344538 0.06910039113428944 0.8508403361344538 0.06910039113428944 0.884453781512605 0.048239895697522815 0.884453781512605
2 0.3663624511082138 0.8508403361344538 0.3859191655801825 0.8508403361344538 0.3859191655801825 0.8823529411764706 0.3663624511082138 0.8823529411764706
