1 0.8786039453717754 0.0061633281972265025 0.9044006069802731 0.0061633281972265025 0.9044006069802731 0.032357473035439135 0.8786039453717754 0.032357473035439135
1 0.3566009104704097 0.48073959938366717 0.38239757207890746 0.48073959938366717 0.38239757207890746 0.5069337442218799 0.3566009104704097 0.5069337442218799
1 0.3550834597875569 0.004622496147919877 0.38239757207890746 0.004622496147919877 0.38239757207890746 0.032357473035439135 0.3550834597875569 0.032357473035439135
1 0.6342943854324735 0.6733436055469953 0.661608497723824 0.6733436055469953 0.661608497723824 0.699537750385208 0.6342943854324735 0.699537750385208
1 0.4688922610015175 0.27734976887519264 0.4931714719271624 0.27734976887519264 0.4931714719271624 0.3020030816640986 0.4688922610015175 0.3020030816640986
0 0.3520485584218513 0.27272727272727276 0.38239757207890746 0.27272727272727276 0.38239757207890746 0.30816640986132515 0.3520485584218513 0.30816640986132515
1 0.08952959028831563 0.47919876733436056 0.11532625189681336 0.47919876733436056 0.11532625189681336 0.5069337442218799 0.08952959028831563 0.5069337442218799
1 0.6342943854324735 0.275808936825886 0.661608497723824 0.275808936825886 0.661608497723824 0.3035439137134052 0.6342943854324735 0.3035439137134052
1 0.8801213960546282 0.9075500770416025 0.9059180576631259 0.9075500770416025 0.9059180576631259 0.9352850539291218 0.8801213960546282 0.9352850539291218
1 0.08952959028831563 0.9075500770416025 0.11532625189681336 0.9075500770416025 0.11532625189681336 0.9352850539291218 0.08952959028831563 0.9352850539291218
1 0.4673748103186647 0.6702619414483821 0.4931714719271624 0.6702619414483821 0.4931714719271624 0.6979969183359014 0.4673748103186647 0.6979969183359014
1 0.15174506828528073 0.9090909090909092 0.17754172989377845 0.9090909090909092 0.17754172989377845 0.9368258859784284 0.15174506828528073 0.9368258859784284
1 0.6342943854324735 0.9075500770416025 0.6600910470409712 0.9075500770416025 0.6600910470409712 0.9352850539291218 0.6342943854324735 0.9352850539291218
1 0.6327769347496207 0.7272727272727273 0.6600910470409712 0.7272727272727273 0.6600910470409712 0.7550077041602465 0.6327769347496207 0.7550077041602465
1 0.7450682852807284 0.8181818181818182 0.7723823975720789 0.8181818181818182 0.7723823975720789 0.8443759630200308 0.7450682852807284 0.8443759630200308
