1 0.4481792717086835 0.5691699604743083 0.4733893557422969 0.5691699604743083 0.4733893557422969 0.6047430830039525 0.4481792717086835 0.6047430830039525
1 0.33753501400560226 0.567193675889328 0.3641456582633053 0.567193675889328 0.3641456582633053 0.6067193675889329 0.33753501400560226 0.6067193675889329
1 0.24929971988795518 0.4031620553359684 0.27450980392156865 0.4031620553359684 0.27450980392156865 0.4407114624505929 0.24929971988795518 0.4407114624505929
1 0.6666666666666665 0.8478260869565217 0.69187675070028 0.8478260869565217 0.69187675070028 0.8814229249011858 0.6666666666666665 0.8814229249011858
1 0.1176470588235294 0.8478260869565217 0.14285714285714285 0.8478260869565217 0.14285714285714285 0.883399209486166 0.1176470588235294 0.883399209486166
1 0.623249299719888 0.35177865612648224 0.6484593837535014 0.35177865612648224 0.6484593837535014 0.3893280632411067 0.623249299719888 0.3893280632411067
1 0.1176470588235294 0.5691699604743083 0.14285714285714285 0.5691699604743083 0.14285714285714285 0.6047430830039525 0.1176470588235294 0.6047430830039525
1 0.24929971988795518 0.8458498023715415 0.2759103641456583 0.8458498023715415 0.2759103641456583 0.883399209486166 0.24929971988795518 0.883399209486166
1 0.623249299719888 0.5375494071146245 0.6484593837535014 0.5375494071146245 0.6484593837535014 0.575098814229249 0.623249299719888 0.575098814229249
1 0.8207282913165266 0.5059288537549407 0.84593837535014 0.5059288537549407 0.84593837535014 0.5434782608695652 0.8207282913165266 0.5434782608695652
1 0.623249299719888 0.8458498023715415 0.6484593837535014 0.8458498023715415 0.6484593837535014 0.8814229249011858 0.623249299719888 0.8814229249011858
1 0.4481792717086835 0.1383399209486166 0.47198879551820727 0.1383399209486166 0.47198879551820727 0.17193675889328064 0.4481792717086835 0.17193675889328064
1 0.4481792717086835 0.8458498023715415 0.4733893557422969 0.8458498023715415 0.4733893557422969 0.883399209486166 0.4481792717086835 0.883399209486166
1 0.4481792717086835 0.35177865612648224 0.4733893557422969 0.35177865612648224 0.4733893557422969 0.3893280632411067 0.4481792717086835 0.3893280632411067
1 0.623249299719888 0.13636363636363635 0.6484593837535014 0.13636363636363635 0.6484593837535014 0.17391304347826086 0.623249299719888 0.17391304347826086
2 0.2507002801120448 0.5711462450592886 0.27170868347338933 0.5711462450592886 0.27170868347338933 0.6027667984189723 0.2507002801120448 0.6027667984189723
2 0.5392156862745098 0.1422924901185771 0.5560224089635855 0.1422924901185771 0.5560224089635855 0.16600790513833993 0.5392156862745098 0.16600790513833993
2 0.5392156862745098 0.08300395256916997 0.5560224089635855 0.08300395256916997 0.5560224089635855 0.1067193675889328 0.5392156862745098 0.1067193675889328
