0 0.5389955083707636 0.8682965299684542 0.5508370763576971 0.8682965299684542 0.5508370763576971 0.8903785488958991 0.5389955083707636 0.8903785488958991
0 0.2797060024499796 0.8682965299684542 0.29154757043691304 0.8682965299684542 0.29154757043691304 0.8911671924290221 0.2797060024499796 0.8911671924290221
0 0.4487545937117191 0.8675078864353312 0.4622294814209882 0.8675078864353312 0.4622294814209882 0.8911671924290221 0.4487545937117191 0.8911671924290221
0 0.5394038383013475 0.6703470031545741 0.5508370763576971 0.6703470031545741 0.5508370763576971 0.693217665615142 0.5394038383013475 0.693217665615142
0 0.6708860759493671 0.43690851735015773 0.6827276439363006 0.43690851735015773 0.6827276439363006 0.4597791798107255 0.6708860759493671 0.4597791798107255
0 0.23764801959983667 0.09700315457413249 0.24908125765618622 0.09700315457413249 0.24908125765618622 0.11829652996845426 0.23764801959983667 0.11829652996845426
0 0.4495712535728869 0.17429022082018927 0.46182115149040426 0.17429022082018927 0.46182115149040426 0.1971608832807571 0.4495712535728869 0.1971608832807571
0 0.449162923642303 0.09621451104100946 0.46182115149040426 0.09621451104100946 0.46182115149040426 0.1198738170347003 0.449162923642303 0.1198738170347003
0 0.449162923642303 0.6703470031545741 0.46182115149040426 0.6703470031545741 0.46182115149040426 0.693217665615142 0.449162923642303 0.693217665615142
0 0.44997958350347084 0.6293375394321766 0.46100449162923646 0.6293375394321766 0.46100449162923646 0.6498422712933754 0.44997958350347084 0.6498422712933754
0 0.31727235606369947 0.17350157728706625 0.32911392405063294 0.17350157728706625 0.32911392405063294 0.1971608832807571 0.31727235606369947 0.1971608832807571
0 0.449162923642303 0.7823343848580442 0.46182115149040426 0.7823343848580442 0.46182115149040426 0.804416403785489 0.449162923642303 0.804416403785489
0 0.5618619844834627 0.09621451104100946 0.5732952225398122 0.09621451104100946 0.5732952225398122 0.11908517350157728 0.5618619844834627 0.11908517350157728
1 0.2801143323805635 0.6742902208201893 0.29154757043691304 0.6742902208201893 0.29154757043691304 0.6971608832807571 0.2801143323805635 0.6971608832807571
1 0.23723968966925277 0.044952681388012616 0.24948958758677012 0.044952681388012616 0.24948958758677012 0.0694006309148265 0.23723968966925277 0.0694006309148265
1 0.44997958350347084 0.044952681388012616 0.4622294814209882 0.044952681388012616 0.4622294814209882 0.0694006309148265 0.44997958350347084 0.0694006309148265
1 0.16251531237239691 0.044952681388012616 0.17476521028991426 0.044952681388012616 0.17476521028991426 0.0694006309148265 0.16251531237239691 0.0694006309148265
0 0.23683135973866887 0.3777602523659306 0.24948958758677012 0.3777602523659306 0.24948958758677012 0.4022082018927445 0.23683135973866887 0.4022082018927445
0 0.16292364230298081 0.37933753943217663 0.17476521028991426 0.37933753943217663 0.17476521028991426 0.4022082018927445 0.16292364230298081 0.4022082018927445
0 0.36055532870559415 0.09384858044164038 0.3736218864842793 0.09384858044164038 0.3736218864842793 0.11908517350157728 0.36055532870559415 0.11908517350157728
0 0.3609636586361781 0.6269716088328076 0.3732135565536954 0.6269716088328076 0.3732135565536954 0.6514195583596214 0.3609636586361781 0.6514195583596214
1 0.5389955083707636 0.6317034700315457 0.551245406288281 0.6317034700315457 0.551245406288281 0.6537854889589905 0.5389955083707636 0.6537854889589905
1 0.49244589628419766 0.17902208201892744 0.5038791343405472 0.17902208201892744 0.5038791343405472 0.20110410094637224 0.49244589628419766 0.20110410094637224
1 0.7149857084524296 0.5149842271293376 0.727235606369947 0.5149842271293376 0.727235606369947 0.5386435331230284 0.7149857084524296 0.5386435331230284
1 0.6704777460187832 0.044952681388012616 0.6823193140057167 0.044952681388012616 0.6823193140057167 0.0694006309148265 0.6704777460187832 0.0694006309148265
1 0.5614536545528788 0.044952681388012616 0.5737035524703961 0.044952681388012616 0.5737035524703961 0.0694006309148265 0.5614536545528788 0.0694006309148265
0 0.3593303389138424 0.8659305993690851 0.3728052266231115 0.8659305993690851 0.3728052266231115 0.8919558359621451 0.3593303389138424 0.8919558359621451
2 0.9138423846467947 0.334384858044164 0.9236423029808085 0.334384858044164 0.9236423029808085 0.35252365930599366 0.9138423846467947 0.35252365930599366
0 0.3609636586361781 0.6703470031545741 0.3728052266231115 0.6703470031545741 0.3728052266231115 0.694006309148265 0.3609636586361781 0.694006309148265
0 0.3609636586361781 0.17350157728706625 0.3728052266231115 0.17350157728706625 0.3728052266231115 0.1971608832807571 0.3609636586361781 0.1971608832807571
2 0.0657411188240098 0.5165615141955836 0.07554103715802368 0.5165615141955836 0.07554103715802368 0.5362776025236593 0.0657411188240098 0.5362776025236593
1 0.36055532870559415 0.38170347003154576 0.3732135565536954 0.38170347003154576 0.3732135565536954 0.40772870662460564 0.36055532870559415 0.40772870662460564
1 0.3180890159248673 0.10094637223974763 0.32911392405063294 0.10094637223974763 0.32911392405063294 0.12223974763406939 0.3180890159248673 0.12223974763406939
0 0.36137198856676195 0.7815457413249212 0.3728052266231115 0.7815457413249212 0.3728052266231115 0.8036277602523659 0.36137198856676195 0.8036277602523659
2 0.2821559820334831 0.9321766561514195 0.2903225806451613 0.9321766561514195 0.2903225806451613 0.9471608832807571 0.2821559820334831 0.9471608832807571
2 0.16292364230298081 0.18533123028391166 0.17394855042874643 0.18533123028391166 0.17394855042874643 0.20662460567823343 0.16292364230298081 0.20662460567823343
1 0.6696610861576154 0.33280757097791797 0.6823193140057167 0.33280757097791797 0.6823193140057167 0.35725552050473186 0.6696610861576154 0.35725552050473186
1 0.5610453246222948 0.4384858044164038 0.57411188240098 0.4384858044164038 0.57411188240098 0.4629337539432177 0.5610453246222948 0.4629337539432177
1 0.3597386688444263 0.044952681388012616 0.3719885667619437 0.044952681388012616 0.3719885667619437 0.0694006309148265 0.3597386688444263 0.0694006309148265
2 0.5410371580236831 0.9321766561514195 0.5492037566353614 0.9321766561514195 0.5492037566353614 0.9471608832807571 0.5410371580236831 0.9471608832807571
2 0.4516129032258065 0.9313880126182965 0.4601878317680686 0.9313880126182965 0.4601878317680686 0.9471608832807571 0.4516129032258065 0.9471608832807571
2 0.45038791343405477 0.44558359621451105 0.46059616169865253 0.44558359621451105 0.46059616169865253 0.4645110410094637 0.45038791343405477 0.4645110410094637
2 0.2384646794610045 0.25946372239747634 0.2478562678644345 0.25946372239747634 0.2478562678644345 0.277602523659306 0.2384646794610045 0.277602523659306
2 0.21559820334830543 0.10173501577287065 0.2245814618211515 0.10173501577287065 0.2245814618211515 0.11829652996845426 0.21559820334830543 0.11829652996845426
2 0.29073091057574524 0.1805993690851735 0.29889750918742347 0.1805993690851735 0.29889750918742347 0.1971608832807571 0.29073091057574524 0.1971608832807571
2 0.3630053082890976 0.9313880126182965 0.37158023683135977 0.9313880126182965 0.37158023683135977 0.9471608832807571 0.3630053082890976 0.9471608832807571
2 0.9142507145773786 0.6151419558359621 0.9236423029808085 0.6151419558359621 0.9236423029808085 0.6340694006309148 0.9142507145773786 0.6340694006309148
2 0.8248264597795019 0.6151419558359621 0.833401388321764 0.6151419558359621 0.833401388321764 0.6332807570977917 0.8248264597795019 0.6332807570977917
2 0.8244181298489179 0.6719242902208201 0.8374846876276032 0.6719242902208201 0.8374846876276032 0.693217665615142 0.8244181298489179 0.693217665615142
2 0.912209064924459 0.6742902208201893 0.9277256022866477 0.6742902208201893 0.9277256022866477 0.695583596214511 0.912209064924459 0.695583596214511
