2 0.7799401197604791 0.6085164835164835 0.7934131736526946 0.6085164835164835 0.7934131736526946 0.6332417582417582 0.7799401197604791 0.6332417582417582
1 0.5726047904191617 0.6593406593406592 0.5868263473053892 0.6593406593406592 0.5868263473053892 0.6854395604395603 0.5726047904191617 0.6854395604395603
1 0.7799401197604791 0.5315934065934066 0.7949101796407185 0.5315934065934066 0.7949101796407185 0.5590659340659341 0.7799401197604791 0.5590659340659341
1 0.7791916167664671 0.3269230769230769 0.7934131736526946 0.3269230769230769 0.7934131736526946 0.3543956043956044 0.7791916167664671 0.3543956043956044
1 0.3660179640718562 0.7554945054945054 0.37949101796407175 0.7554945054945054 0.37949101796407175 0.7815934065934065 0.3660179640718562 0.7815934065934065
1 0.32934131736526945 0.33104395604395603 0.34281437125748504 0.33104395604395603 0.34281437125748504 0.3543956043956044 0.32934131736526945 0.3543956043956044
1 0.08383233532934131 0.20192307692307693 0.09805389221556886 0.20192307692307693 0.09805389221556886 0.22802197802197802 0.08383233532934131 0.22802197802197802
2 0.5726047904191617 0.6085164835164835 0.5868263473053892 0.6085164835164835 0.5868263473053892 0.6346153846153846 0.5726047904191617 0.6346153846153846
1 0.7799401197604791 0.7541208791208791 0.7941616766467066 0.7541208791208791 0.7941616766467066 0.7815934065934066 0.7799401197604791 0.7815934065934066
1 0.2634730538922156 0.8832417582417582 0.2784431137724551 0.8832417582417582 0.2784431137724551 0.9120879120879121 0.2634730538922156 0.9120879120879121
1 0.5748502994011976 0.8832417582417582 0.5890718562874252 0.8832417582417582 0.5890718562874252 0.9107142857142857 0.5748502994011976 0.9107142857142857
1 0.26422155688622756 0.4258241758241759 0.27694610778443113 0.4258241758241759 0.27694610778443113 0.4505494505494506 0.26422155688622756 0.4505494505494506
1 0.01721556886227545 0.29532967032967034 0.03143712574850299 0.29532967032967034 0.03143712574850299 0.3228021978021978 0.01721556886227545 0.3228021978021978
1 0.1467065868263473 0.050824175824175824 0.16092814371257486 0.050824175824175824 0.16092814371257486 0.07554945054945054 0.1467065868263473 0.07554945054945054
1 0.9288922155688623 0.6098901098901099 0.9423652694610778 0.6098901098901099 0.9423652694610778 0.6346153846153847 0.9288922155688623 0.6346153846153847
1 0.5022455089820359 0.04945054945054945 0.5172155688622755 0.04945054945054945 0.5172155688622755 0.07692307692307693 0.5022455089820359 0.07692307692307693
1 0.1467065868263473 0.4697802197802198 0.1601796407185629 0.4697802197802198 0.1601796407185629 0.4958791208791209 0.1467065868263473 0.4958791208791209
1 0.26422155688622756 0.050824175824175824 0.2776946107784431 0.050824175824175824 0.2776946107784431 0.07554945054945054 0.26422155688622756 0.07554945054945054
1 0.14595808383233533 0.8832417582417582 0.16092814371257486 0.8832417582417582 0.16092814371257486 0.9107142857142857 0.14595808383233533 0.9107142857142857
1 0.5014970059880239 0.3914835164835165 0.5164670658682635 0.3914835164835165 0.5164670658682635 0.41895604395604397 0.5014970059880239 0.41895604395604397
1 0.8660179640718563 0.6071428571428571 0.8802395209580839 0.6071428571428571 0.8802395209580839 0.6346153846153846 0.8660179640718563 0.6346153846153846
1 0.43188622754491024 0.8832417582417582 0.4461077844311378 0.8832417582417582 0.4461077844311378 0.9107142857142857 0.43188622754491024 0.9107142857142857
1 0.43263473053892215 0.6593406593406592 0.4468562874251497 0.6593406593406592 0.4468562874251497 0.6854395604395603 0.43263473053892215 0.6854395604395603
1 0.6392215568862275 0.7541208791208791 0.6534431137724551 0.7541208791208791 0.6534431137724551 0.7802197802197802 0.6392215568862275 0.7802197802197802
2 0.5022455089820359 0.3269230769230769 0.5164670658682635 0.3269230769230769 0.5164670658682635 0.3543956043956044 0.5022455089820359 0.3543956043956044
2 0.43188622754491024 0.6098901098901099 0.4461077844311378 0.6098901098901099 0.4461077844311378 0.6332417582417583 0.43188622754491024 0.6332417582417583
2 0.26422155688622756 0.2032967032967033 0.27694610778443113 0.2032967032967033 0.27694610778443113 0.22664835164835165 0.26422155688622756 0.22664835164835165
