0 0.3981797497155859 0.5048169556840078 0.4209328782707622 0.5048169556840078 0.4209328782707622 0.5394990366088632 0.3981797497155859 0.5394990366088632
0 0.5563139931740614 0.5048169556840078 0.5779294653014789 0.5048169556840078 0.5779294653014789 0.5394990366088632 0.5563139931740614 0.5394990366088632
0 0.2514220705346985 0.3198458574181117 0.27303754266211605 0.3198458574181117 0.27303754266211605 0.35452793834296725 0.2514220705346985 0.35452793834296725
1 0.4812286689419795 0.9036608863198459 0.4937428896473265 0.9036608863198459 0.4937428896473265 0.9248554913294798 0.4812286689419795 0.9248554913294798
2 0.2571103526734926 0.04816955684007707 0.26962457337883955 0.04816955684007707 0.26962457337883955 0.0674373795761079 0.2571103526734926 0.0674373795761079
1 0.1149032992036405 0.7360308285163777 0.1296928327645051 0.7360308285163777 0.1296928327645051 0.7591522157996147 0.1149032992036405 0.7591522157996147
1 0.25597269624573377 0.22736030828516376 0.2707622298065984 0.22736030828516376 0.2707622298065984 0.2524084778420039 0.25597269624573377 0.2524084778420039
2 0.4812286689419795 0.7013487475915221 0.4937428896473265 0.7013487475915221 0.4937428896473265 0.7186897880539499 0.4812286689419795 0.7186897880539499
1 0.18657565415244595 0.8073217726396917 0.20136518771331058 0.8073217726396917 0.20136518771331058 0.8323699421965318 0.18657565415244595 0.8323699421965318
2 0.3401592718998862 0.14065510597302505 0.35381114903299204 0.14065510597302505 0.35381114903299204 0.16184971098265896 0.3401592718998862 0.16184971098265896
1 0.40273037542662116 0.32947976878612717 0.41751990898748575 0.32947976878612717 0.41751990898748575 0.35452793834296725 0.40273037542662116 0.35452793834296725
1 0.7736063708759954 0.6897880539499036 0.7895335608646188 0.6897880539499036 0.7895335608646188 0.7167630057803468 0.7736063708759954 0.7167630057803468
2 0.19453924914675766 0.32755298651252407 0.20932878270762229 0.32755298651252407 0.20932878270762229 0.35260115606936415 0.19453924914675766 0.35260115606936415
1 0.7747440273037542 0.32947976878612717 0.7895335608646188 0.32947976878612717 0.7895335608646188 0.35260115606936415 0.7747440273037542 0.35260115606936415
2 0.11604095563139931 0.32755298651252407 0.1296928327645051 0.32755298651252407 0.1296928327645051 0.35260115606936415 0.11604095563139931 0.35260115606936415
1 0.2582480091012514 0.9017341040462428 0.27189988623435724 0.9017341040462428 0.27189988623435724 0.9248554913294798 0.2582480091012514 0.9248554913294798
2 0.4630261660978384 0.41040462427745666 0.4766780432309442 0.41040462427745666 0.4766780432309442 0.43352601156069365 0.4630261660978384 0.43352601156069365
1 0.5597269624573379 0.2119460500963391 0.5745164960182024 0.2119460500963391 0.5745164960182024 0.23892100192678228 0.5597269624573379 0.23892100192678228
1 0.8521046643913538 0.33140655105973027 0.8668941979522183 0.33140655105973027 0.8668941979522183 0.35452793834296725 0.8521046643913538 0.35452793834296725
2 0.5597269624573379 0.04431599229287091 0.5756541524459613 0.04431599229287091 0.5756541524459613 0.07129094412331406 0.5597269624573379 0.07129094412331406
1 0.7747440273037542 0.5105973025048169 0.7906712172923777 0.5105973025048169 0.7906712172923777 0.5375722543352601 0.7747440273037542 0.5375722543352601
