1 0.19230769230769235 0.3719676549865229 0.20489510489510493 0.3719676549865229 0.20489510489510493 0.39622641509433965 0.19230769230769235 0.39622641509433965
1 0.31888111888111886 0.408355795148248 0.33076923076923076 0.408355795148248 0.33076923076923076 0.431266846361186 0.31888111888111886 0.431266846361186
1 0.0993006993006993 0.6495956873315365 0.11188811188811189 0.6495956873315365 0.11188811188811189 0.6725067385444745 0.0993006993006993 0.6725067385444745
1 0.35454545454545455 0.5916442048517521 0.36643356643356645 0.5916442048517521 0.36643356643356645 0.6145552560646901 0.35454545454545455 0.6145552560646901
1 0.19230769230769235 0.408355795148248 0.20489510489510493 0.408355795148248 0.20489510489510493 0.431266846361186 0.19230769230769235 0.431266846361186
1 0.7587412587412588 0.4177897574123988 0.76993006993007 0.4177897574123988 0.76993006993007 0.44070080862533684 0.7587412587412588 0.44070080862533684
2 0.193006993006993 0.4380053908355795 0.2048951048951049 0.4380053908355795 0.2048951048951049 0.46226415094339623 0.193006993006993 0.46226415094339623
2 0.23146853146853147 0.6482479784366578 0.24475524475524477 0.6482479784366578 0.24475524475524477 0.6725067385444745 0.23146853146853147 0.6725067385444745
2 0.8398601398601399 0.5377358490566038 0.8517482517482518 0.5377358490566038 0.8517482517482518 0.5619946091644205 0.8398601398601399 0.5619946091644205
2 0.15384615384615385 0.6495956873315365 0.16503496503496504 0.6495956873315365 0.16503496503496504 0.6711590296495957 0.15384615384615385 0.6711590296495957
1 0.3944055944055944 0.408355795148248 0.406993006993007 0.408355795148248 0.406993006993007 0.431266846361186 0.3944055944055944 0.431266846361186
1 0.3181818181818182 0.24797843665768193 0.33076923076923076 0.24797843665768193 0.33076923076923076 0.27088948787061995 0.3181818181818182 0.27088948787061995
2 0.7580419580419578 0.5404312668463612 0.769230769230769 0.5404312668463612 0.769230769230769 0.5606469002695419 0.7580419580419578 0.5606469002695419
1 0.11678321678321678 0.408355795148248 0.12867132867132866 0.408355795148248 0.12867132867132866 0.431266846361186 0.11678321678321678 0.431266846361186
2 0.39510489510489516 0.43935309973045816 0.40699300699300706 0.43935309973045816 0.40699300699300706 0.46091644204851745 0.39510489510489516 0.46091644204851745
1 0.3195804195804196 0.43935309973045816 0.33006993006993013 0.43935309973045816 0.33006993006993013 0.46091644204851745 0.3195804195804196 0.46091644204851745
1 0.7986013986013986 0.6873315363881402 0.8104895104895105 0.6873315363881402 0.8104895104895105 0.7102425876010782 0.7986013986013986 0.7102425876010782
1 0.5832167832167832 0.4420485175202156 0.5958041958041957 0.4420485175202156 0.5958041958041957 0.46495956873315364 0.5832167832167832 0.46495956873315364
2 0.3552447552447553 0.6495956873315365 0.3657342657342657 0.6495956873315365 0.3657342657342657 0.6711590296495957 0.3552447552447553 0.6711590296495957
1 0.5076923076923077 0.37601078167115903 0.5195804195804196 0.37601078167115903 0.5195804195804196 0.39892183288409705 0.5076923076923077 0.39892183288409705
1 0.8524475524475524 0.7722371967654986 0.865034965034965 0.7722371967654986 0.865034965034965 0.7964959568733153 0.8524475524475524 0.7964959568733153
1 0.39510489510489516 0.37331536388140163 0.40699300699300706 0.37331536388140163 0.40699300699300706 0.3948787061994609 0.39510489510489516 0.3948787061994609
1 0.35874125874125873 0.24663072776280323 0.36993006993006994 0.24663072776280323 0.36993006993006994 0.2695417789757412 0.35874125874125873 0.2695417789757412
1 0.193006993006993 0.24797843665768193 0.2048951048951049 0.24797843665768193 0.2048951048951049 0.27088948787061995 0.193006993006993 0.27088948787061995
1 0.15314685314685314 0.5916442048517521 0.16573426573426572 0.5916442048517521 0.16573426573426572 0.6145552560646901 0.15314685314685314 0.6145552560646901
1 0.8391608391608392 0.37601078167115903 0.8510489510489511 0.37601078167115903 0.8510489510489511 0.39892183288409705 0.8391608391608392 0.39892183288409705
1 0.6398601398601399 0.37601078167115903 0.6517482517482518 0.37601078167115903 0.6517482517482518 0.39892183288409705 0.6398601398601399 0.39892183288409705
2 0.9013986013986013 0.37601078167115903 0.9125874125874124 0.37601078167115903 0.9125874125874124 0.39892183288409705 0.9013986013986013 0.39892183288409705
1 0.39510489510489516 0.24797843665768193 0.40629370629370637 0.24797843665768193 0.40629370629370637 0.2695417789757412 0.39510489510489516 0.2695417789757412
1 0.11678321678321678 0.43935309973045816 0.12867132867132866 0.43935309973045816 0.12867132867132866 0.4622641509433961 0.11678321678321678 0.4622641509433961
2 0.544055944055944 0.6212938005390836 0.5559440559440559 0.6212938005390836 0.5559440559440559 0.6428571428571429 0.544055944055944 0.6428571428571429
2 0.3552447552447553 0.6212938005390836 0.3657342657342657 0.6212938005390836 0.3657342657342657 0.6428571428571429 0.3552447552447553 0.6428571428571429
2 0.8391608391608392 0.4164420485175202 0.8510489510489511 0.4164420485175202 0.8510489510489511 0.4393530997304582 0.8391608391608392 0.4393530997304582
1 0.06853146853146853 0.5175202156334232 0.08041958041958042 0.5175202156334232 0.08041958041958042 0.5404312668463612 0.06853146853146853 0.5404312668463612
2 0.5832167832167832 0.37601078167115903 0.5958041958041957 0.37601078167115903 0.5958041958041957 0.39892183288409705 0.5832167832167832 0.39892183288409705
1 0.1 0.7008086253369272 0.11118881118881119 0.7008086253369272 0.11118881118881119 0.7223719676549866 0.1 0.7223719676549866
1 0.5447552447552447 0.5916442048517521 0.5559440559440559 0.5916442048517521 0.5559440559440559 0.6145552560646901 0.5447552447552447 0.6145552560646901
1 0.5076923076923077 0.24797843665768193 0.5195804195804196 0.24797843665768193 0.5195804195804196 0.27088948787061995 0.5076923076923077 0.27088948787061995
1 0.6972027972027972 0.24932614555256064 0.7083916083916084 0.24932614555256064 0.7083916083916084 0.2695417789757412 0.6972027972027972 0.2695417789757412
1 0.6398601398601399 0.44339622641509435 0.6517482517482518 0.44339622641509435 0.6517482517482518 0.46630727762803237 0.6398601398601399 0.46630727762803237
1 0.583916083916084 0.24797843665768193 0.5958041958041959 0.24797843665768193 0.5958041958041959 0.27088948787061995 0.583916083916084 0.27088948787061995
2 0.9006993006993007 0.4164420485175202 0.9125874125874126 0.4164420485175202 0.9125874125874126 0.44070080862533695 0.9006993006993007 0.44070080862533695
1 0.04755244755244755 0.6495956873315365 0.05874125874125874 0.6495956873315365 0.05874125874125874 0.6711590296495957 0.04755244755244755 0.6711590296495957
1 0.8398601398601399 0.24932614555256064 0.8510489510489511 0.24932614555256064 0.8510489510489511 0.2695417789757412 0.8398601398601399 0.2695417789757412
1 0.9062937062937063 0.7223719676549866 0.9174825174825175 0.7223719676549866 0.9174825174825175 0.7439353099730458 0.9062937062937063 0.7439353099730458
2 0.35874125874125873 0.20350404312668463 0.36993006993006994 0.20350404312668463 0.36993006993006994 0.22506738544474394 0.35874125874125873 0.22506738544474394
2 0.6405594405594406 0.24797843665768193 0.651048951048951 0.24797843665768193 0.651048951048951 0.2695417789757412 0.6405594405594406 0.2695417789757412
1 0.3013986013986014 0.6495956873315365 0.3132867132867133 0.6495956873315365 0.3132867132867133 0.6711590296495957 0.3013986013986014 0.6711590296495957
1 0.7587412587412588 0.24932614555256064 0.76993006993007 0.24932614555256064 0.76993006993007 0.2695417789757412 0.7587412587412588 0.2695417789757412
1 0.23286713286713287 0.5175202156334232 0.24545454545454545 0.5175202156334232 0.24545454545454545 0.5417789757412399 0.23286713286713287 0.5417789757412399
1 0.6027972027972028 0.9892183288409704 0.6132867132867132 0.9892183288409704 0.6132867132867132 1.0 0.6027972027972028 1.0
