0 0.2317241379310345 0.12135176651305683 0.263448275862069 0.12135176651305683 0.263448275862069 0.16282642089093702 0.2317241379310345 0.16282642089093702
1 0.757241379310345 0.4208909370199694 0.7765517241379312 0.4208909370199694 0.7765517241379312 0.4423963133640554 0.757241379310345 0.4423963133640554
0 0.2317241379310345 0.4116743471582181 0.263448275862069 0.4116743471582181 0.263448275862069 0.45314900153609833 0.2317241379310345 0.45314900153609833
2 0.3737931034482759 0.130568356374808 0.3903448275862069 0.130568356374808 0.3903448275862069 0.1490015360983103 0.3737931034482759 0.1490015360983103
2 0.37241379310344835 0.09062980030721966 0.39172413793103456 0.09062980030721966 0.39172413793103456 0.11059907834101383 0.37241379310344835 0.11059907834101383
2 0.6841379310344827 0.04915514592933948 0.7034482758620689 0.04915514592933948 0.7034482758620689 0.06912442396313365 0.6841379310344827 0.06912442396313365
1 0.6841379310344827 0.4930875576036866 0.7034482758620689 0.4930875576036866 0.7034482758620689 0.5145929339477726 0.6841379310344827 0.5145929339477726
0 0.4496551724137931 0.12135176651305683 0.48137931034482756 0.12135176651305683 0.48137931034482756 0.16282642089093702 0.4496551724137931 0.16282642089093702
0 0.6731034482758621 0.1228878648233487 0.7034482758620689 0.1228878648233487 0.7034482758620689 0.16129032258064516 0.6731034482758621 0.16129032258064516
2 0.463448275862069 0.04915514592933948 0.48137931034482756 0.04915514592933948 0.48137931034482756 0.06912442396313365 0.463448275862069 0.06912442396313365
2 0.5379310344827586 0.4208909370199694 0.5558620689655173 0.4208909370199694 0.5558620689655173 0.43932411674347166 0.5379310344827586 0.43932411674347166
2 0.5379310344827586 0.13210445468509985 0.5558620689655173 0.13210445468509985 0.5558620689655173 0.15053763440860216 0.5379310344827586 0.15053763440860216
2 0.7544827586206897 0.7880184331797235 0.7751724137931034 0.7880184331797235 0.7751724137931034 0.8110599078341014 0.7544827586206897 0.8110599078341014
0 0.6731034482758621 0.41321044546851 0.7034482758620689 0.41321044546851 0.7034482758620689 0.45314900153609833 0.6731034482758621 0.45314900153609833
2 0.24275862068965515 0.047619047619047616 0.26206896551724135 0.047619047619047616 0.26206896551724135 0.06912442396313365 0.24275862068965515 0.06912442396313365
0 0.4496551724137931 0.4116743471582181 0.4827586206896552 0.4116743471582181 0.4827586206896552 0.45314900153609833 0.4496551724137931 0.45314900153609833
2 0.463448275862069 0.4930875576036866 0.48137931034482756 0.4930875576036866 0.48137931034482756 0.511520737327189 0.463448275862069 0.511520737327189
2 0.7558620689655171 0.5483870967741935 0.7737931034482757 0.5483870967741935 0.7737931034482757 0.5683563748079877 0.7558620689655171 0.5683563748079877
2 0.24275862068965515 0.4915514592933948 0.26206896551724135 0.4915514592933948 0.26206896551724135 0.511520737327189 0.24275862068965515 0.511520737327189
2 0.31724137931034485 0.13210445468509985 0.3351724137931035 0.13210445468509985 0.3351724137931035 0.15053763440860216 0.31724137931034485 0.15053763440860216
2 0.31724137931034485 0.4208909370199694 0.3351724137931035 0.4208909370199694 0.3351724137931035 0.44086021505376355 0.31724137931034485 0.44086021505376355
2 0.7558620689655171 0.9047619047619048 0.7765517241379308 0.9047619047619048 0.7765517241379308 0.9278033794162827 0.7558620689655171 0.9278033794162827
2 0.7544827586206897 0.6697388632872504 0.7751724137931034 0.6697388632872504 0.7751724137931034 0.6897081413210445 0.7544827586206897 0.6897081413210445
