1 0.3055555555555556 0.6666666666666665 0.33564814814814814 0.6666666666666665 0.33564814814814814 0.7060606060606058 0.3055555555555556 0.7060606060606058
1 0.11574074074074074 0.8787878787878788 0.14351851851851852 0.8787878787878788 0.14351851851851852 0.9151515151515152 0.11574074074074074 0.9151515151515152
2 0.6828703703703703 0.5818181818181818 0.7083333333333334 0.5818181818181818 0.7083333333333334 0.6151515151515151 0.6828703703703703 0.6151515151515151
1 0.3680555555555556 0.8727272727272727 0.40046296296296297 0.8727272727272727 0.40046296296296297 0.9151515151515152 0.3680555555555556 0.9151515151515152
1 0.3726851851851852 0.3818181818181819 0.39814814814814814 0.3818181818181819 0.39814814814814814 0.4151515151515152 0.3726851851851852 0.4151515151515152
1 0.30324074074074076 0.8727272727272727 0.33796296296296297 0.8727272727272727 0.33796296296296297 0.9151515151515152 0.30324074074074076 0.9151515151515152
1 0.6805555555555556 0.8727272727272727 0.7106481481481481 0.8727272727272727 0.7106481481481481 0.9151515151515152 0.6805555555555556 0.9151515151515152
1 0.6828703703703703 0.46060606060606063 0.7106481481481481 0.46060606060606063 0.7106481481481481 0.49696969696969695 0.6828703703703703 0.49696969696969695
1 0.5046296296296297 0.8757575757575757 0.5347222222222222 0.8757575757575757 0.5347222222222222 0.9151515151515152 0.5046296296296297 0.9151515151515152
1 0.7754629629629629 0.11212121212121212 0.8032407407407407 0.11212121212121212 0.8032407407407407 0.14545454545454545 0.7754629629629629 0.14545454545454545
1 0.18518518518518523 0.8757575757575757 0.21759259259259262 0.8757575757575757 0.21759259259259262 0.9151515151515152 0.18518518518518523 0.9151515151515152
1 0.5069444444444444 0.26666666666666666 0.5393518518518519 0.26666666666666666 0.5393518518518519 0.3090909090909091 0.5069444444444444 0.3090909090909091
1 0.5949074074074074 0.8727272727272727 0.6319444444444444 0.8727272727272727 0.6319444444444444 0.9181818181818182 0.5949074074074074 0.9181818181818182
1 0.5069444444444444 0.5424242424242425 0.5347222222222222 0.5424242424242425 0.5347222222222222 0.5787878787878789 0.5069444444444444 0.5787878787878789
1 0.8379629629629629 0.8787878787878788 0.8634259259259259 0.8787878787878788 0.8634259259259259 0.9151515151515152 0.8379629629629629 0.9151515151515152
2 0.3726851851851852 0.6666666666666665 0.39814814814814814 0.6666666666666665 0.39814814814814814 0.6999999999999998 0.3726851851851852 0.6999999999999998
1 0.6828703703703703 0.11212121212121212 0.7106481481481481 0.11212121212121212 0.7106481481481481 0.1484848484848485 0.6828703703703703 0.1484848484848485
1 0.22453703703703703 0.5909090909090909 0.2523148148148148 0.5909090909090909 0.2523148148148148 0.6272727272727273 0.22453703703703703 0.6272727272727273
1 0.1875 0.11212121212121212 0.21296296296296297 0.11212121212121212 0.21296296296296297 0.14545454545454545 0.1875 0.14545454545454545
1 0.5046296296296297 0.11212121212121212 0.5347222222222222 0.11212121212121212 0.5347222222222222 0.1484848484848485 0.5046296296296297 0.1484848484848485
2 0.18981481481481477 0.593939393939394 0.21527777777777773 0.593939393939394 0.21527777777777773 0.6272727272727273 0.18981481481481477 0.6272727272727273
1 0.6828703703703703 0.37878787878787873 0.7106481481481481 0.37878787878787873 0.7106481481481481 0.41515151515151516 0.6828703703703703 0.41515151515151516
1 0.5972222222222222 0.5818181818181818 0.6226851851851852 0.5818181818181818 0.6226851851851852 0.6151515151515151 0.5972222222222222 0.6151515151515151
1 0.42361111111111105 0.6606060606060606 0.45138888888888884 0.6606060606060606 0.45138888888888884 0.7 0.42361111111111105 0.7
1 0.5995370370370371 0.6696969696969697 0.625 0.6696969696969697 0.625 0.703030303030303 0.5995370370370371 0.703030303030303
2 0.5092592592592593 0.3818181818181819 0.5347222222222223 0.3818181818181819 0.5347222222222223 0.4121212121212122 0.5092592592592593 0.4121212121212122
