2 0.39885714285714285 0.254601226993865 0.41485714285714287 0.254601226993865 0.41485714285714287 0.30061349693251527 0.39885714285714285 0.30061349693251527
1 0.3314285714285714 0.254601226993865 0.35085714285714287 0.254601226993865 0.35085714285714287 0.303680981595092 0.3314285714285714 0.303680981595092
1 0.6662857142857141 0.25153374233128833 0.6868571428571427 0.25153374233128833 0.6868571428571427 0.3067484662576687 0.6662857142857141 0.3067484662576687
1 0.3314285714285714 0.35889570552147243 0.35085714285714287 0.35889570552147243 0.35085714285714287 0.4110429447852761 0.3314285714285714 0.4110429447852761
1 0.9131428571428571 0.4601226993865031 0.9325714285714286 0.4601226993865031 0.9325714285714286 0.5122699386503068 0.9131428571428571 0.5122699386503068
1 0.7691428571428571 0.25153374233128833 0.7908571428571428 0.25153374233128833 0.7908571428571428 0.3067484662576687 0.7691428571428571 0.3067484662576687
1 0.5234285714285715 0.5153374233128835 0.544 0.5153374233128835 0.544 0.5674846625766872 0.5234285714285715 0.5674846625766872
1 0.18514285714285714 0.35889570552147243 0.20457142857142857 0.35889570552147243 0.20457142857142857 0.4110429447852761 0.18514285714285714 0.4110429447852761
1 0.5234285714285715 0.25153374233128833 0.544 0.25153374233128833 0.544 0.3067484662576687 0.5234285714285715 0.3067484662576687
1 0.3325714285714286 0.5674846625766872 0.3497142857142857 0.5674846625766872 0.3497142857142857 0.6165644171779142 0.3325714285714286 0.6165644171779142
1 0.18628571428571428 0.5153374233128835 0.20457142857142857 0.5153374233128835 0.20457142857142857 0.5644171779141104 0.18628571428571428 0.5644171779141104
