1 0.32113341204250295 0.5467032967032966 0.3364817001180638 0.5467032967032966 0.3364817001180638 0.5796703296703296 0.32113341204250295 0.5796703296703296
1 0.8748524203069656 0.37637362637362637 0.8913813459268003 0.37637362637362637 0.8913813459268003 0.41208791208791207 0.8748524203069656 0.41208791208791207
1 0.31995277449822906 0.9340659340659339 0.3364817001180638 0.9340659340659339 0.3364817001180638 0.9752747252747251 0.31995277449822906 0.9752747252747251
1 0.8748524203069656 0.23626373626373623 0.8913813459268003 0.23626373626373623 0.8913813459268003 0.2747252747252747 0.8748524203069656 0.2747252747252747
1 0.8748524203069656 0.5467032967032966 0.8902007083825264 0.5467032967032966 0.8902007083825264 0.5824175824175823 0.8748524203069656 0.5824175824175823
1 0.6458087367178277 0.5439560439560439 0.6623376623376623 0.5439560439560439 0.6623376623376623 0.5796703296703296 0.6458087367178277 0.5796703296703296
1 0.8748524203069656 0.9340659340659339 0.8913813459268003 0.9340659340659339 0.8913813459268003 0.9752747252747251 0.8748524203069656 0.9752747252747251
1 0.743801652892562 0.5467032967032966 0.7579693034238488 0.5467032967032966 0.7579693034238488 0.5796703296703296 0.743801652892562 0.5796703296703296
1 0.525383707201889 0.5467032967032966 0.5395513577331759 0.5467032967032966 0.5395513577331759 0.5796703296703296 0.525383707201889 0.5796703296703296
1 0.7414403778040142 0.9340659340659339 0.7591499409681228 0.9340659340659339 0.7591499409681228 0.9725274725274724 0.7414403778040142 0.9725274725274724
1 0.525383707201889 0.9340659340659339 0.5419126328217236 0.9340659340659339 0.5419126328217236 0.9752747252747251 0.525383707201889 0.9752747252747251
1 0.2255017709563164 0.5439560439560439 0.2396694214876033 0.5439560439560439 0.2396694214876033 0.5796703296703296 0.2255017709563164 0.5796703296703296
1 0.42857142857142855 0.5439560439560439 0.44391971664698937 0.5439560439560439 0.44391971664698937 0.5796703296703296 0.42857142857142855 0.5796703296703296
