1 0.8437651625424551 0.43318269851517105 0.8719068413391557 0.43318269851517105 0.8719068413391557 0.46998063266623624 0.8437651625424551 0.46998063266623624
1 0.4303736050460941 0.7114267269205938 0.4570596797671033 0.7114267269205938 0.4570596797671033 0.7475790832795352 0.4303736050460941 0.7475790832795352
1 0.2726831635128578 0.5397030342156229 0.29839883551673946 0.5397030342156229 0.29839883551673946 0.5745642349903163 0.2726831635128578 0.5745642349903163
1 0.5531295487627366 0.5403486120077469 0.5807860262008734 0.5403486120077469 0.5807860262008734 0.577792123950936 0.5531295487627366 0.577792123950936
1 0.27219796215429404 0.4157520981278244 0.29839883551673946 0.4157520981278244 0.29839883551673946 0.4499677211103938 0.27219796215429404 0.4499677211103938
1 0.019408054342552158 0.21174951581665588 0.046094129063561376 0.21174951581665588 0.046094129063561376 0.24725629438347319 0.019408054342552158 0.24725629438347319
1 0.1096555070354197 0.10716591349257584 0.1358563803978651 0.10716591349257584 0.1358563803978651 0.14009038089089734 0.1096555070354197 0.14009038089089734
1 0.5909752547307132 0.5409941897998708 0.616205725376031 0.5409941897998708 0.616205725376031 0.5752098127824402 0.5909752547307132 0.5752098127824402
1 0.311984473556526 0.5403486120077469 0.3386705482775352 0.5403486120077469 0.3386705482775352 0.5758553905745643 0.311984473556526 0.5758553905745643
0 0.730228044638525 0.2621045836023241 0.7510917030567685 0.2621045836023241 0.7510917030567685 0.29244673983214975 0.730228044638525 0.29244673983214975
1 0.5904900533721494 0.41897998708844414 0.616205725376031 0.41897998708844414 0.616205725376031 0.45190445448676564 0.5904900533721494 0.45190445448676564
2 0.3372149442018438 0.26856036152356355 0.35080058224163024 0.26856036152356355 0.35080058224163024 0.28728211749515814 0.3372149442018438 0.28728211749515814
2 0.16011644832605532 0.34409296320206584 0.17418728772440562 0.34409296320206584 0.17418728772440562 0.3628147191736604 0.16011644832605532 0.3628147191736604
2 0.6487142163998059 0.2704970948999354 0.6603590490053372 0.2704970948999354 0.6603590490053372 0.2859909619109102 0.6487142163998059 0.2859909619109102
2 0.5400291120815138 0.2704970948999354 0.5521591460456089 0.2704970948999354 0.5521591460456089 0.2859909619109102 0.5400291120815138 0.2859909619109102
2 0.8524987869966035 0.039380245319561004 0.8646288209606987 0.039380245319561004 0.8646288209606987 0.05681084570690768 0.8524987869966035 0.05681084570690768
2 0.43425521591460453 0.3699160748870239 0.4556040756914119 0.3699160748870239 0.4556040756914119 0.3996126533247256 0.43425521591460453 0.3996126533247256
