2 0.03588516746411483 0.5689655172413793 0.06937799043062201 0.5689655172413793 0.06937799043062201 0.6091954022988506 0.03588516746411483 0.6091954022988506
1 0.7177033492822966 0.46839080459770116 0.7511961722488039 0.46839080459770116 0.7511961722488039 0.5057471264367817 0.7177033492822966 0.5057471264367817
2 0.12679425837320574 0.8879310344827587 0.15789473684210525 0.8879310344827587 0.15789473684210525 0.9252873563218391 0.12679425837320574 0.9252873563218391
1 0.8397129186602871 0.46551724137931033 0.8732057416267942 0.46551724137931033 0.8732057416267942 0.5028735632183908 0.8397129186602871 0.5028735632183908
1 0.6531100478468901 0.46839080459770116 0.6889952153110049 0.46839080459770116 0.6889952153110049 0.5086206896551724 0.6531100478468901 0.5086206896551724
1 0.4019138755980861 0.46264367816091956 0.43779904306220097 0.46264367816091956 0.43779904306220097 0.5057471264367817 0.4019138755980861 0.5057471264367817
2 0.21770334928229665 0.040229885057471264 0.2511961722488038 0.040229885057471264 0.2511961722488038 0.08045977011494253 0.21770334928229665 0.08045977011494253
1 0.215311004784689 0.1925287356321839 0.2511961722488038 0.1925287356321839 0.2511961722488038 0.23275862068965517 0.215311004784689 0.23275862068965517
1 0.12440191387559808 0.7959770114942529 0.16028708133971292 0.7959770114942529 0.16028708133971292 0.8362068965517241 0.12440191387559808 0.8362068965517241
1 0.03588516746411483 0.19540229885057472 0.07177033492822966 0.19540229885057472 0.07177033492822966 0.23850574712643677 0.03588516746411483 0.23850574712643677
1 0.21291866028708134 0.46551724137931033 0.2511961722488038 0.46551724137931033 0.2511961722488038 0.5086206896551724 0.21291866028708134 0.5086206896551724
1 0.5598086124401914 0.1925287356321839 0.5933014354066987 0.1925287356321839 0.5933014354066987 0.23275862068965517 0.5598086124401914 0.23275862068965517
2 0.21770334928229665 0.8879310344827587 0.24880382775119617 0.8879310344827587 0.24880382775119617 0.9224137931034483 0.21770334928229665 0.9224137931034483
1 0.562200956937799 0.46839080459770116 0.5956937799043063 0.46839080459770116 0.5956937799043063 0.5057471264367817 0.562200956937799 0.5057471264367817
1 0.03349282296650718 0.7212643678160918 0.06937799043062201 0.7212643678160918 0.06937799043062201 0.7586206896551723 0.03349282296650718 0.7586206896551723
1 0.12679425837320574 0.1206896551724138 0.16028708133971292 0.1206896551724138 0.16028708133971292 0.16091954022988506 0.12679425837320574 0.16091954022988506
2 0.4043062200956938 0.27011494252873564 0.4354066985645933 0.27011494252873564 0.4354066985645933 0.3074712643678161 0.4043062200956938 0.3074712643678161
1 0.5598086124401914 0.735632183908046 0.5956937799043063 0.735632183908046 0.5956937799043063 0.7758620689655172 0.5598086124401914 0.7758620689655172
1 0.215311004784689 0.735632183908046 0.2535885167464115 0.735632183908046 0.2535885167464115 0.7816091954022989 0.215311004784689 0.7816091954022989
2 0.42822966507177035 0.040229885057471264 0.45933014354066987 0.040229885057471264 0.45933014354066987 0.07758620689655173 0.42822966507177035 0.07758620689655173
2 0.4258373205741627 0.0 0.46172248803827753 0.0 0.46172248803827753 0.034482758620689655 0.4258373205741627 0.034482758620689655
