0 0.3855721393034826 0.10804597701149427 0.43283582089552236 0.10804597701149427 0.43283582089552236 0.14942528735632185 0.3855721393034826 0.14942528735632185
1 0.20149253731343283 0.26436781609195403 0.236318407960199 0.26436781609195403 0.236318407960199 0.296551724137931 0.20149253731343283 0.296551724137931
1 0.5149253731343284 0.18160919540229886 0.5472636815920399 0.18160919540229886 0.5472636815920399 0.21149425287356322 0.5149253731343284 0.21149425287356322
1 0.39054726368159204 0.5816091954022988 0.4253731343283582 0.5816091954022988 0.4253731343283582 0.6114942528735632 0.39054726368159204 0.6114942528735632
1 0.7338308457711443 0.42298850574712643 0.7661691542288557 0.42298850574712643 0.7661691542288557 0.45517241379310347 0.7338308457711443 0.45517241379310347
1 0.7313432835820897 0.5816091954022988 0.7661691542288559 0.5816091954022988 0.7661691542288559 0.6137931034482759 0.7313432835820897 0.6137931034482759
2 0.20149253731343283 0.03908045977011494 0.23880597014925373 0.03908045977011494 0.23880597014925373 0.07816091954022988 0.20149253731343283 0.07816091954022988
1 0.3855721393034826 0.41839080459770117 0.42786069651741293 0.41839080459770117 0.42786069651741293 0.4574712643678161 0.3855721393034826 0.4574712643678161
1 0.059701492537313425 0.5770114942528736 0.10199004975124377 0.5770114942528736 0.10199004975124377 0.6160919540229886 0.059701492537313425 0.6160919540229886
1 0.23383084577114427 0.7057471264367817 0.2736318407960199 0.7057471264367817 0.2736318407960199 0.7402298850574714 0.23383084577114427 0.7402298850574714
1 0.2537313432835821 0.4206896551724138 0.291044776119403 0.4206896551724138 0.291044776119403 0.45517241379310347 0.2537313432835821 0.45517241379310347
1 0.5746268656716418 0.7011494252873564 0.6169154228855721 0.7011494252873564 0.6169154228855721 0.7402298850574712 0.5746268656716418 0.7402298850574712
1 0.39145544761203965 0.2664890073284477 0.4260592440860321 0.2664890073284477 0.4260592440860321 0.30113257828114587 0.39145544761203965 0.30113257828114587
