1 0.7928802588996764 0.4331395348837209 0.8122977346278317 0.4331395348837209 0.8122977346278317 0.47093023255813954 0.7928802588996764 0.47093023255813954
2 0.31715210355987056 0.6686046511627908 0.3365695792880259 0.6686046511627908 0.3365695792880259 0.7005813953488373 0.31715210355987056 0.7005813953488373
1 0.9207119741100324 0.4738372093023255 0.9401294498381877 0.4738372093023255 0.9401294498381877 0.508720930232558 0.9207119741100324 0.508720930232558
1 0.44660194174757284 0.3575581395348838 0.46440129449838186 0.3575581395348838 0.46440129449838186 0.39244186046511637 0.44660194174757284 0.39244186046511637
2 0.5339805825242718 0.36046511627906974 0.5501618122977346 0.36046511627906974 0.5501618122977346 0.38953488372093026 0.5339805825242718 0.38953488372093026
1 0.5307443365695793 0.47093023255813954 0.551779935275081 0.47093023255813954 0.551779935275081 0.5087209302325582 0.5307443365695793 0.5087209302325582
1 0.6585760517799354 0.5465116279069767 0.6812297734627832 0.5465116279069767 0.6812297734627832 0.5872093023255814 0.6585760517799354 0.5872093023255814
2 0.1407766990291262 0.005813953488372093 0.1650485436893204 0.005813953488372093 0.1650485436893204 0.04941860465116279 0.1407766990291262 0.04941860465116279
1 0.31715210355987056 0.7034883720930233 0.3365695792880259 0.7034883720930233 0.3365695792880259 0.7383720930232558 0.31715210355987056 0.7383720930232558
1 0.6585760517799354 0.625 0.6812297734627832 0.625 0.6812297734627832 0.6656976744186046 0.6585760517799354 0.6656976744186046
2 0.529126213592233 0.0029069767441860465 0.5550161812297735 0.0029069767441860465 0.5550161812297735 0.04941860465116279 0.529126213592233 0.04941860465116279
1 0.31715210355987056 0.4680232558139535 0.33818770226537215 0.4680232558139535 0.33818770226537215 0.5058139534883721 0.31715210355987056 0.5058139534883721
1 0.14401294498381878 0.20348837209302326 0.1634304207119741 0.20348837209302326 0.1634304207119741 0.23546511627906977 0.14401294498381878 0.23546511627906977
2 0.6618122977346278 0.47093023255813954 0.6796116504854369 0.47093023255813954 0.6796116504854369 0.5058139534883721 0.6618122977346278 0.5058139534883721
1 0.4886731391585761 0.6656976744186046 0.5080906148867314 0.6656976744186046 0.5080906148867314 0.7005813953488372 0.4886731391585761 0.7005813953488372
1 0.4886731391585761 0.627906976744186 0.5080906148867314 0.627906976744186 0.5080906148867314 0.6627906976744186 0.4886731391585761 0.6627906976744186
2 0.4449838187702265 0.005813953488372093 0.46763754045307443 0.005813953488372093 0.46763754045307443 0.046511627906976744 0.4449838187702265 0.046511627906976744
2 0.3155339805825243 0.005813953488372093 0.3381877022653722 0.005813953488372093 0.3381877022653722 0.046511627906976744 0.3155339805825243 0.046511627906976744
2 0.7912621359223302 0.005813953488372093 0.813915857605178 0.005813953488372093 0.813915857605178 0.046511627906976744 0.7912621359223302 0.046511627906976744
2 0.18770226537216828 0.47093023255813954 0.20711974110032363 0.47093023255813954 0.20711974110032363 0.5058139534883721 0.18770226537216828 0.5058139534883721
2 0.10032362459546926 0.4738372093023255 0.11974110032362459 0.4738372093023255 0.11974110032362459 0.505813953488372 0.10032362459546926 0.505813953488372
1 0.7459546925566343 0.36046511627906974 0.7653721682847896 0.36046511627906974 0.7653721682847896 0.3953488372093023 0.7459546925566343 0.3953488372093023
2 0.6601941747572816 0.00872093023255814 0.6796116504854369 0.00872093023255814 0.6796116504854369 0.0436046511627907 0.6601941747572816 0.0436046511627907
2 0.9174757281553398 0.005813953488372093 0.9401294498381877 0.005813953488372093 0.9401294498381877 0.046511627906976744 0.9174757281553398 0.046511627906976744
