1 0.6490872210953347 0.41414141414141414 0.6774847870182555 0.41414141414141414 0.6774847870182555 0.45202020202020204 0.6490872210953347 0.45202020202020204
1 0.7910750507099391 0.08585858585858584 0.8154158215010142 0.08585858585858584 0.8154158215010142 0.11616161616161615 0.7910750507099391 0.11616161616161615
1 0.6490872210953347 0.08585858585858584 0.6754563894523327 0.08585858585858584 0.6754563894523327 0.11616161616161615 0.6490872210953347 0.11616161616161615
1 0.24543610547667347 0.6994949494949495 0.281947261663286 0.6994949494949495 0.281947261663286 0.7449494949494949 0.24543610547667347 0.7449494949494949
1 0.39148073022312374 0.9015151515151517 0.42190669371196754 0.9015151515151517 0.42190669371196754 0.9444444444444446 0.39148073022312374 0.9444444444444446
1 0.24746450304259635 0.898989898989899 0.2799188640973631 0.898989898989899 0.2799188640973631 0.9419191919191919 0.24746450304259635 0.9419191919191919
1 0.39148073022312374 0.2196969696969697 0.42190669371196754 0.2196969696969697 0.42190669371196754 0.2601010101010101 0.39148073022312374 0.2601010101010101
1 0.3935091277890466 0.6262626262626263 0.4219066937119675 0.6262626262626263 0.4219066937119675 0.6641414141414141 0.3935091277890466 0.6641414141414141
2 0.39148073022312374 0.41414141414141414 0.4198782961460446 0.41414141414141414 0.4198782961460446 0.45202020202020204 0.39148073022312374 0.45202020202020204
1 0.39148073022312374 0.08080808080808081 0.42190669371196754 0.08080808080808081 0.42190669371196754 0.11868686868686869 0.39148073022312374 0.11868686868686869
