0 0.3754208754208754 0.35454545454545455 0.4242424242424242 0.35454545454545455 0.4242424242424242 0.41818181818181815 0.3754208754208754 0.41818181818181815
0 0.5606060606060606 0.5909090909090908 0.6094276094276094 0.5909090909090908 0.6094276094276094 0.65 0.5606060606060606 0.65
2 0.6397306397306397 0.6227272727272727 0.6565656565656566 0.6227272727272727 0.6565656565656566 0.6454545454545454 0.6397306397306397 0.6454545454545454
2 0.8063973063973063 0.23863636363636362 0.8299663299663299 0.23863636363636362 0.8299663299663299 0.27045454545454545 0.8063973063973063 0.27045454545454545
2 0.3888888888888889 0.7704545454545454 0.40909090909090906 0.7704545454545454 0.40909090909090906 0.7954545454545454 0.3888888888888889 0.7954545454545454
2 0.8080808080808081 0.7681818181818182 0.8299663299663299 0.7681818181818182 0.8299663299663299 0.7977272727272727 0.8080808080808081 0.7977272727272727
2 0.1531986531986532 0.7681818181818182 0.1734006734006734 0.7681818181818182 0.1734006734006734 0.7977272727272727 0.1531986531986532 0.7977272727272727
2 0.15488215488215487 0.2409090909090909 0.17508417508417506 0.2409090909090909 0.17508417508417506 0.2681818181818182 0.15488215488215487 0.2681818181818182
2 0.5723905723905723 0.7681818181818182 0.5942760942760943 0.7681818181818182 0.5942760942760943 0.7977272727272727 0.5723905723905723 0.7977272727272727
2 0.15656565656565655 0.5681818181818181 0.17676767676767677 0.5681818181818181 0.17676767676767677 0.5931818181818181 0.15656565656565655 0.5931818181818181
2 0.3232323232323232 0.3840909090909091 0.3468013468013468 0.3840909090909091 0.3468013468013468 0.41363636363636364 0.3232323232323232 0.41363636363636364
2 0.5723905723905723 0.3840909090909091 0.5959595959595959 0.3840909090909091 0.5959595959595959 0.41363636363636364 0.5723905723905723 0.41363636363636364
2 0.8080808080808081 0.06818181818181818 0.8282828282828283 0.06818181818181818 0.8282828282828283 0.09318181818181817 0.8080808080808081 0.09318181818181817
2 0.15656565656565655 0.5022727272727272 0.17676767676767677 0.5022727272727272 0.17676767676767677 0.5272727272727272 0.15656565656565655 0.5272727272727272
2 0.8080808080808081 0.5 0.8265993265993266 0.5 0.8265993265993266 0.5272727272727272 0.8080808080808081 0.5272727272727272
2 0.8080808080808081 0.5681818181818181 0.8265993265993266 0.5681818181818181 0.8265993265993266 0.5931818181818181 0.8080808080808081 0.5931818181818181
2 0.15488215488215487 0.0659090909090909 0.1734006734006734 0.0659090909090909 0.1734006734006734 0.09318181818181817 0.15488215488215487 0.09318181818181817
2 0.3888888888888889 0.6204545454545454 0.40909090909090906 0.6204545454545454 0.40909090909090906 0.6477272727272727 0.3888888888888889 0.6477272727272727
