1 0.32142857142857145 0.28 0.33857142857142863 0.28 0.33857142857142863 0.30666666666666664 0.32142857142857145 0.30666666666666664
1 0.1742857142857143 0.34 0.18857142857142858 0.34 0.18857142857142858 0.3622222222222222 0.1742857142857143 0.3622222222222222
1 0.7057142857142857 0.11333333333333333 0.7214285714285714 0.11333333333333333 0.7214285714285714 0.13777777777777778 0.7057142857142857 0.13777777777777778
1 0.26142857142857145 0.2222222222222222 0.28 0.2222222222222222 0.28 0.2511111111111111 0.26142857142857145 0.2511111111111111
1 0.8814285714285712 0.34 0.8985714285714284 0.34 0.8985714285714284 0.36444444444444446 0.8814285714285712 0.36444444444444446
1 0.41 0.5133333333333333 0.42428571428571427 0.5133333333333333 0.42428571428571427 0.5355555555555556 0.41 0.5355555555555556
1 0.24571428571428572 0.5733333333333334 0.25857142857142856 0.5733333333333334 0.25857142857142856 0.5933333333333334 0.24571428571428572 0.5933333333333334
1 0.5785714285714286 0.5111111111111111 0.5985714285714286 0.5111111111111111 0.5985714285714286 0.5399999999999999 0.5785714285714286 0.5399999999999999
1 0.7071428571428572 0.5133333333333333 0.7214285714285715 0.5133333333333333 0.7214285714285715 0.5377777777777778 0.7071428571428572 0.5377777777777778
1 0.20285714285714285 0.28 0.22142857142857142 0.28 0.22142857142857142 0.3088888888888889 0.20285714285714285 0.3088888888888889
1 0.7571428571428571 0.2311111111111111 0.7742857142857142 0.2311111111111111 0.7742857142857142 0.2577777777777778 0.7571428571428571 0.2577777777777778
1 0.41 0.11333333333333333 0.42428571428571427 0.11333333333333333 0.42428571428571427 0.13777777777777778 0.41 0.13777777777777778
1 0.31 0.4177777777777778 0.32142857142857145 0.4177777777777778 0.32142857142857145 0.43777777777777777 0.31 0.43777777777777777
1 0.63 0.5111111111111111 0.6471428571428571 0.5111111111111111 0.6471428571428571 0.5377777777777777 0.63 0.5377777777777777
1 0.7571428571428571 0.11333333333333333 0.7728571428571429 0.11333333333333333 0.7728571428571429 0.13777777777777778 0.7571428571428571 0.13777777777777778
1 0.7585714285714286 0.6911111111111111 0.7728571428571429 0.6911111111111111 0.7728571428571429 0.7133333333333334 0.7585714285714286 0.7133333333333334
1 0.5785714285714286 0.6288888888888889 0.5971428571428572 0.6288888888888889 0.5971428571428572 0.6555555555555556 0.5785714285714286 0.6555555555555556
2 0.35285714285714287 0.37333333333333335 0.36857142857142855 0.37333333333333335 0.36857142857142855 0.3977777777777778 0.35285714285714287 0.3977777777777778
1 0.5785714285714286 0.28 0.5985714285714286 0.28 0.5985714285714286 0.3088888888888889 0.5785714285714286 0.3088888888888889
2 0.42714285714285716 0.6888888888888889 0.44285714285714284 0.6888888888888889 0.44285714285714284 0.7155555555555555 0.42714285714285716 0.7155555555555555
1 0.5142857142857142 0.6288888888888889 0.5314285714285714 0.6288888888888889 0.5314285714285714 0.6555555555555556 0.5142857142857142 0.6555555555555556
1 0.1742857142857143 0.11333333333333333 0.18857142857142858 0.11333333333333333 0.18857142857142858 0.13777777777777778 0.1742857142857143 0.13777777777777778
1 0.7585714285714286 0.41555555555555557 0.7714285714285715 0.41555555555555557 0.7714285714285715 0.43777777777777777 0.7585714285714286 0.43777777777777777
2 0.41 0.4711111111111111 0.42428571428571427 0.4711111111111111 0.42428571428571427 0.4955555555555556 0.41 0.4955555555555556
1 0.6285714285714286 0.6888888888888889 0.6471428571428571 0.6888888888888889 0.6471428571428571 0.7155555555555555 0.6285714285714286 0.7155555555555555
1 0.39 0.8733333333333333 0.41 0.8733333333333333 0.41 0.9044444444444445 0.39 0.9044444444444445
1 0.8814285714285712 0.41555555555555557 0.897142857142857 0.41555555555555557 0.897142857142857 0.44 0.8814285714285712 0.44
1 0.2642857142857143 0.11333333333333333 0.2785714285714286 0.11333333333333333 0.2785714285714286 0.13777777777777778 0.2642857142857143 0.13777777777777778
2 0.5128571428571429 0.6866666666666668 0.5314285714285715 0.6866666666666668 0.5314285714285715 0.717777777777778 0.5128571428571429 0.717777777777778
1 0.4228571428571429 0.871111111111111 0.4442857142857143 0.871111111111111 0.4442857142857143 0.9044444444444443 0.4228571428571429 0.9044444444444443
1 0.35285714285714287 0.3377777777777778 0.36857142857142855 0.3377777777777778 0.36857142857142855 0.36444444444444446 0.35285714285714287 0.36444444444444446
1 0.6285714285714286 0.28 0.6471428571428571 0.28 0.6471428571428571 0.30666666666666664 0.6285714285714286 0.30666666666666664
1 0.17571428571428574 0.4155555555555558 0.18977392301577198 0.4155555555555558 0.18977392301577198 0.4382840682887956 0.17571428571428574 0.4382840682887956
2 0.63 0.6288888888888889 0.6485714285714286 0.6288888888888889 0.6485714285714286 0.6555555555555556 0.63 0.6555555555555556
1 0.5814285714285714 0.11555555555555555 0.5957142857142858 0.11555555555555555 0.5957142857142858 0.13555555555555557 0.5814285714285714 0.13555555555555557
1 0.24428571428571427 0.8777777777777778 0.26 0.8777777777777778 0.26 0.9022222222222223 0.24428571428571427 0.9022222222222223
1 0.8014285714285714 0.28 0.82 0.28 0.82 0.30666666666666664 0.8014285714285714 0.30666666666666664
1 0.5142857142857142 0.2311111111111111 0.5314285714285714 0.2311111111111111 0.5314285714285714 0.2577777777777778 0.5142857142857142 0.2577777777777778
1 0.5142857142857142 0.8810125810220352 0.5299999999999999 0.8810125810220352 0.5299999999999999 0.9076792476887018 0.5142857142857142 0.9076792476887018
1 0.35285714285714287 0.11333333333333333 0.36857142857142855 0.11333333333333333 0.36857142857142855 0.13777777777777778 0.35285714285714287 0.13777777777777778
2 0.5128571428571429 0.2777777777777778 0.5314285714285715 0.2777777777777778 0.5314285714285715 0.3088888888888889 0.5128571428571429 0.3088888888888889
1 0.5157142857142857 0.11333333333333333 0.53 0.11333333333333333 0.53 0.13777777777777778 0.5157142857142857 0.13777777777777778
1 0.5142857142857142 0.4711111111111111 0.5299999999999999 0.4711111111111111 0.5299999999999999 0.4955555555555556 0.5142857142857142 0.4955555555555556
1 0.39 0.7533333333333333 0.4085714285714286 0.7533333333333333 0.4085714285714286 0.78 0.39 0.78
1 0.8028571428571428 0.6888888888888889 0.8185714285714286 0.6888888888888889 0.8185714285714286 0.7155555555555555 0.8028571428571428 0.7155555555555555
2 0.5142857142857142 0.37333333333333335 0.5299999999999999 0.37333333333333335 0.5299999999999999 0.3977777777777778 0.5142857142857142 0.3977777777777778
1 0.34285714285714286 0.8777777777777778 0.36 0.8777777777777778 0.36 0.9022222222222223 0.34285714285714286 0.9022222222222223
2 0.5785714285714286 0.37111111111111117 0.5971428571428572 0.37111111111111117 0.5971428571428572 0.39777777777777784 0.5785714285714286 0.39777777777777784
1 0.8028571428571428 0.1111111111111111 0.82 0.1111111111111111 0.82 0.13777777777777778 0.8028571428571428 0.13777777777777778
2 0.24571428571428572 0.6333333333333333 0.25857142857142856 0.6333333333333333 0.25857142857142856 0.6533333333333333 0.24571428571428572 0.6533333333333333
2 0.5142857142857142 0.7533333333333333 0.5314285714285714 0.7533333333333333 0.5314285714285714 0.78 0.5142857142857142 0.78
1 0.42714285714285716 0.66 0.44142857142857145 0.66 0.44142857142857145 0.6822222222222222 0.42714285714285716 0.6822222222222222
1 0.16857142857142857 0.8799999999999997 0.18285714285714286 0.8799999999999997 0.18285714285714286 0.9040927690998595 0.16857142857142857 0.9040927690998595
2 0.46857142857142864 0.11555555555555555 0.48285714285714293 0.11555555555555555 0.48285714285714293 0.13555555555555557 0.46857142857142864 0.13555555555555557
1 0.5814285714285715 0.88 0.5957142857142858 0.88 0.5957142857142858 0.9027285127332398 0.5814285714285715 0.9027285127332398
2 0.3442857142857143 0.6911111111111111 0.3585714285714286 0.6911111111111111 0.3585714285714286 0.7133333333333334 0.3442857142857143 0.7133333333333334
1 0.6314285714285716 0.8799999999999997 0.6457142857142859 0.8799999999999997 0.6457142857142859 0.9095497945663392 0.6314285714285716 0.9095497945663392
2 0.24571428571428572 0.6911111111111111 0.26 0.6911111111111111 0.26 0.7133333333333334 0.24571428571428572 0.7133333333333334
2 0.5814285714285714 0.7577777777777777 0.5957142857142858 0.7577777777777777 0.5957142857142858 0.7777777777777777 0.5814285714285714 0.7777777777777777
1 0.20571428571428568 0.8222222222222222 0.21999999999999995 0.8222222222222222 0.21999999999999995 0.8444444444444444 0.20571428571428568 0.8444444444444444
2 0.42714285714285716 0.7555555555555555 0.44285714285714284 0.7555555555555555 0.44285714285714284 0.7777777777777778 0.42714285714285716 0.7777777777777778
2 0.41 0.3755555555555555 0.4228571428571429 0.3755555555555555 0.4228571428571429 0.3955555555555555 0.41 0.3955555555555555
2 0.20571428571428568 0.88 0.21999999999999995 0.88 0.21999999999999995 0.9022222222222223 0.20571428571428568 0.9022222222222223
2 0.3914285714285714 0.6888888888888889 0.40714285714285714 0.6888888888888889 0.40714285714285714 0.7133333333333334 0.3914285714285714 0.7133333333333334
