1 0.38656716417910447 0.6260162601626016 0.39850746268656717 0.6260162601626016 0.39850746268656717 0.6585365853658537 0.38656716417910447 0.6585365853658537
1 0.7425373134328358 0.43089430894308944 0.7582089552238805 0.43089430894308944 0.7582089552238805 0.4695121951219512 0.7425373134328358 0.4695121951219512
2 0.3111940298507463 0.37398373983739835 0.3253731343283582 0.37398373983739835 0.3253731343283582 0.4105691056910569 0.3111940298507463 0.4105691056910569
1 0.3126865671641791 0.6239837398373984 0.3253731343283582 0.6239837398373984 0.3253731343283582 0.6585365853658537 0.3126865671641791 0.6585365853658537
1 0.5902985074626865 0.5121951219512195 0.6037313432835821 0.5121951219512195 0.6037313432835821 0.5467479674796748 0.5902985074626865 0.5467479674796748
1 0.1873134328358209 0.6991869918699187 0.2 0.6991869918699187 0.2 0.7357723577235772 0.1873134328358209 0.7357723577235772
1 0.5049685457012458 0.5128636699590137 0.517655112865425 0.5128636699590137 0.517655112865425 0.5474165154874691 0.5049685457012458 0.5474165154874691
2 0.7432835820895523 0.18089430894308944 0.7582089552238805 0.18089430894308944 0.7582089552238805 0.21951219512195122 0.7432835820895523 0.21951219512195122
1 0.5410447761194029 0.5101626016260162 0.5559701492537312 0.5101626016260162 0.5559701492537312 0.5508130081300813 0.5410447761194029 0.5508130081300813
1 0.6296805230048107 0.5128636699590137 0.6416208215122734 0.5128636699590137 0.6416208215122734 0.5453839951622658 0.6296805230048107 0.5453839951622658
2 0.5029850746268657 0.27439024390243905 0.5171641791044777 0.27439024390243905 0.5171641791044777 0.3150406504065041 0.5029850746268657 0.3150406504065041
2 0.1835820895522388 0.45121951219512196 0.20149253731343283 0.45121951219512196 0.20149253731343283 0.49796747967479676 0.1835820895522388 0.49796747967479676
2 0.38656716417910447 0.3780487804878049 0.4 0.3780487804878049 0.4 0.4146341463414634 0.38656716417910447 0.4146341463414634
