1 0.6892230576441103 0.6617161716171617 0.7092731829573935 0.6617161716171617 0.7092731829573935 0.6864686468646864 0.6892230576441103 0.6864686468646864
1 0.49122807017543857 0.30363036303630364 0.5112781954887218 0.30363036303630364 0.5112781954887218 0.32838283828382836 0.49122807017543857 0.32838283828382836
1 0.6904761904761905 0.4174917491749175 0.7092731829573935 0.4174917491749175 0.7092731829573935 0.4405940594059406 0.6904761904761905 0.4405940594059406
1 0.6904761904761905 0.49339933993399343 0.7092731829573935 0.49339933993399343 0.7092731829573935 0.5165016501650165 0.6904761904761905 0.5165016501650165
1 0.21804511278195488 0.6237623762376238 0.23809523809523808 0.6237623762376238 0.23809523809523808 0.6485148514851485 0.21804511278195488 0.6485148514851485
1 0.49122807017543857 0.6237623762376238 0.5112781954887218 0.6237623762376238 0.5112781954887218 0.6485148514851485 0.49122807017543857 0.6485148514851485
1 0.21679197994987467 0.30198019801980197 0.23809523809523808 0.30198019801980197 0.23809523809523808 0.33003300330033003 0.21679197994987467 0.33003300330033003
1 0.9348370927318295 0.6617161716171617 0.9536340852130325 0.6617161716171617 0.9536340852130325 0.6864686468646864 0.9348370927318295 0.6864686468646864
0 0.023809523809523808 0.9042904290429044 0.046365914786967416 0.9042904290429044 0.046365914786967416 0.9372937293729373 0.023809523809523808 0.9372937293729373
2 0.49624060150375937 0.0 0.5112781954887218 0.0 0.5112781954887218 0.0049504950495049506 0.49624060150375937 0.0049504950495049506
2 0.3320802005012531 0.0165016501650165 0.35463659147869675 0.0165016501650165 0.35463659147869675 0.04620462046204621 0.3320802005012531 0.04620462046204621
