0 0.691717791411043 0.8074074074074075 0.7177914110429447 0.8074074074074075 0.7177914110429447 0.8388888888888889 0.691717791411043 0.8388888888888889
0 0.6901840490797546 0.2518518518518519 0.7193251533742332 0.2518518518518519 0.7193251533742332 0.28703703703703703 0.6901840490797546 0.28703703703703703
0 0.6901840490797546 0.7037037037037037 0.7177914110429447 0.7037037037037037 0.7177914110429447 0.7388888888888889 0.6901840490797546 0.7388888888888889
1 0.6932515337423313 0.20740740740740743 0.7177914110429447 0.20740740740740743 0.7177914110429447 0.2388888888888889 0.6932515337423313 0.2388888888888889
1 0.35429447852760737 0.5703703703703704 0.3773006134969325 0.5703703703703704 0.3773006134969325 0.5981481481481482 0.35429447852760737 0.5981481481481482
1 0.40950920245398775 0.5740740740740741 0.4325153374233129 0.5740740740740741 0.4325153374233129 0.6018518518518519 0.40950920245398775 0.6018518518518519
1 0.9049079754601227 0.25925925925925924 0.9294478527607363 0.25925925925925924 0.9294478527607363 0.29074074074074074 0.9049079754601227 0.29074074074074074
1 0.6901840490797546 0.49444444444444446 0.7162576687116564 0.49444444444444446 0.7162576687116564 0.5259259259259259 0.6901840490797546 0.5259259259259259
1 0.6947852760736196 0.08148148148148149 0.7147239263803681 0.08148148148148149 0.7147239263803681 0.10925925925925926 0.6947852760736196 0.10925925925925926
1 0.7975460122699387 0.6703703703703704 0.8205521472392638 0.6703703703703704 0.8205521472392638 0.6981481481481482 0.7975460122699387 0.6981481481481482
1 0.901840490797546 0.49444444444444446 0.9294478527607363 0.49444444444444446 0.9294478527607363 0.5277777777777778 0.901840490797546 0.5277777777777778
1 0.7868098159509203 0.8611111111111112 0.808282208588957 0.8611111111111112 0.808282208588957 0.8851851851851852 0.7868098159509203 0.8851851851851852
2 0.799079754601227 0.06296296296296297 0.8113496932515337 0.06296296296296297 0.8113496932515337 0.07962962962962963 0.799079754601227 0.07962962962962963
2 0.799079754601227 0.08703703703703704 0.8128834355828221 0.08703703703703704 0.8128834355828221 0.10185185185185186 0.799079754601227 0.10185185185185186
