0 0.6381156316916489 0.5607940446650124 0.6702355460385439 0.5607940446650124 0.6702355460385439 0.598014888337469 0.6381156316916489 0.598014888337469
1 0.6359743040685225 0.10421836228287841 0.6723768736616702 0.10421836228287841 0.6723768736616702 0.1488833746898263 0.6359743040685225 0.1488833746898263
1 0.6359743040685225 0.511166253101737 0.6723768736616702 0.511166253101737 0.6723768736616702 0.5558312655086849 0.6359743040685225 0.5558312655086849
1 0.7580299785867237 0.543424317617866 0.7922912205567452 0.543424317617866 0.7922912205567452 0.5880893300248139 0.7580299785867237 0.5880893300248139
1 0.4603854389721627 0.5632754342431762 0.49678800856531047 0.5632754342431762 0.49678800856531047 0.6104218362282878 0.4603854389721627 0.6104218362282878
1 0.5481798715203426 0.36724565756823824 0.582441113490364 0.36724565756823824 0.582441113490364 0.4119106699751861 0.5481798715203426 0.4119106699751861
2 0.2334047109207709 0.1513647642679901 0.25910064239828695 0.1513647642679901 0.25910064239828695 0.18114143920595532 0.2334047109207709 0.18114143920595532
1 0.14132762312633834 0.3598014888337469 0.17558886509635974 0.3598014888337469 0.17558886509635974 0.4044665012406948 0.14132762312633834 0.4044665012406948
2 0.76017130620985 0.12655086848635236 0.7922912205567451 0.12655086848635236 0.7922912205567451 0.16129032258064516 0.76017130620985 0.16129032258064516
2 0.7623126338329764 0.9528535980148883 0.7880085653104925 0.9528535980148883 0.7880085653104925 0.9826302729528535 0.7623126338329764 0.9826302729528535
2 0.2334047109207709 0.9503722084367245 0.25910064239828695 0.9503722084367245 0.25910064239828695 0.9826302729528535 0.2334047109207709 0.9826302729528535
2 0.6423982869379015 0.9503722084367245 0.6659528907922913 0.9503722084367245 0.6659528907922913 0.9826302729528535 0.6423982869379015 0.9826302729528535
2 0.4646680942184155 0.9503722084367245 0.4903640256959315 0.9503722084367245 0.4903640256959315 0.9826302729528535 0.4646680942184155 0.9826302729528535
1 0.2334047109207709 0.5012406947890818 0.26552462526766596 0.5012406947890818 0.26552462526766596 0.5434243176178659 0.2334047109207709 0.5434243176178659
2 0.059957173447537475 0.9553349875930521 0.08137044967880086 0.9553349875930521 0.08137044967880086 0.9801488833746899 0.059957173447537475 0.9801488833746899
1 0.057815845824411134 0.5012406947890818 0.08993576017130621 0.5012406947890818 0.08993576017130621 0.5409429280397021 0.057815845824411134 0.5409429280397021
1 0.057677538189178805 0.14728253901212032 0.08765612491294754 0.14728253901212032 0.08765612491294754 0.18698477226274068 0.057677538189178805 0.18698477226274068
2 0.057815845824411134 0.9478908188585607 0.08565310492505353 0.9478908188585607 0.08565310492505353 0.9826302729528535 0.057815845824411134 0.9826302729528535
