0 0.43670886075949367 0.2652631578947368 0.4525316455696202 0.2652631578947368 0.4525316455696202 0.2863157894736842 0.43670886075949367 0.2863157894736842
0 0.689873417721519 0.2631578947368421 0.7088607594936709 0.2631578947368421 0.7088607594936709 0.2863157894736842 0.689873417721519 0.2863157894736842
1 0.6218354430379747 0.17684210526315788 0.6344936708860759 0.17684210526315788 0.6344936708860759 0.19157894736842104 0.6218354430379747 0.19157894736842104
1 0.24683544303797467 0.40842105263157896 0.25949367088607594 0.40842105263157896 0.25949367088607594 0.42526315789473684 0.24683544303797467 0.42526315789473684
1 0.439873417721519 0.11368421052631579 0.4509493670886076 0.11368421052631579 0.4509493670886076 0.12842105263157894 0.439873417721519 0.12842105263157894
1 0.439873417721519 0.40842105263157896 0.4525316455696202 0.40842105263157896 0.4525316455696202 0.42526315789473684 0.439873417721519 0.42526315789473684
1 0.5664556962025317 0.17473684210526316 0.5791139240506329 0.17473684210526316 0.5791139240506329 0.19157894736842104 0.5664556962025317 0.19157894736842104
1 0.5110759493670886 0.17473684210526316 0.5237341772151899 0.17473684210526316 0.5237341772151899 0.1936842105263158 0.5110759493670886 0.1936842105263158
1 0.6930379746835443 0.3431578947368421 0.7088607594936709 0.3431578947368421 0.7088607594936709 0.3621052631578947 0.6930379746835443 0.3621052631578947
1 0.15031645569620253 0.3452631578947368 0.1629746835443038 0.3452631578947368 0.1629746835443038 0.3621052631578947 0.15031645569620253 0.3621052631578947
1 0.43829113924050633 0.7999999999999999 0.4525316455696202 0.7999999999999999 0.4525316455696202 0.8168421052631579 0.43829113924050633 0.8168421052631579
1 0.694620253164557 0.11368421052631579 0.7072784810126582 0.11368421052631579 0.7072784810126582 0.12842105263157894 0.694620253164557 0.12842105263157894
1 0.43829113924050633 0.3452631578947368 0.4509493670886076 0.3452631578947368 0.4509493670886076 0.3621052631578947 0.43829113924050633 0.3621052631578947
1 0.15031645569620253 0.25052631578947365 0.1629746835443038 0.25052631578947365 0.1629746835443038 0.2652631578947368 0.15031645569620253 0.2652631578947368
1 0.564873417721519 0.8021052631578948 0.5775316455696202 0.8021052631578948 0.5775316455696202 0.8168421052631579 0.564873417721519 0.8168421052631579
1 0.6376582278481012 0.7999999999999999 0.6503164556962026 0.7999999999999999 0.6503164556962026 0.8168421052631579 0.6376582278481012 0.8168421052631579
1 0.875 0.3431578947368421 0.8908227848101266 0.3431578947368421 0.8908227848101266 0.3621052631578947 0.875 0.3621052631578947
1 0.694620253164557 0.7999999999999999 0.7072784810126582 0.7999999999999999 0.7072784810126582 0.8168421052631579 0.694620253164557 0.8168421052631579
1 0.819620253164557 0.7999999999999999 0.8354430379746836 0.7999999999999999 0.8354430379746836 0.8189473684210526 0.819620253164557 0.8189473684210526
1 0.5268987341772152 0.11368421052631579 0.5395569620253164 0.11368421052631579 0.5395569620253164 0.12842105263157894 0.5268987341772152 0.12842105263157894
2 0.5268987341772152 0.08 0.5395569620253164 0.08 0.5395569620253164 0.0968421052631579 0.5268987341772152 0.0968421052631579
1 0.3512658227848101 0.27157894736842103 0.3623417721518987 0.27157894736842103 0.3623417721518987 0.2863157894736842 0.3512658227848101 0.2863157894736842
