1 0.21315192743764172 0.5969162995594713 0.2471655328798186 0.5969162995594713 0.2471655328798186 0.6299559471365639 0.21315192743764172 0.6299559471365639
1 0.7845804988662131 0.5969162995594713 0.8185941043083899 0.5969162995594713 0.8185941043083899 0.6299559471365639 0.7845804988662131 0.6299559471365639
1 0.4965986394557823 0.1696035242290749 0.5351473922902494 0.1696035242290749 0.5351473922902494 0.20484581497797358 0.4965986394557823 0.20484581497797358
0 0.5011337868480725 0.3392070484581498 0.5396825396825397 0.3392070484581498 0.5396825396825397 0.381057268722467 0.5011337868480725 0.381057268722467
1 0.4965986394557823 0.6806167400881057 0.5351473922902494 0.6806167400881057 0.5351473922902494 0.7158590308370044 0.4965986394557823 0.7158590308370044
1 0.6303854875283447 0.4251101321585903 0.6666666666666666 0.4251101321585903 0.6666666666666666 0.460352422907489 0.6303854875283447 0.460352422907489
2 0.21768707482993196 0.046255506607929514 0.24489795918367346 0.046255506607929514 0.24489795918367346 0.07268722466960352 0.21768707482993196 0.07268722466960352
1 0.3673469387755102 0.4251101321585903 0.4013605442176871 0.4251101321585903 0.4013605442176871 0.460352422907489 0.3673469387755102 0.460352422907489
2 0.7868480725623582 0.046255506607929514 0.8140589569160998 0.046255506607929514 0.8140589569160998 0.07268722466960352 0.7868480725623582 0.07268722466960352
2 0.21768707482993196 0.8942731277533039 0.24489795918367346 0.8942731277533039 0.24489795918367346 0.9251101321585903 0.21768707482993196 0.9251101321585903
2 0.7891156462585033 0.8964757709251101 0.8140589569160996 0.8964757709251101 0.8140589569160996 0.9229074889867841 0.7891156462585033 0.9229074889867841
2 0.36961451247165533 0.04405286343612335 0.4013605442176871 0.04405286343612335 0.4013605442176871 0.07488986784140969 0.36961451247165533 0.07488986784140969
2 0.5011337868480725 0.8964757709251101 0.5306122448979591 0.8964757709251101 0.5306122448979591 0.9251101321585903 0.5011337868480725 0.9251101321585903
2 0.6303854875283447 0.04405286343612335 0.6621315192743764 0.04405286343612335 0.6621315192743764 0.07488986784140969 0.6303854875283447 0.07488986784140969
