1 0.7334963325183375 0.8736059479553905 0.7628361858190709 0.8736059479553905 0.7628361858190709 0.9219330855018588 0.7334963325183375 0.9219330855018588
1 0.7310513447432763 0.2936802973977695 0.7628361858190709 0.2936802973977695 0.7628361858190709 0.3420074349442379 0.7310513447432763 0.3420074349442379
1 0.1491442542787286 0.45353159851301117 0.1784841075794621 0.45353159851301117 0.1784841075794621 0.5018587360594795 0.1491442542787286 0.5018587360594795
1 0.32273838630806845 0.2936802973977695 0.3545232273838631 0.2936802973977695 0.3545232273838631 0.3420074349442379 0.32273838630806845 0.3420074349442379
1 0.32273838630806845 0.8773234200743495 0.35207823960880197 0.8773234200743495 0.35207823960880197 0.9219330855018587 0.32273838630806845 0.9219330855018587
1 0.7310513447432763 0.6022304832713755 0.7628361858190709 0.6022304832713755 0.7628361858190709 0.6505576208178439 0.7310513447432763 0.6505576208178439
1 0.5550122249388753 0.44981412639405205 0.5867970660146699 0.44981412639405205 0.5867970660146699 0.5018587360594795 0.5550122249388753 0.5018587360594795
1 0.1491442542787286 0.8773234200743495 0.1784841075794621 0.8773234200743495 0.1784841075794621 0.9219330855018587 0.1491442542787286 0.9219330855018587
1 0.8484107579462102 0.8773234200743495 0.8801955990220048 0.8773234200743495 0.8801955990220048 0.9219330855018587 0.8484107579462102 0.9219330855018587
1 0.5574572127139364 0.8773234200743495 0.58679706601467 0.8773234200743495 0.58679706601467 0.9219330855018587 0.5574572127139364 0.9219330855018587
1 0.32273838630806845 0.02230483271375465 0.3545232273838631 0.02230483271375465 0.3545232273838631 0.07063197026022305 0.32273838630806845 0.07063197026022305
1 0.5550122249388753 0.02230483271375465 0.5867970660146699 0.02230483271375465 0.5867970660146699 0.07063197026022305 0.5550122249388753 0.07063197026022305
1 0.7286063569682152 0.01858736059479554 0.7652811735941321 0.01858736059479554 0.7652811735941321 0.07434944237918216 0.7286063569682152 0.07434944237918216
