0 0.6878276062900408 0.5889884763124199 0.7006406523005242 0.5889884763124199 0.7006406523005242 0.6184379001280409 0.6878276062900408 0.6184379001280409
0 0.790331974373908 0.5902688860435339 0.8043098427489808 0.5902688860435339 0.8043098427489808 0.6184379001280409 0.790331974373908 0.6184379001280409
0 0.712871287128713 0.2880921895006402 0.7256843331391963 0.2880921895006402 0.7256843331391963 0.3175416133162612 0.712871287128713 0.3175416133162612
0 0.18928363424577752 0.28297055057618437 0.20442632498543972 0.28297055057618437 0.20442632498543972 0.31370038412291934 0.18928363424577752 0.31370038412291934
0 0.41234711706464766 0.2880921895006402 0.4239953407105417 0.2880921895006402 0.4239953407105417 0.31626120358514725 0.41234711706464766 0.31626120358514725
1 0.49039021549213746 0.9039692701664532 0.5014560279557367 0.9039692701664532 0.5014560279557367 0.9270166453265044 0.49039021549213746 0.9270166453265044
1 0.7914967967384974 0.6581306017925735 0.8031450203843914 0.6581306017925735 0.8031450203843914 0.6837387964148527 0.7914967967384974 0.6837387964148527
0 0.41409435061153177 0.14596670934699102 0.42341292952824694 0.14596670934699102 0.42341292952824694 0.16517285531370038 0.41409435061153177 0.16517285531370038
1 0.4898078043098428 0.6568501920614597 0.5014560279557367 0.6568501920614597 0.5014560279557367 0.6837387964148527 0.4898078043098428 0.6837387964148527
0 0.8514851485148515 0.28425096030729835 0.8660454280722191 0.28425096030729835 0.8660454280722191 0.31498079385403327 0.8514851485148515 0.31498079385403327
1 0.9079790331974374 0.5992317541613316 0.918462434478742 0.5992317541613316 0.918462434478742 0.6222791293213829 0.9079790331974374 0.6222791293213829
1 0.31624927198602215 0.6568501920614597 0.32847990681421085 0.6568501920614597 0.32847990681421085 0.6837387964148527 0.31624927198602215 0.6837387964148527
1 0.3174140943506115 0.9039692701664532 0.32789749563191617 0.9039692701664532 0.32789749563191617 0.9270166453265044 0.3174140943506115 0.9270166453265044
0 0.14152591729761213 0.28297055057618437 0.1566686080372743 0.28297055057618437 0.1566686080372743 0.31498079385403327 0.14152591729761213 0.31498079385403327
1 0.24111822947000583 0.9052496798975672 0.2516016307513104 0.9052496798975672 0.2516016307513104 0.9270166453265044 0.24111822947000583 0.9270166453265044
1 0.23937099592312172 0.5275288092189501 0.2516016307513104 0.5275288092189501 0.2516016307513104 0.5544174135723431 0.23937099592312172 0.5544174135723431
1 0.6884100174723355 0.9039692701664532 0.6994758299359348 0.9039692701664532 0.6994758299359348 0.9282970550576184 0.6884100174723355 0.9282970550576184
1 0.7920792079207921 0.9039692701664532 0.8031450203843914 0.9039692701664532 0.8031450203843914 0.9270166453265044 0.7920792079207921 0.9270166453265044
1 0.9079790331974374 0.39180537772087065 0.9196272568433315 0.39180537772087065 0.9196272568433315 0.4161331626120358 0.9079790331974374 0.4161331626120358
0 0.6167734420500873 0.5902688860435339 0.6307513104251602 0.5902688860435339 0.6307513104251602 0.6197183098591549 0.6167734420500873 0.6197183098591549
1 0.8625509609784509 0.9039692701664532 0.8736167734420501 0.9039692701664532 0.8736167734420501 0.9282970550576184 0.8625509609784509 0.9282970550576184
1 0.19277810133954573 0.9039692701664532 0.20326150262085033 0.9039692701664532 0.20326150262085033 0.9270166453265044 0.19277810133954573 0.9270166453265044
1 0.3873034362259756 0.9039692701664532 0.39836924868957485 0.9039692701664532 0.39836924868957485 0.9282970550576184 0.3873034362259756 0.9282970550576184
1 0.4484566103669191 0.08578745198463508 0.45952242283051836 0.08578745198463508 0.45952242283051836 0.10755441741357234 0.4484566103669191 0.10755441741357234
0 0.48864298194525335 0.1434058898847631 0.49912638322655795 0.1434058898847631 0.49912638322655795 0.16645326504481434 0.48864298194525335 0.16645326504481434
1 0.49039021549213746 0.08578745198463508 0.5014560279557367 0.08578745198463508 0.5014560279557367 0.1088348271446863 0.49039021549213746 0.1088348271446863
1 0.23995340710541643 0.08578745198463508 0.2516016307513104 0.08578745198463508 0.2516016307513104 0.1088348271446863 0.23995340710541643 0.1088348271446863
1 0.6179382644146768 0.6581306017925735 0.6290040768782761 0.6581306017925735 0.6290040768782761 0.6837387964148527 0.6179382644146768 0.6837387964148527
0 0.48806057076295867 0.2893725992317541 0.4997087944088527 0.2893725992317541 0.4997087944088527 0.3175416133162612 0.48806057076295867 0.3175416133162612
1 0.7920792079207921 0.08706786171574904 0.8025626092020967 0.08706786171574904 0.8025626092020967 0.1088348271446863 0.7920792079207921 0.1088348271446863
0 0.7157833430401864 0.14596670934699102 0.7256843331391963 0.14596670934699102 0.7256843331391963 0.1677336747759283 0.7157833430401864 0.1677336747759283
1 0.6185206755969714 0.9039692701664532 0.6290040768782761 0.9039692701664532 0.6290040768782761 0.9282970550576184 0.6185206755969714 0.9282970550576184
1 0.4507862550960979 0.469910371318822 0.46185206755969715 0.469910371318822 0.46185206755969715 0.4929577464788732 0.4507862550960979 0.4929577464788732
2 0.24053581828771115 0.293213828425096 0.25043680838672105 0.293213828425096 0.25043680838672105 0.31626120358514725 0.24053581828771115 0.31626120358514725
1 0.19277810133954573 0.14468629961587706 0.20267909143855561 0.14468629961587706 0.20267909143855561 0.16645326504481434 0.19277810133954573 0.16645326504481434
1 0.31683168316831684 0.08578745198463508 0.32789749563191617 0.08578745198463508 0.32789749563191617 0.10755441741357234 0.31683168316831684 0.10755441741357234
0 0.6866627839254514 0.14212548015364918 0.6977285963890507 0.14212548015364918 0.6977285963890507 0.1677336747759283 0.6866627839254514 0.1677336747759283
1 0.5247524752475248 0.7605633802816901 0.5364006988934188 0.7605633802816901 0.5364006988934188 0.7836107554417413 0.5247524752475248 0.7836107554417413
1 0.1432731508444962 0.9039692701664532 0.15433896330809552 0.9039692701664532 0.15433896330809552 0.9282970550576184 0.1432731508444962 0.9282970550576184
1 0.0844496214327315 0.29193341869398204 0.09609784507862551 0.29193341869398204 0.09609784507862551 0.3175416133162612 0.0844496214327315 0.3175416133162612
1 0.19219569015725102 0.8156209987195903 0.20384391380314504 0.8156209987195903 0.20384391380314504 0.8373879641485275 0.19219569015725102 0.8373879641485275
1 0.5602795573675015 0.9039692701664532 0.5707629586488061 0.9039692701664532 0.5707629586488061 0.9282970550576184 0.5602795573675015 0.9282970550576184
1 0.6884100174723355 0.08578745198463508 0.6988934187536401 0.08578745198463508 0.6988934187536401 0.10755441741357234 0.6884100174723355 0.10755441741357234
1 0.7134536983110076 0.08706786171574904 0.7233546884100175 0.08706786171574904 0.7233546884100175 0.10755441741357234 0.7134536983110076 0.10755441741357234
2 0.3873034362259756 0.29193341869398204 0.39836924868957485 0.29193341869398204 0.39836924868957485 0.31626120358514725 0.3873034362259756 0.31626120358514725
1 0.04251601630751311 0.5262483994878361 0.05532906231799651 0.5262483994878361 0.05532906231799651 0.5544174135723431 0.04251601630751311 0.5544174135723431
1 0.14269073966220153 0.5275288092189501 0.15492137449039023 0.5275288092189501 0.15492137449039023 0.5544174135723431 0.14269073966220153 0.5544174135723431
1 0.6540477577169482 0.7605633802816901 0.6651135701805475 0.7605633802816901 0.6651135701805475 0.7836107554417413 0.6540477577169482 0.7836107554417413
1 0.38672102504368083 0.5646606914212547 0.39778683750728017 0.5646606914212547 0.39778683750728017 0.5902688860435339 0.38672102504368083 0.5902688860435339
1 0.38788584740827026 0.08578745198463508 0.39836924868957485 0.08578745198463508 0.39836924868957485 0.1088348271446863 0.38788584740827026 0.1088348271446863
1 0.1432731508444962 0.08578745198463508 0.15433896330809552 0.08578745198463508 0.15433896330809552 0.10755441741357234 0.1432731508444962 0.10755441741357234
1 0.8631333721607455 0.5992317541613316 0.8736167734420501 0.5992317541613316 0.8736167734420501 0.6222791293213829 0.8631333721607455 0.6222791293213829
1 0.6185206755969714 0.08578745198463508 0.6290040768782761 0.08578745198463508 0.6290040768782761 0.10755441741357234 0.6185206755969714 0.10755441741357234
1 0.712871287128713 0.5595390524967989 0.7239370995923122 0.5595390524967989 0.7239370995923122 0.5825864276568502 0.712871287128713 0.5825864276568502
1 0.44496214327315087 0.9052496798975672 0.45544554455445546 0.9052496798975672 0.45544554455445546 0.9295774647887324 0.44496214327315087 0.9295774647887324
1 0.6884100174723355 0.5595390524967989 0.6994758299359348 0.5595390524967989 0.6994758299359348 0.5825864276568502 0.6884100174723355 0.5825864276568502
0 0.31566686080372747 0.14596670934699102 0.3255678509027373 0.14596670934699102 0.3255678509027373 0.16645326504481434 0.31566686080372747 0.16645326504481434
1 0.35119394292370415 0.7605633802816901 0.36225975538730343 0.7605633802816901 0.36225975538730343 0.7848911651728553 0.35119394292370415 0.7848911651728553
1 0.8264414676761794 0.7618437900128041 0.836924868957484 0.7618437900128041 0.836924868957484 0.7848911651728553 0.8264414676761794 0.7848911651728553
1 0.854397204426325 0.08578745198463508 0.864298194525335 0.08578745198463508 0.864298194525335 0.10755441741357234 0.854397204426325 0.10755441741357234
1 0.7536400698893418 0.47247119078104993 0.7641234711706465 0.47247119078104993 0.7641234711706465 0.4929577464788732 0.7536400698893418 0.4929577464788732
1 0.41234711706464766 0.08578745198463508 0.42224810716365757 0.08578745198463508 0.42224810716365757 0.10755441741357234 0.41234711706464766 0.10755441741357234
0 0.7909143855562027 0.14596670934699102 0.8002329644729179 0.14596670934699102 0.8002329644729179 0.16645326504481434 0.7909143855562027 0.16645326504481434
1 0.41059988351776355 0.5659411011523687 0.42108328479906815 0.5659411011523687 0.42108328479906815 0.5889884763124199 0.41059988351776355 0.5889884763124199
2 0.27548048922539314 0.9065300896286811 0.28421665695981363 0.9065300896286811 0.28421665695981363 0.9257362355953905 0.27548048922539314 0.9257362355953905
2 0.28130460104834015 0.088348271446863 0.28945835760046595 0.088348271446863 0.28945835760046595 0.10755441741357234 0.28130460104834015 0.10755441741357234
2 0.6191030867792662 0.293213828425096 0.6290040768782761 0.293213828425096 0.6290040768782761 0.31498079385403327 0.6191030867792662 0.31498079385403327
2 0.9924286546301689 0.6619718309859155 0.9994175888177054 0.6619718309859155 0.9994175888177054 0.6837387964148527 0.9924286546301689 0.6837387964148527
2 0.28130460104834015 0.29577464788732394 0.2888759464181712 0.29577464788732394 0.2888759464181712 0.31241997439180536 0.28130460104834015 0.31241997439180536
0 0.7909143855562027 0.29193341869398204 0.8013977868375073 0.29193341869398204 0.8013977868375073 0.31626120358514725 0.7909143855562027 0.31626120358514725
2 0.2807221898660454 0.14724711907810498 0.2888759464181712 0.14724711907810498 0.2888759464181712 0.16517285531370038 0.2807221898660454 0.16517285531370038
2 0.9924286546301689 0.8642765685019206 0.9994175888177054 0.8642765685019206 0.9994175888177054 0.8860435339308579 0.9924286546301689 0.8860435339308579
2 0.9918462434478742 0.3879641485275288 0.9994175888177054 0.3879641485275288 0.9994175888177054 0.40973111395646605 0.9918462434478742 0.40973111395646605
2 0.9924286546301689 0.18565941101152367 0.9994175888177054 0.18565941101152367 0.9994175888177054 0.2087067861715749 0.9924286546301689 0.2087067861715749
2 0.9924286546301689 0.7900128040973111 0.9994175888177054 0.7900128040973111 0.9994175888177054 0.8117797695262484 0.9924286546301689 0.8117797695262484
2 0.9924286546301689 0.5889884763124199 0.9994175888177054 0.5889884763124199 0.9994175888177054 0.6120358514724712 0.9924286546301689 0.6120358514724712
2 0.9924286546301689 0.11267605633802816 0.9994175888177054 0.11267605633802816 0.9994175888177054 0.13444302176696543 0.9924286546301689 0.13444302176696543
2 0.8712871287128713 0.6030729833546735 0.8829353523587653 0.6030729833546735 0.8829353523587653 0.6274007682458387 0.8712871287128713 0.6274007682458387
