2 0.7973333333333333 0.9224489795918368 0.8119999999999999 0.9224489795918368 0.8119999999999999 0.9714285714285715 0.7973333333333333 0.9714285714285715
2 0.11066666666666666 0.2448979591836735 0.128 0.2448979591836735 0.128 0.2979591836734694 0.11066666666666666 0.2979591836734694
2 0.288 0.9265306122448981 0.30266666666666664 0.9265306122448981 0.30266666666666664 0.9714285714285715 0.288 0.9714285714285715
2 0.5693333333333334 0.2448979591836735 0.588 0.2448979591836735 0.588 0.2979591836734694 0.5693333333333334 0.2979591836734694
2 0.7959999999999999 0.2448979591836735 0.8133333333333334 0.2448979591836735 0.8133333333333334 0.2979591836734694 0.7959999999999999 0.2979591836734694
2 0.112 0.9265306122448981 0.12533333333333332 0.9265306122448981 0.12533333333333332 0.9714285714285715 0.112 0.9714285714285715
2 0.5706666666666667 0.9183673469387756 0.588 0.9183673469387756 0.588 0.9755102040816327 0.5706666666666667 0.9755102040816327
2 0.45999999999999996 0.9224489795918368 0.476 0.9224489795918368 0.476 0.9755102040816327 0.45999999999999996 0.9755102040816327
2 0.6853333333333333 0.9183673469387756 0.7013333333333334 0.9183673469387756 0.7013333333333334 0.9714285714285715 0.6853333333333333 0.9714285714285715
0 0.03733333333333333 0.4571428571428572 0.06 0.4571428571428572 0.06 0.5224489795918368 0.03733333333333333 0.5224489795918368
2 0.4613333333333333 0.2489795918367347 0.47733333333333333 0.2489795918367347 0.47733333333333333 0.2979591836734694 0.4613333333333333 0.2979591836734694
2 0.5693333333333334 0.5755102040816327 0.5893333333333333 0.5755102040816327 0.5893333333333333 0.6285714285714287 0.5693333333333334 0.6285714285714287
2 0.2866666666666667 0.2489795918367347 0.30133333333333334 0.2489795918367347 0.30133333333333334 0.2979591836734694 0.2866666666666667 0.2979591836734694
