1 0.0816326530612245 0.3204134366925065 0.11337868480725624 0.3204134366925065 0.11337868480725624 0.35400516795865633 0.0816326530612245 0.35400516795865633
0 0.26077097505668934 0.20930232558139536 0.29478458049886624 0.20930232558139536 0.29478458049886624 0.24806201550387597 0.26077097505668934 0.24806201550387597
1 0.873015873015873 0.8733850129198967 0.9024943310657597 0.8733850129198967 0.9024943310657597 0.9069767441860466 0.873015873015873 0.9069767441860466
1 0.5102040816326531 0.6511627906976745 0.5396825396825397 0.6511627906976745 0.5396825396825397 0.6873385012919897 0.5102040816326531 0.6873385012919897
1 0.5102040816326531 0.8733850129198967 0.5374149659863946 0.8733850129198967 0.5374149659863946 0.9069767441860466 0.5102040816326531 0.9069767441860466
1 0.870748299319728 0.4289405684754522 0.9024943310657597 0.4289405684754522 0.9024943310657597 0.46770025839793283 0.870748299319728 0.46770025839793283
1 0.7505668934240363 0.764857881136951 0.780045351473923 0.764857881136951 0.780045351473923 0.7984496124031009 0.7505668934240363 0.7984496124031009
1 0.5691609977324263 0.09819121447028424 0.6009070294784581 0.09819121447028424 0.6009070294784581 0.1343669250645995 0.5691609977324263 0.1343669250645995
1 0.6303854875283447 0.8733850129198967 0.6598639455782314 0.8733850129198967 0.6598639455782314 0.9069767441860466 0.6303854875283447 0.9069767441860466
0 0.562358276643991 0.3178294573643411 0.5986394557823129 0.3178294573643411 0.5986394557823129 0.35917312661498707 0.562358276643991 0.35917312661498707
1 0.20634920634920637 0.21188630490956073 0.23356009070294786 0.21188630490956073 0.23356009070294786 0.24289405684754523 0.20634920634920637 0.24289405684754523
1 0.873015873015873 0.09819121447028424 0.9024943310657597 0.09819121447028424 0.9024943310657597 0.1343669250645995 0.873015873015873 0.1343669250645995
1 0.3877551020408163 0.7622739018087855 0.41723356009070295 0.7622739018087855 0.41723356009070295 0.7984496124031009 0.3877551020408163 0.7984496124031009
1 0.2653061224489796 0.09819121447028424 0.29705215419501135 0.09819121447028424 0.29705215419501135 0.1343669250645995 0.2653061224489796 0.1343669250645995
1 0.1360544217687075 0.8733850129198967 0.1655328798185941 0.8733850129198967 0.1655328798185941 0.9069767441860466 0.1360544217687075 0.9069767441860466
1 0.6281179138321996 0.6511627906976745 0.6598639455782314 0.6511627906976745 0.6598639455782314 0.6873385012919897 0.6281179138321996 0.6873385012919897
1 0.0816326530612245 0.8708010335917313 0.11337868480725624 0.8708010335917313 0.11337868480725624 0.9069767441860466 0.0816326530612245 0.9069767441860466
1 0.2630385487528345 0.4289405684754522 0.29705215419501135 0.4289405684754522 0.29705215419501135 0.46770025839793283 0.2630385487528345 0.46770025839793283
1 0.3854875283446712 0.3204134366925065 0.41723356009070295 0.3204134366925065 0.41723356009070295 0.35400516795865633 0.3854875283446712 0.35400516795865633
1 0.0816326530612245 0.09819121447028424 0.11337868480725624 0.09819121447028424 0.11337868480725624 0.1343669250645995 0.0816326530612245 0.1343669250645995
1 0.2653061224489796 0.8708010335917313 0.29705215419501135 0.8708010335917313 0.29705215419501135 0.9095607235142119 0.2653061224489796 0.9095607235142119
2 0.2653061224489796 0.8733850129198967 0.29705215419501135 0.8733850129198967 0.29705215419501135 0.9095607235142119 0.2653061224489796 0.9095607235142119
