1 0.6737967914438502 0.32698961937716264 0.6925133689839572 0.32698961937716264 0.6925133689839572 0.35294117647058826 0.6737967914438502 0.35294117647058826
0 0.6697860962566845 0.4152249134948097 0.6925133689839572 0.4152249134948097 0.6925133689839572 0.4446366782006921 0.6697860962566845 0.4446366782006921
1 0.8783422459893048 0.4221453287197232 0.8997326203208555 0.4221453287197232 0.8997326203208555 0.44982698961937717 0.8783422459893048 0.44982698961937717
1 0.32754010695187163 0.7387543252595156 0.3449197860962567 0.7387543252595156 0.3449197860962567 0.7629757785467128 0.32754010695187163 0.7629757785467128
1 0.6724598930481283 0.7093425605536332 0.6925133689839572 0.7093425605536332 0.6925133689839572 0.7352941176470589 0.6724598930481283 0.7352941176470589
1 0.8796791443850267 0.7076124567474049 0.8997326203208555 0.7076124567474049 0.8997326203208555 0.7318339100346021 0.8796791443850267 0.7318339100346021
2 0.29679144385026734 0.740484429065744 0.31283422459893045 0.740484429065744 0.31283422459893045 0.7612456747404844 0.29679144385026734 0.7612456747404844
2 0.6711229946524063 0.9550173010380623 0.6925133689839572 0.9550173010380623 0.6925133689839572 0.9844290657439446 0.6711229946524063 0.9844290657439446
2 0.6724598930481283 0.07958477508650519 0.6938502673796791 0.07958477508650519 0.6938502673796791 0.10899653979238755 0.6724598930481283 0.10899653979238755
2 0.8796791443850267 0.9567474048442907 0.9010695187165775 0.9567474048442907 0.9010695187165775 0.9844290657439446 0.8796791443850267 0.9844290657439446
2 0.11764705882352941 0.07785467128027682 0.14171122994652405 0.07785467128027682 0.14171122994652405 0.11072664359861592 0.11764705882352941 0.11072664359861592
2 0.8783422459893048 0.07958477508650519 0.8997326203208555 0.07958477508650519 0.8997326203208555 0.10726643598615918 0.8783422459893048 0.10726643598615918
2 0.3262032085561497 0.9567474048442907 0.3449197860962567 0.9567474048442907 0.3449197860962567 0.9826989619377163 0.3262032085561497 0.9826989619377163
