1 0.27415730337078653 0.886624203821656 0.30898876404494385 0.886624203821656 0.30898876404494385 0.9235668789808916 0.27415730337078653 0.9235668789808916
1 0.6876404494382024 0.7031847133757961 0.7247191011235956 0.7031847133757961 0.7247191011235956 0.7439490445859872 0.6876404494382024 0.7439490445859872
1 0.6887640449438203 0.886624203821656 0.7235955056179776 0.886624203821656 0.7235955056179776 0.9248407643312101 0.6887640449438203 0.9248407643312101
1 0.43483146067415734 0.8878980891719744 0.46741573033707867 0.8878980891719744 0.46741573033707867 0.9248407643312101 0.43483146067415734 0.9248407643312101
0 0.5 0.26878980891719745 0.5292134831460674 0.26878980891719745 0.5292134831460674 0.3006369426751592 0.5 0.3006369426751592
1 0.8483146067415731 0.7057324840764331 0.8831460674157304 0.7057324840764331 0.8831460674157304 0.7426751592356687 0.8483146067415731 0.7426751592356687
1 0.27303370786516856 0.7044585987261146 0.30898876404494385 0.7044585987261146 0.30898876404494385 0.7439490445859872 0.27303370786516856 0.7439490445859872
1 0.08314606741573034 0.4522292993630573 0.11797752808988765 0.4522292993630573 0.11797752808988765 0.489171974522293 0.08314606741573034 0.489171974522293
1 0.3067415730337079 0.2713375796178344 0.3404494382022472 0.2713375796178344 0.3404494382022472 0.30828025477707005 0.3067415730337079 0.30828025477707005
1 0.27640449438202247 0.2751592356687898 0.3067415730337079 0.2751592356687898 0.3067415730337079 0.30828025477707005 0.27640449438202247 0.30828025477707005
2 0.40898876404494383 0.4611464968152866 0.4280898876404495 0.4611464968152866 0.4280898876404495 0.4815286624203821 0.40898876404494383 0.4815286624203821
2 0.31460674157303375 0.06369426751592357 0.33033707865168543 0.06369426751592357 0.33033707865168543 0.08152866242038216 0.31460674157303375 0.08152866242038216
