1 0.5345454545454545 0.7214022140221402 0.5636363636363636 0.7214022140221402 0.5636363636363636 0.7509225092250923 0.5345454545454545 0.7509225092250923
1 0.7072727272727274 0.08856088560885608 0.7327272727272728 0.08856088560885608 0.7327272727272728 0.11439114391143912 0.7072727272727274 0.11439114391143912
1 0.7072727272727274 0.6476014760147603 0.7345454545454546 0.6476014760147603 0.7345454545454546 0.6752767527675277 0.7072727272727274 0.6752767527675277
1 0.8290909090909091 0.496309963099631 0.8563636363636363 0.496309963099631 0.8563636363636363 0.525830258302583 0.8290909090909091 0.525830258302583
2 0.7109090909090909 0.055350553505535055 0.730909090909091 0.055350553505535055 0.730909090909091 0.07564575645756458 0.7109090909090909 0.07564575645756458
1 0.7072727272727274 0.5 0.7309090909090911 0.5 0.7309090909090911 0.525830258302583 0.7072727272727274 0.525830258302583
1 0.03090909090909091 0.5479704797047971 0.06 0.5479704797047971 0.06 0.577490774907749 0.03090909090909091 0.577490774907749
1 0.9272727272727272 0.496309963099631 0.9563636363636364 0.496309963099631 0.9563636363636364 0.5276752767527675 0.9272727272727272 0.5276752767527675
1 0.7072727272727274 0.7859778597785979 0.7345454545454546 0.7859778597785979 0.7345454545454546 0.8136531365313654 0.7072727272727274 0.8136531365313654
1 0.62 0.14944649446494465 0.6472727272727272 0.14944649446494465 0.6472727272727272 0.17712177121771217 0.62 0.17712177121771217
1 0.7090909090909091 0.9114391143911439 0.7327272727272728 0.9114391143911439 0.7327272727272728 0.9354243542435424 0.7090909090909091 0.9354243542435424
1 0.7090909090909091 0.35055350553505543 0.7327272727272728 0.35055350553505543 0.7327272727272728 0.3763837638376385 0.7090909090909091 0.3763837638376385
1 0.6218181818181818 0.8468634686346863 0.6472727272727272 0.8468634686346863 0.6472727272727272 0.8745387453874539 0.6218181818181818 0.8745387453874539
1 0.5309090909090909 0.27121771217712176 0.5636363636363636 0.27121771217712176 0.5636363636363636 0.3044280442804428 0.5309090909090909 0.3044280442804428
2 0.5345454545454545 0.4981549815498155 0.5618181818181818 0.4981549815498155 0.5618181818181818 0.5276752767527675 0.5345454545454545 0.5276752767527675
1 0.7054545454545454 0.20848708487084872 0.7363636363636363 0.20848708487084872 0.7363636363636363 0.24169741697416974 0.7054545454545454 0.24169741697416974
