1 0.6950000000000001 0.9666283084004603 0.716 0.9666283084004603 0.716 0.9907940161104718 0.6950000000000001 0.9907940161104718
1 0.539 0.6708860759493671 0.56 0.6708860759493671 0.56 0.6950517836593786 0.539 0.6950517836593786
1 0.458 0.6156501726121979 0.47700000000000004 0.6156501726121979 0.47700000000000004 0.6363636363636364 0.458 0.6363636363636364
1 0.54 0.9700805523590333 0.561 0.9700805523590333 0.561 0.9919447640966629 0.54 0.9919447640966629
1 0.6950000000000001 0.3130034522439586 0.716 0.3130034522439586 0.716 0.33716915995397007 0.6950000000000001 0.33716915995397007
1 0.6960000000000001 0.5431530494821634 0.716 0.5431530494821634 0.716 0.567318757192175 0.6960000000000001 0.567318757192175
1 0.6950000000000001 0.02186421173762946 0.715 0.02186421173762946 0.715 0.04372842347525892 0.6950000000000001 0.04372842347525892
0 0.27 0.476409666283084 0.28400000000000003 0.476409666283084 0.28400000000000003 0.4936708860759494 0.27 0.4936708860759494
0 0.271 0.9182968929804373 0.28600000000000003 0.9182968929804373 0.28600000000000003 0.9344073647871116 0.271 0.9344073647871116
1 0.268 0.6029919447640967 0.28800000000000003 0.6029919447640967 0.28800000000000003 0.6271576524741082 0.268 0.6271576524741082
1 0.766 0.11737629459148446 0.786 0.11737629459148446 0.786 0.13924050632911392 0.766 0.13924050632911392
1 0.269 0.9700805523590333 0.289 0.9700805523590333 0.289 0.9919447640966629 0.269 0.9919447640966629
1 0.392 0.9700805523590333 0.41200000000000003 0.9700805523590333 0.41200000000000003 0.9919447640966629 0.392 0.9919447640966629
1 0.155 0.4050632911392405 0.177 0.4050632911392405 0.177 0.42922899884925203 0.155 0.42922899884925203
1 0.27 0.02186421173762946 0.289 0.02186421173762946 0.289 0.04487917146144994 0.27 0.04487917146144994
1 0.452 0.9700805523590333 0.47100000000000003 0.9700805523590333 0.47100000000000003 0.9919447640966629 0.452 0.9919447640966629
1 0.20800000000000002 0.9159953970080552 0.228 0.9159953970080552 0.228 0.9378596087456847 0.20800000000000002 0.9378596087456847
1 0.611 0.8469505178365938 0.63 0.8469505178365938 0.63 0.8699654775604143 0.611 0.8699654775604143
1 0.391 0.7733026467203682 0.41100000000000003 0.7733026467203682 0.41100000000000003 0.7963176064441887 0.391 0.7963176064441887
1 0.267 0.5420023014959724 0.28800000000000003 0.5420023014959724 0.28800000000000003 0.5661680092059839 0.267 0.5661680092059839
1 0.391 0.6777905638665133 0.41000000000000003 0.6777905638665133 0.41000000000000003 0.6996547756041427 0.391 0.6996547756041427
1 0.6950000000000001 0.4844649021864212 0.715 0.4844649021864212 0.715 0.5063291139240507 0.6950000000000001 0.5063291139240507
1 0.379 0.5431530494821634 0.399 0.5431530494821634 0.399 0.567318757192175 0.379 0.567318757192175
1 0.267 0.23475258918296893 0.28800000000000003 0.23475258918296893 0.28800000000000003 0.25891829689298046 0.267 0.25891829689298046
2 0.871 0.48791714614499426 0.884 0.48791714614499426 0.884 0.5017261219792866 0.871 0.5017261219792866
1 0.202 0.4062140391254315 0.222 0.4062140391254315 0.222 0.42922899884925203 0.202 0.42922899884925203
1 0.557 0.5420023014959724 0.5730000000000001 0.5420023014959724 0.5730000000000001 0.567318757192175 0.557 0.567318757192175
1 0.543 0.5454545454545454 0.559 0.5454545454545454 0.559 0.567318757192175 0.543 0.567318757192175
