0 0.5271428571428571 0.2275132275132275 0.5614285714285714 0.2275132275132275 0.5614285714285714 0.28835978835978837 0.5271428571428571 0.28835978835978837
0 0.33285714285714285 0.23015873015873015 0.3657142857142857 0.23015873015873015 0.3657142857142857 0.28835978835978837 0.33285714285714285 0.28835978835978837
1 0.24 0.24867724867724866 0.26285714285714284 0.24867724867724866 0.26285714285714284 0.291005291005291 0.24 0.291005291005291
1 0.4342857142857143 0.24603174603174602 0.45714285714285713 0.24603174603174602 0.45714285714285713 0.291005291005291 0.4342857142857143 0.291005291005291
1 0.3357142857142857 0.45238095238095233 0.36142857142857143 0.45238095238095233 0.36142857142857143 0.49470899470899465 0.3357142857142857 0.49470899470899465
0 0.33285714285714285 0.3439153439153439 0.36428571428571427 0.3439153439153439 0.36428571428571427 0.3994708994708994 0.33285714285714285 0.3994708994708994
1 0.5328571428571428 0.36243386243386244 0.5557142857142857 0.36243386243386244 0.5557142857142857 0.40476190476190477 0.5328571428571428 0.40476190476190477
1 0.6314285714285715 0.24867724867724866 0.6542857142857142 0.24867724867724866 0.6542857142857142 0.291005291005291 0.6314285714285715 0.291005291005291
1 0.4342857142857143 0.36243386243386244 0.45714285714285713 0.36243386243386244 0.45714285714285713 0.40476190476190477 0.4342857142857143 0.40476190476190477
1 0.12 0.4365079365079365 0.1357142857142857 0.4365079365079365 0.1357142857142857 0.4656084656084656 0.12 0.4656084656084656
1 0.1442857142857143 0.3677248677248677 0.16142857142857142 0.3677248677248677 0.16142857142857142 0.3994708994708994 0.1442857142857143 0.3994708994708994
2 0.5371428571428571 0.0 0.5485714285714286 0.0 0.5485714285714286 0.010582010582010581 0.5371428571428571 0.010582010582010581
2 0.5328571428571428 0.5925925925925926 0.5514285714285714 0.5925925925925926 0.5514285714285714 0.626984126984127 0.5328571428571428 0.626984126984127
2 0.73 0.36507936507936506 0.7471428571428571 0.36507936507936506 0.7471428571428571 0.3968253968253968 0.73 0.3968253968253968
2 0.3414285714285714 0.0 0.3557142857142857 0.0 0.3557142857142857 0.010582010582010581 0.3414285714285714 0.010582010582010581
2 0.5342857142857143 0.7751322751322751 0.5514285714285714 0.7751322751322751 0.5514285714285714 0.8042328042328042 0.5342857142857143 0.8042328042328042
2 0.7328571428571429 0.0 0.7442857142857143 0.0 0.7442857142857143 0.010582010582010581 0.7328571428571429 0.010582010582010581
1 0.23857142857142857 0.45238095238095233 0.26285714285714284 0.45238095238095233 0.26285714285714284 0.4973544973544973 0.23857142857142857 0.4973544973544973
