1 0.8800505050505051 0.3689189189189189 0.9015151515151515 0.3689189189189189 0.9015151515151515 0.3932432432432432 0.8800505050505051 0.3932432432432432
1 0.6553030303030303 0.27297297297297296 0.6755050505050505 0.27297297297297296 0.6755050505050505 0.2959459459459459 0.6553030303030303 0.2959459459459459
1 0.13383838383838384 0.37027027027027026 0.1553030303030303 0.37027027027027026 0.1553030303030303 0.3932432432432432 0.13383838383838384 0.3932432432432432
1 0.38257575757575757 0.3689189189189189 0.40404040404040403 0.3689189189189189 0.40404040404040403 0.3932432432432432 0.38257575757575757 0.3932432432432432
1 0.4053030303030303 0.2716216216216216 0.42803030303030304 0.2716216216216216 0.42803030303030304 0.2959459459459459 0.4053030303030303 0.2959459459459459
1 0.6313131313131313 0.37027027027027026 0.6527777777777777 0.37027027027027026 0.6527777777777777 0.3932432432432432 0.6313131313131313 0.3932432432432432
1 0.35984848484848486 0.2472972972972973 0.38257575757575757 0.2472972972972973 0.38257575757575757 0.2716216216216216 0.35984848484848486 0.2716216216216216
2 0.8611111111111112 0.2756756756756757 0.8762626262626263 0.2756756756756757 0.8762626262626263 0.2918918918918919 0.8611111111111112 0.2918918918918919
2 0.6553030303030303 0.25135135135135134 0.6742424242424242 0.25135135135135134 0.6742424242424242 0.2702702702702703 0.6553030303030303 0.2702702702702703
2 0.6338383838383839 0.39594594594594595 0.6515151515151515 0.39594594594594595 0.6515151515151515 0.41486486486486485 0.6338383838383839 0.41486486486486485
1 0.6085858585858586 0.24864864864864866 0.6313131313131313 0.24864864864864866 0.6313131313131313 0.27297297297297296 0.6085858585858586 0.27297297297297296
2 0.38636363636363635 0.39729729729729724 0.4027777777777778 0.39729729729729724 0.4027777777777778 0.4148648648648648 0.38636363636363635 0.4148648648648648
2 0.6553030303030303 0.032432432432432434 0.6742424242424242 0.032432432432432434 0.6742424242424242 0.052702702702702706 0.6553030303030303 0.052702702702702706
2 0.13636363636363635 0.39729729729729724 0.15277777777777776 0.39729729729729724 0.15277777777777776 0.4148648648648648 0.13636363636363635 0.4148648648648648
2 0.6123737373737373 0.2756756756756757 0.6275252525252525 0.2756756756756757 0.6275252525252525 0.2918918918918919 0.6123737373737373 0.2918918918918919
2 0.8838383838383836 0.39729729729729724 0.8989898989898989 0.39729729729729724 0.8989898989898989 0.4148648648648648 0.8838383838383836 0.4148648648648648
2 0.36111111111111105 0.032432432432432434 0.38005050505050497 0.032432432432432434 0.38005050505050497 0.052702702702702706 0.36111111111111105 0.052702702702702706
2 0.36237373737373735 0.2756756756756757 0.380050505050505 0.2756756756756757 0.380050505050505 0.29324324324324325 0.36237373737373735 0.29324324324324325
