1 0.032279314888010543 0.6255230125523012 0.043478260869565216 0.6255230125523012 0.043478260869565216 0.6631799163179916 0.032279314888010543 0.6631799163179916
1 0.6646903820816864 0.2510460251046025 0.6778656126482214 0.2510460251046025 0.6778656126482214 0.2928870292887029 0.6646903820816864 0.2928870292887029
1 0.663372859025033 0.4623430962343096 0.6765480895915679 0.4623430962343096 0.6765480895915679 0.502092050209205 0.663372859025033 0.502092050209205
0 0.6646903820816864 0.3263598326359832 0.6765480895915679 0.3263598326359832 0.6765480895915679 0.3619246861924686 0.6646903820816864 0.3619246861924686
1 0.9472990777338604 0.6297071129707112 0.9591567852437418 0.6297071129707112 0.9591567852437418 0.6652719665271966 0.9472990777338604 0.6652719665271966
1 0.6646903820816864 0.6234309623430961 0.6772068511198946 0.6234309623430961 0.6772068511198946 0.6652719665271966 0.6646903820816864 0.6652719665271966
1 0.9255599472990778 0.6276150627615062 0.9374176548089592 0.6276150627615062 0.9374176548089592 0.6652719665271966 0.9255599472990778 0.6652719665271966
1 0.2220026350461133 0.3305439330543933 0.23254281949934125 0.3305439330543933 0.23254281949934125 0.36610878661087864 0.2220026350461133 0.36610878661087864
1 0.6870882740447958 0.6297071129707112 0.6989459815546772 0.6297071129707112 0.6989459815546772 0.6673640167364017 0.6870882740447958 0.6673640167364017
1 0.4420289855072464 0.6255230125523012 0.4552042160737813 0.6255230125523012 0.4552042160737813 0.6673640167364017 0.4420289855072464 0.6673640167364017
1 0.3741765480895916 0.6297071129707112 0.38537549407114624 0.6297071129707112 0.38537549407114624 0.6652719665271966 0.3741765480895916 0.6652719665271966
1 0.886034255599473 0.4602510460251046 0.8985507246376812 0.4602510460251046 0.8985507246376812 0.502092050209205 0.886034255599473 0.502092050209205
1 0.35111989459815546 0.6276150627615062 0.3629776021080369 0.6276150627615062 0.3629776021080369 0.6652719665271966 0.35111989459815546 0.6652719665271966
1 0.8853754940711462 0.6255230125523012 0.8985507246376812 0.6255230125523012 0.8985507246376812 0.6673640167364017 0.8853754940711462 0.6673640167364017
1 0.4426877470355731 0.3326359832635983 0.4538866930171278 0.3326359832635983 0.4538866930171278 0.36820083682008364 0.4426877470355731 0.36820083682008364
1 0.22134387351778656 0.46861924686192463 0.23254281949934125 0.46861924686192463 0.23254281949934125 0.506276150627615 0.22134387351778656 0.506276150627615
1 0.6640316205533597 0.7803347280334727 0.6765480895915679 0.7803347280334727 0.6765480895915679 0.8200836820083681 0.6640316205533597 0.8200836820083681
1 0.48616600790513836 0.0899581589958159 0.4980237154150198 0.0899581589958159 0.4980237154150198 0.12970711297071127 0.48616600790513836 0.12970711297071127
1 0.24374176548089593 0.3305439330543933 0.2549407114624506 0.3305439330543933 0.2549407114624506 0.36820083682008364 0.24374176548089593 0.36820083682008364
1 0.9242424242424243 0.805439330543933 0.9367588932806324 0.805439330543933 0.9367588932806324 0.8451882845188283 0.9242424242424243 0.8451882845188283
1 0.35046113306982873 0.7594142259414225 0.36231884057971014 0.7594142259414225 0.36231884057971014 0.7991631799163179 0.35046113306982873 0.7991631799163179
