0 0.6453333333333333 0.767175572519084 0.6853333333333333 0.767175572519084 0.6853333333333333 0.8244274809160305 0.6453333333333333 0.8244274809160305
1 0.744 0.3778625954198473 0.776 0.3778625954198473 0.776 0.42748091603053434 0.744 0.42748091603053434
0 0.24 0.767175572519084 0.2773333333333333 0.767175572519084 0.2773333333333333 0.8206106870229007 0.24 0.8206106870229007
1 0.33599999999999997 0.3778625954198473 0.37066666666666664 0.3778625954198473 0.37066666666666664 0.42748091603053434 0.33599999999999997 0.42748091603053434
2 0.48533333333333334 0.12595419847328243 0.5173333333333333 0.12595419847328243 0.5173333333333333 0.16793893129770993 0.48533333333333334 0.16793893129770993
2 0.33866666666666667 0.7709923664122137 0.368 0.7709923664122137 0.368 0.8167938931297709 0.33866666666666667 0.8167938931297709
2 0.6186666666666667 0.12595419847328243 0.6506666666666666 0.12595419847328243 0.6506666666666666 0.16793893129770993 0.6186666666666667 0.16793893129770993
2 0.19999999999999998 0.12595419847328243 0.23199999999999998 0.12595419847328243 0.23199999999999998 0.16793893129770993 0.19999999999999998 0.16793893129770993
2 0.49866666666666665 0.8206106870229007 0.528 0.8206106870229007 0.528 0.866412213740458 0.49866666666666665 0.866412213740458
2 0.744 0.7709923664122137 0.776 0.7709923664122137 0.776 0.8167938931297709 0.744 0.8167938931297709
2 0.6186666666666667 0.3778625954198473 0.6533333333333333 0.3778625954198473 0.6533333333333333 0.42748091603053434 0.6186666666666667 0.42748091603053434
2 0.19999999999999998 0.7748091603053435 0.23199999999999998 0.7748091603053435 0.23199999999999998 0.8167938931297709 0.19999999999999998 0.8167938931297709
2 0.48533333333333334 0.7709923664122137 0.5173333333333333 0.7709923664122137 0.5173333333333333 0.8167938931297709 0.48533333333333334 0.8167938931297709
2 0.43466666666666665 0.8167938931297709 0.4693333333333333 0.8167938931297709 0.4693333333333333 0.866412213740458 0.43466666666666665 0.866412213740458
2 0.888 0.3778625954198473 0.9253333333333333 0.3778625954198473 0.9253333333333333 0.42748091603053434 0.888 0.42748091603053434
2 0.19733333333333333 0.37404580152671757 0.23466666666666666 0.37404580152671757 0.23466666666666666 0.42748091603053434 0.19733333333333333 0.42748091603053434
2 0.7946666666666666 0.38167938931297707 0.8266666666666667 0.38167938931297707 0.8266666666666667 0.42748091603053434 0.7946666666666666 0.42748091603053434
2 0.072 0.08015267175572519 0.10133333333333333 0.08015267175572519 0.10133333333333333 0.12213740458015267 0.072 0.12213740458015267
2 0.48266666666666663 0.3778625954198473 0.52 0.3778625954198473 0.52 0.42748091603053434 0.48266666666666663 0.42748091603053434
2 0.38666666666666666 0.3778625954198473 0.42133333333333334 0.3778625954198473 0.42133333333333334 0.42748091603053434 0.38666666666666666 0.42748091603053434
2 0.5226666666666666 0.3778625954198473 0.5546666666666666 0.3778625954198473 0.5546666666666666 0.42748091603053434 0.5226666666666666 0.42748091603053434
2 0.6213333333333333 0.7748091603053435 0.6506666666666666 0.7748091603053435 0.6506666666666666 0.8167938931297709 0.6213333333333333 0.8167938931297709
2 0.104 0.37404580152671757 0.13866666666666666 0.37404580152671757 0.13866666666666666 0.42748091603053434 0.104 0.42748091603053434
