1 0.3991869918699187 0.9075425790754258 0.4113821138211382 0.9075425790754258 0.4113821138211382 0.927007299270073 0.3991869918699187 0.927007299270073
1 0.8495934959349596 0.9111922141119222 0.8593495934959351 0.9111922141119222 0.8593495934959351 0.9257907542579076 0.8495934959349596 0.9257907542579076
1 0.6739837398373983 0.9111922141119222 0.683739837398374 0.9111922141119222 0.683739837398374 0.9257907542579076 0.6739837398373983 0.9257907542579076
1 0.4764227642276423 0.40389294403892945 0.4878048780487805 0.40389294403892945 0.4878048780487805 0.4221411192214112 0.4764227642276423 0.4221411192214112
1 0.5390243902439025 0.9087591240875912 0.551219512195122 0.9087591240875912 0.551219512195122 0.927007299270073 0.5390243902439025 0.927007299270073
1 0.5747967479674797 0.4051094890510949 0.5861788617886179 0.4051094890510949 0.5861788617886179 0.4221411192214112 0.5747967479674797 0.4221411192214112
1 0.12926829268292683 0.31873479318734793 0.14227642276422764 0.31873479318734793 0.14227642276422764 0.3381995133819951 0.12926829268292683 0.3381995133819951
1 0.5398373983739837 0.7737226277372264 0.5528455284552846 0.7737226277372264 0.5528455284552846 0.7919708029197081 0.5398373983739837 0.7919708029197081
1 0.6739837398373983 0.23722627737226276 0.683739837398374 0.23722627737226276 0.683739837398374 0.25304136253041365 0.6739837398373983 0.25304136253041365
1 0.3991869918699187 0.7128953771289538 0.4105691056910569 0.7128953771289538 0.4105691056910569 0.7299270072992701 0.3991869918699187 0.7299270072992701
1 0.5398373983739837 0.19464720194647203 0.5520325203252032 0.19464720194647203 0.5520325203252032 0.2116788321167883 0.5398373983739837 0.2116788321167883
1 0.6723577235772358 0.5632603406326034 0.6853658536585366 0.5632603406326034 0.6853658536585366 0.5827250608272506 0.6723577235772358 0.5827250608272506
1 0.2788617886178862 0.9087591240875912 0.2910569105691057 0.9087591240875912 0.2910569105691057 0.927007299270073 0.2788617886178862 0.927007299270073
1 0.3991869918699187 0.058394160583941604 0.4097560975609756 0.058394160583941604 0.4097560975609756 0.07542579075425791 0.3991869918699187 0.07542579075425791
1 0.3073170731707317 0.057177615571776155 0.3203252032520325 0.057177615571776155 0.3203252032520325 0.07420924574209246 0.3073170731707317 0.07420924574209246
1 0.2788617886178862 0.8138686131386861 0.2910569105691057 0.8138686131386861 0.2910569105691057 0.8321167883211679 0.2788617886178862 0.8321167883211679
1 0.3991869918699187 0.4781021897810219 0.4105691056910569 0.4781021897810219 0.4105691056910569 0.49635036496350365 0.3991869918699187 0.49635036496350365
1 0.27967479674796747 0.057177615571776155 0.29024390243902437 0.057177615571776155 0.29024390243902437 0.072992700729927 0.27967479674796747 0.072992700729927
1 0.6373983739837399 0.40389294403892945 0.6495934959349594 0.40389294403892945 0.6495934959349594 0.4221411192214112 0.6373983739837399 0.4221411192214112
1 0.27967479674796747 0.4781021897810219 0.29024390243902437 0.4781021897810219 0.29024390243902437 0.49391727493917276 0.27967479674796747 0.49391727493917276
1 0.2788617886178862 0.7104622871046229 0.29024390243902437 0.7104622871046229 0.29024390243902437 0.7287104622871047 0.2788617886178862 0.7287104622871047
1 0.791869918699187 0.40389294403892945 0.8032520325203252 0.40389294403892945 0.8032520325203252 0.4221411192214112 0.791869918699187 0.4221411192214112
1 0.540650406504065 0.058394160583941604 0.551219512195122 0.058394160583941604 0.551219512195122 0.07420924574209246 0.540650406504065 0.07420924574209246
1 0.6739837398373983 0.058394160583941604 0.683739837398374 0.058394160583941604 0.683739837398374 0.07420924574209246 0.6739837398373983 0.07420924574209246
1 0.791869918699187 0.9075425790754258 0.8048780487804879 0.9075425790754258 0.8048780487804879 0.927007299270073 0.791869918699187 0.927007299270073
1 0.19349593495934958 0.7725060827250608 0.2073170731707317 0.7725060827250608 0.2073170731707317 0.791970802919708 0.19349593495934958 0.791970802919708
2 0.3983739837398374 0.15206812652068127 0.4105691056910569 0.15206812652068127 0.4105691056910569 0.17153284671532848 0.3983739837398374 0.17153284671532848
1 0.3227642276422764 0.15206812652068127 0.3333333333333333 0.15206812652068127 0.3333333333333333 0.16909975669099755 0.3227642276422764 0.16909975669099755
1 0.8495934959349596 0.058394160583941604 0.8585365853658539 0.058394160583941604 0.8585365853658539 0.07420924574209246 0.8495934959349596 0.07420924574209246
1 0.7913752370811566 0.05729877216916781 0.8041393538082721 0.05729877216916781 0.8041393538082721 0.07639836289222375 0.7913752370811566 0.07639836289222375
1 0.1932851961534622 0.2373806275579809 0.206961035503943 0.2373806275579809 0.206961035503943 0.25511596180081864 0.1932851961534622 0.25511596180081864
1 0.3081622466975011 0.15416098226466576 0.317279472931155 0.15416098226466576 0.317279472931155 0.1705320600272851 0.3081622466975011 0.1705320600272851
1 0.27989884537317405 0.15279672578444747 0.29083951685355874 0.15279672578444747 0.29083951685355874 0.17053206002728513 0.27989884537317405 0.17053206002728513
2 0.1941969187768276 0.31923601637107774 0.206961035503943 0.31923601637107774 0.206961035503943 0.33833560709413363 0.1941969187768276 0.33833560709413363
1 0.13128805776461583 0.4160982264665758 0.14314045186836588 0.4160982264665758 0.14314045186836588 0.4324693042291951 0.13128805776461583 0.4324693042291951
2 0.39751106378730905 0.8267394270122783 0.41118690313778994 0.8267394270122783 0.41118690313778994 0.8458390177353343 0.39751106378730905 0.8458390177353343
1 0.848813762353176 0.859481582537517 0.8606661564569261 0.859481582537517 0.8606661564569261 0.8744884038199181 0.848813762353176 0.8744884038199181
2 0.5406515156556749 0.4051841746248294 0.5506804645126944 0.4051841746248294 0.5506804645126944 0.42155525238744884 0.5406515156556749 0.42155525238744884
