0 0.3206751054852321 0.3793738489871087 0.350210970464135 0.3793738489871087 0.350210970464135 0.41804788213627997 0.3206751054852321 0.41804788213627997
0 0.3206751054852321 0.5138121546961326 0.350210970464135 0.5138121546961326 0.350210970464135 0.5524861878453039 0.3206751054852321 0.5524861878453039
0 0.4120956399437412 0.3793738489871087 0.4416315049226442 0.3793738489871087 0.4416315049226442 0.41804788213627997 0.4120956399437412 0.41804788213627997
0 0.49226441631504925 0.5138121546961326 0.5218002812939522 0.5138121546961326 0.5218002812939522 0.5506445672191529 0.49226441631504925 0.5506445672191529
1 0.05485232067510549 0.4972375690607735 0.07735583684950774 0.4972375690607735 0.07735583684950774 0.5267034990791897 0.05485232067510549 0.5267034990791897
1 0.4219409282700422 0.7955801104972376 0.44303797468354433 0.7955801104972376 0.44303797468354433 0.8232044198895028 0.4219409282700422 0.8232044198895028
1 0.05485232067510549 0.6390423572744015 0.07735583684950774 0.6390423572744015 0.07735583684950774 0.6685082872928177 0.05485232067510549 0.6685082872928177
1 0.1729957805907173 0.7808471454880295 0.19409282700421943 0.7808471454880295 0.19409282700421943 0.8084714548802947 0.1729957805907173 0.8084714548802947
1 0.05485232067510549 0.3425414364640884 0.07735583684950774 0.3425414364640884 0.07735583684950774 0.3720073664825046 0.05485232067510549 0.3720073664825046
0 0.7566807313642757 0.35727440147329653 0.7876230661040787 0.35727440147329653 0.7876230661040787 0.3977900552486188 0.7566807313642757 0.3977900552486188
1 0.7552742616033755 0.7937384898710866 0.7777777777777778 0.7937384898710866 0.7777777777777778 0.8232044198895028 0.7552742616033755 0.8232044198895028
1 0.05485232067510549 0.7882136279926335 0.0759493670886076 0.7882136279926335 0.0759493670886076 0.8158379373848987 0.05485232067510549 0.8158379373848987
1 0.5949367088607596 0.20810313075506445 0.6146272855133614 0.20810313075506445 0.6146272855133614 0.23572744014732966 0.5949367088607596 0.23572744014732966
1 0.4978902953586498 0.39226519337016574 0.5189873417721519 0.39226519337016574 0.5189873417721519 0.419889502762431 0.4978902953586498 0.419889502762431
1 0.3234880450070324 0.44198895027624313 0.3459915611814346 0.44198895027624313 0.3459915611814346 0.4696132596685083 0.3234880450070324 0.4696132596685083
1 0.05485232067510549 0.3001841620626151 0.0759493670886076 0.3001841620626151 0.0759493670886076 0.3296500920810313 0.05485232067510549 0.3296500920810313
1 0.4978902953586498 0.20810313075506445 0.5189873417721519 0.20810313075506445 0.5189873417721519 0.23572744014732966 0.4978902953586498 0.23572744014732966
1 0.41631504922644164 0.3001841620626151 0.43741209563994377 0.3001841620626151 0.43741209563994377 0.3296500920810313 0.41631504922644164 0.3296500920810313
1 0.5949367088607596 0.053406998158379376 0.6160337552742616 0.053406998158379376 0.6160337552742616 0.08103130755064457 0.5949367088607596 0.08103130755064457
1 0.7623066104078763 0.2099447513812155 0.7819971870604782 0.2099447513812155 0.7819971870604782 0.23572744014732966 0.7623066104078763 0.23572744014732966
1 0.679324894514768 0.6666666666666667 0.7032348804500703 0.6666666666666667 0.7032348804500703 0.6961325966850829 0.679324894514768 0.6961325966850829
1 0.26019690576652604 0.8655616942909761 0.2812939521800281 0.8655616942909761 0.2812939521800281 0.8913443830570903 0.26019690576652604 0.8913443830570903
1 0.679324894514768 0.5248618784530387 0.7032348804500703 0.5248618784530387 0.7032348804500703 0.5543278084714549 0.679324894514768 0.5543278084714549
1 0.8270042194092827 0.39226519337016574 0.8481012658227848 0.39226519337016574 0.8481012658227848 0.419889502762431 0.8270042194092827 0.419889502762431
1 0.5836849507735584 0.3701657458563536 0.6047819971870605 0.3701657458563536 0.6047819971870605 0.39963167587476983 0.5836849507735584 0.39963167587476983
1 0.8255977496483826 0.5543278084714549 0.849507735583685 0.5543278084714549 0.849507735583685 0.5837937384898712 0.8255977496483826 0.5837937384898712
1 0.3248945147679325 0.2099447513812155 0.3459915611814346 0.2099447513812155 0.3459915611814346 0.23572744014732966 0.3248945147679325 0.23572744014732966
1 0.8270042194092827 0.6666666666666667 0.849507735583685 0.6666666666666667 0.849507735583685 0.6961325966850829 0.8270042194092827 0.6961325966850829
0 0.6765119549929677 0.5488029465930019 0.7060478199718706 0.5488029465930019 0.7060478199718706 0.5801104972375691 0.6765119549929677 0.5801104972375691
1 0.7623066104078763 0.39226519337016574 0.7819971870604782 0.39226519337016574 0.7819971870604782 0.41804788213627997 0.7623066104078763 0.41804788213627997
