0 0.1284722222222222 0.18414918414918416 0.15162037037037035 0.18414918414918416 0.15162037037037035 0.2331002331002331 0.1284722222222222 0.2331002331002331
0 0.1284722222222222 0.3682983682983683 0.14699074074074073 0.3682983682983683 0.14699074074074073 0.40326340326340326 0.1284722222222222 0.40326340326340326
0 0.2962962962962963 0.717948717948718 0.32060185185185186 0.717948717948718 0.32060185185185186 0.7668997668997669 0.2962962962962963 0.7668997668997669
0 0.6828703703703703 0.1282051282051282 0.7002314814814814 0.1282051282051282 0.7002314814814814 0.16317016317016317 0.6828703703703703 0.16317016317016317
0 0.4756944444444444 0.7156177156177156 0.5011574074074073 0.7156177156177156 0.5011574074074073 0.7668997668997669 0.4756944444444444 0.7668997668997669
0 0.08217592592592592 0.1864801864801865 0.10416666666666666 0.1864801864801865 0.10416666666666666 0.2331002331002331 0.08217592592592592 0.2331002331002331
1 0.13078703703703703 0.053613053613053616 0.14583333333333331 0.053613053613053616 0.14583333333333331 0.08158508158508158 0.13078703703703703 0.08158508158508158
1 0.13078703703703703 0.9090909090909091 0.14583333333333331 0.9090909090909091 0.14583333333333331 0.9393939393939394 0.13078703703703703 0.9393939393939394
1 0.20601851851851852 0.9090909090909091 0.2210648148148148 0.9090909090909091 0.2210648148148148 0.9393939393939394 0.20601851851851852 0.9393939393939394
1 0.537037037037037 0.05128205128205128 0.5509259259259259 0.05128205128205128 0.5509259259259259 0.08158508158508158 0.537037037037037 0.08158508158508158
0 0.20601851851851852 0.717948717948718 0.22916666666666666 0.717948717948718 0.22916666666666666 0.7645687645687645 0.20601851851851852 0.7645687645687645
1 0.2997685185185185 0.9090909090909091 0.3136574074074074 0.9090909090909091 0.3136574074074074 0.9393939393939394 0.2997685185185185 0.9393939393939394
1 0.26157407407407407 0.05128205128205128 0.27662037037037035 0.05128205128205128 0.27662037037037035 0.08158508158508158 0.26157407407407407 0.08158508158508158
1 0.5069444444444444 0.05128205128205128 0.5208333333333333 0.05128205128205128 0.5208333333333333 0.07925407925407925 0.5069444444444444 0.07925407925407925
1 0.48032407407407407 0.9067599067599068 0.49537037037037035 0.9067599067599068 0.49537037037037035 0.9393939393939394 0.48032407407407407 0.9393939393939394
1 0.6145833333333333 0.6013986013986014 0.630787037037037 0.6013986013986014 0.630787037037037 0.634032634032634 0.6145833333333333 0.634032634032634
1 0.6504629629629629 0.9090909090909091 0.6643518518518519 0.9090909090909091 0.6643518518518519 0.9393939393939394 0.6504629629629629 0.9393939393939394
0 0.7337962962962963 0.1282051282051282 0.7523148148148148 0.1282051282051282 0.7523148148148148 0.1655011655011655 0.7337962962962963 0.1655011655011655
0 0.6828703703703703 0.34965034965034963 0.7002314814814814 0.34965034965034963 0.7002314814814814 0.3822843822843823 0.6828703703703703 0.3822843822843823
1 0.6840277777777778 0.04895104895104895 0.7002314814814814 0.04895104895104895 0.7002314814814814 0.08158508158508158 0.6840277777777778 0.08158508158508158
1 0.7349537037037036 0.9067599067599068 0.7511574074074073 0.9067599067599068 0.7511574074074073 0.9393939393939394 0.7349537037037036 0.9393939393939394
1 0.13078703703703703 0.6130536130536131 0.14583333333333331 0.6130536130536131 0.14583333333333331 0.6433566433566433 0.13078703703703703 0.6433566433566433
1 0.29166666666666663 0.05128205128205128 0.30671296296296297 0.05128205128205128 0.30671296296296297 0.08158508158508158 0.29166666666666663 0.08158508158508158
0 0.505787037037037 0.1282051282051282 0.5219907407407407 0.1282051282051282 0.5219907407407407 0.16083916083916083 0.505787037037037 0.16083916083916083
1 0.2997685185185185 0.6130536130536131 0.31481481481481477 0.6130536130536131 0.31481481481481477 0.6433566433566433 0.2997685185185185 0.6433566433566433
1 0.736111111111111 0.04895104895104895 0.7511574074074073 0.04895104895104895 0.7511574074074073 0.07925407925407925 0.736111111111111 0.07925407925407925
1 0.08333333333333333 0.9090909090909091 0.09837962962962962 0.9090909090909091 0.09837962962962962 0.9393939393939394 0.08333333333333333 0.9393939393939394
1 0.505787037037037 0.27972027972027974 0.5219907407407407 0.27972027972027974 0.5219907407407407 0.31002331002331 0.505787037037037 0.31002331002331
1 0.08449074074074074 0.053613053613053616 0.09953703703703703 0.053613053613053616 0.09953703703703703 0.08391608391608392 0.08449074074074074 0.08391608391608392
1 0.9016203703703703 0.2191142191142191 0.9178240740740741 0.2191142191142191 0.9178240740740741 0.2517482517482518 0.9016203703703703 0.2517482517482518
1 0.505787037037037 0.36363636363636365 0.5219907407407407 0.36363636363636365 0.5219907407407407 0.3962703962703963 0.505787037037037 0.3962703962703963
1 0.8333333333333333 0.04895104895104895 0.849537037037037 0.04895104895104895 0.849537037037037 0.07925407925407925 0.8333333333333333 0.07925407925407925
1 0.8333333333333333 0.2191142191142191 0.849537037037037 0.2191142191142191 0.849537037037037 0.2517482517482518 0.8333333333333333 0.2517482517482518
1 0.48148148148148145 0.6130536130536131 0.49652777777777773 0.6130536130536131 0.49652777777777773 0.6433566433566433 0.48148148148148145 0.6433566433566433
1 0.6493055555555555 0.7365967365967366 0.6655092592592592 0.7365967365967366 0.6655092592592592 0.7668997668997669 0.6493055555555555 0.7668997668997669
1 0.6840277777777778 0.6013986013986014 0.7002314814814814 0.6013986013986014 0.7002314814814814 0.634032634032634 0.6840277777777778 0.634032634032634
1 0.537037037037037 0.27972027972027974 0.5509259259259259 0.27972027972027974 0.5509259259259259 0.3076923076923077 0.537037037037037 0.3076923076923077
1 0.26273148148148145 0.28205128205128205 0.27662037037037035 0.28205128205128205 0.27662037037037035 0.31002331002331 0.26273148148148145 0.31002331002331
1 0.08564814814814814 0.3776223776223776 0.09953703703703703 0.3776223776223776 0.09953703703703703 0.40559440559440557 0.08564814814814814 0.40559440559440557
1 0.26273148148148145 0.36596736596736595 0.27662037037037035 0.36596736596736595 0.27662037037037035 0.3962703962703963 0.26273148148148145 0.3962703962703963
1 0.7997685185185185 0.5384615384615384 0.8136574074074073 0.5384615384615384 0.8136574074074073 0.5641025641025641 0.7997685185185185 0.5641025641025641
1 0.6840277777777778 0.9090909090909091 0.6990740740740741 0.9090909090909091 0.6990740740740741 0.9370629370629371 0.6840277777777778 0.9370629370629371
1 0.25 0.8344988344988346 0.26273148148148145 0.8344988344988346 0.26273148148148145 0.8601398601398601 0.25 0.8601398601398601
1 0.6504629629629629 0.6013986013986014 0.6655092592592592 0.6013986013986014 0.6655092592592592 0.634032634032634 0.6504629629629629 0.634032634032634
1 0.8680555555555555 0.6130536130536131 0.8819444444444444 0.6130536130536131 0.8819444444444444 0.6410256410256411 0.8680555555555555 0.6410256410256411
1 0.7997685185185185 0.1351981351981352 0.8159722222222222 0.1351981351981352 0.8159722222222222 0.16783216783216784 0.7997685185185185 0.16783216783216784
1 0.787037037037037 0.44988344988344986 0.8020833333333333 0.44988344988344986 0.8020833333333333 0.4801864801864802 0.787037037037037 0.4801864801864802
1 0.7349537037037036 0.3543123543123543 0.75 0.3543123543123543 0.75 0.38461538461538464 0.7349537037037036 0.38461538461538464
1 0.7731481481481481 0.5384615384615384 0.7881944444444444 0.5384615384615384 0.7881944444444444 0.5641025641025641 0.7731481481481481 0.5641025641025641
2 0.7349537037037036 0.8344988344988346 0.7523148148148148 0.8344988344988346 0.7523148148148148 0.8671328671328671 0.7349537037037036 0.8671328671328671
1 0.21180555555555555 0.7692307692307693 0.22453703703703703 0.7692307692307693 0.22453703703703703 0.7948717948717948 0.21180555555555555 0.7948717948717948
0 0.2962962962962963 0.20512820512820512 0.30787037037037035 0.20512820512820512 0.30787037037037035 0.24475524475524477 0.2962962962962963 0.24475524475524477
2 0.14583333333333331 0.28438228438228436 0.1597222222222222 0.28438228438228436 0.1597222222222222 0.3076923076923077 0.14583333333333331 0.3076923076923077
0 0.3726851851851852 0.4149184149184149 0.3993055555555555 0.4149184149184149 0.3993055555555555 0.47086247086247085 0.3726851851851852 0.47086247086247085
2 0.2847222222222222 0.8344988344988346 0.29745370370370366 0.8344988344988346 0.29745370370370366 0.8601398601398601 0.2847222222222222 0.8601398601398601
0 0.6481481481481481 0.8438228438228438 0.6678240740740741 0.8438228438228438 0.6678240740740741 0.8694638694638694 0.6481481481481481 0.8694638694638694
0 0.6851851851851851 0.8414918414918415 0.7013888888888888 0.8414918414918415 0.7013888888888888 0.8671328671328671 0.6851851851851851 0.8671328671328671
