1 0.5046357615894039 0.4189473684210526 0.5284768211920529 0.4189473684210526 0.5284768211920529 0.4568421052631579 0.5046357615894039 0.4568421052631579
1 0.5046357615894039 0.27157894736842103 0.5271523178807946 0.27157894736842103 0.5271523178807946 0.30736842105263157 0.5046357615894039 0.30736842105263157
1 0.2 0.6421052631578948 0.223841059602649 0.6421052631578948 0.223841059602649 0.6800000000000002 0.2 0.6800000000000002
1 0.8092715231788079 0.7536842105263157 0.8357615894039735 0.7536842105263157 0.8357615894039735 0.7957894736842105 0.8092715231788079 0.7957894736842105
1 0.31788079470198677 0.4189473684210526 0.34172185430463575 0.4189473684210526 0.34172185430463575 0.4568421052631579 0.31788079470198677 0.4568421052631579
1 0.40927152317880805 0.7515789473684209 0.43708609271523186 0.7515789473684209 0.43708609271523186 0.7957894736842104 0.40927152317880805 0.7957894736842104
2 0.5059602649006623 0.3873684210526316 0.5271523178807948 0.3873684210526316 0.5271523178807948 0.4189473684210526 0.5059602649006623 0.4189473684210526
1 0.8088523765613211 0.4587341772151899 0.8340179394752284 0.4587341772151899 0.8340179394752284 0.4987341772151899 0.8088523765613211 0.4987341772151899
1 0.4105960264900662 0.5684210526315789 0.43443708609271525 0.5684210526315789 0.43443708609271525 0.6063157894736843 0.4105960264900662 0.6063157894736843
1 0.3165562913907285 0.38315789473684203 0.3403973509933775 0.38315789473684203 0.3403973509933775 0.4210526315789473 0.3165562913907285 0.4210526315789473
2 0.8118534663425266 0.5020652898067954 0.8343700226339174 0.5020652898067954 0.8343700226339174 0.5399600266489006 0.8118534663425266 0.5399600266489006
2 0.7213010311006791 0.05729513657561625 0.7385195741470367 0.05729513657561625 0.7385195741470367 0.08466355762824783 0.7213010311006791 0.08466355762824783
2 0.9059602649006621 0.05263157894736842 0.9258278145695362 0.05263157894736842 0.9258278145695362 0.08210526315789474 0.9059602649006621 0.08210526315789474
2 0.4137312431888674 0.46094603597601597 0.4349232961689999 0.46094603597601597 0.4349232961689999 0.49673550966022645 0.4137312431888674 0.49673550966022645
