1 0.7636932707355243 0.01366742596810934 0.7902973395931142 0.01366742596810934 0.7902973395931142 0.05239179954441914 0.7636932707355243 0.05239179954441914
1 0.4381846635367762 0.30751708428246016 0.46635367762128327 0.30751708428246016 0.46635367762128327 0.34851936218678814 0.4381846635367762 0.34851936218678814
1 0.4397496087636933 0.0387243735763098 0.46635367762128327 0.0387243735763098 0.46635367762128327 0.07517084282460136 0.4397496087636933 0.07517084282460136
1 0.3724569640062597 0.07289293849658314 0.4006259780907668 0.07289293849658314 0.4006259780907668 0.11161731207289294 0.3724569640062597 0.11161731207289294
1 0.4381846635367762 0.07289293849658314 0.46635367762128327 0.07289293849658314 0.46635367762128327 0.11161731207289294 0.4381846635367762 0.11161731207289294
1 0.6478873239436621 0.015945330296127564 0.6729264475743351 0.015945330296127564 0.6729264475743351 0.05239179954441914 0.6478873239436621 0.05239179954441914
1 0.460093896713615 0.6446469248291572 0.48513302034428796 0.6446469248291572 0.48513302034428796 0.6856492027334852 0.460093896713615 0.6856492027334852
1 0.7621283255086072 0.6742596810933941 0.7918622848200313 0.6742596810933941 0.7918622848200313 0.715261958997722 0.7621283255086072 0.715261958997722
1 0.6463223787167449 0.6765375854214123 0.6744913928012519 0.6765375854214123 0.6744913928012519 0.715261958997722 0.6463223787167449 0.715261958997722
1 0.4413145539906103 0.3895216400911162 0.46635367762128327 0.3895216400911162 0.46635367762128327 0.42369020501138954 0.4413145539906103 0.42369020501138954
1 0.4397496087636933 0.357630979498861 0.4679186228482003 0.357630979498861 0.4679186228482003 0.39635535307517084 0.4397496087636933 0.39635535307517084
1 0.3129890453834116 0.30751708428246016 0.3395931142410016 0.30751708428246016 0.3395931142410016 0.3462414578587699 0.3129890453834116 0.3462414578587699
1 0.3724569640062597 0.30751708428246016 0.4006259780907668 0.30751708428246016 0.4006259780907668 0.3462414578587699 0.3724569640062597 0.3462414578587699
