0 0.6116352201257862 0.7811387900355872 0.6446540880503145 0.7811387900355872 0.6446540880503145 0.8185053380782917 0.6116352201257862 0.8185053380782917
0 0.339622641509434 0.5338078291814946 0.37421383647798745 0.5338078291814946 0.37421383647798745 0.5747330960854092 0.339622641509434 0.5747330960854092
0 0.6116352201257862 0.6672597864768683 0.6477987421383649 0.6672597864768683 0.6477987421383649 0.7081850533807829 0.6116352201257862 0.7081850533807829
0 0.18710691823899372 0.5338078291814946 0.22327044025157233 0.5338078291814946 0.22327044025157233 0.5747330960854092 0.18710691823899372 0.5747330960854092
1 0.27044025157232704 0.32562277580071175 0.2971698113207547 0.32562277580071175 0.2971698113207547 0.3558718861209964 0.27044025157232704 0.3558718861209964
1 0.6147798742138365 0.18505338078291814 0.6446540880503145 0.18505338078291814 0.6446540880503145 0.2188612099644128 0.6147798742138365 0.2188612099644128
1 0.6132075471698114 0.6192170818505338 0.6446540880503145 0.6192170818505338 0.6446540880503145 0.6548042704626335 0.6132075471698114 0.6548042704626335
1 0.6132075471698114 0.398576512455516 0.6430817610062893 0.398576512455516 0.6430817610062893 0.43238434163701067 0.6132075471698114 0.43238434163701067
2 0.5738993710691824 0.023131672597864767 0.5911949685534591 0.023131672597864767 0.5911949685534591 0.042704626334519574 0.5738993710691824 0.042704626334519574
1 0.8946540880503145 0.1797153024911032 0.9245283018867925 0.1797153024911032 0.9245283018867925 0.21352313167259784 0.8946540880503145 0.21352313167259784
1 0.6132075471698114 0.7491103202846975 0.6430817610062893 0.7491103202846975 0.6430817610062893 0.7811387900355872 0.6132075471698114 0.7811387900355872
1 0.5707547169811321 0.046263345195729534 0.5959119496855346 0.046263345195729534 0.5959119496855346 0.07829181494661921 0.5707547169811321 0.07829181494661921
1 0.5235849056603774 0.8434163701067615 0.550314465408805 0.8434163701067615 0.550314465408805 0.8718861209964412 0.5235849056603774 0.8718861209964412
1 0.6163522012578617 0.051601423487544484 0.639937106918239 0.051601423487544484 0.639937106918239 0.07829181494661921 0.6163522012578617 0.07829181494661921
1 0.8930817610062893 0.398576512455516 0.9245283018867925 0.398576512455516 0.9245283018867925 0.43238434163701067 0.8930817610062893 0.43238434163701067
1 0.8930817610062893 0.6743772241992882 0.9261006289308177 0.6743772241992882 0.9261006289308177 0.7135231316725978 0.8930817610062893 0.7135231316725978
1 0.889937106918239 0.6156583629893239 0.9261006289308177 0.6156583629893239 0.9261006289308177 0.6583629893238434 0.889937106918239 0.6583629893238434
