0 0.38703703703703707 0.1037037037037037 0.4185185185185185 0.1037037037037037 0.4185185185185185 0.14814814814814814 0.38703703703703707 0.14814814814814814
2 0.05555555555555556 0.9308641975308641 0.08333333333333334 0.9308641975308641 0.08333333333333334 0.9654320987654321 0.05555555555555556 0.9654320987654321
1 0.6148148148148148 0.11358024691358025 0.6425925925925926 0.11358024691358025 0.6425925925925926 0.15061728395061727 0.6148148148148148 0.15061728395061727
1 0.6148148148148148 0.2839506172839506 0.6462962962962964 0.2839506172839506 0.6462962962962964 0.3259259259259259 0.6148148148148148 0.3259259259259259
1 0.48333333333333334 0.2839506172839506 0.5148148148148148 0.2839506172839506 0.5148148148148148 0.3259259259259259 0.48333333333333334 0.3259259259259259
1 0.2555555555555556 0.4567901234567901 0.28703703703703703 0.4567901234567901 0.28703703703703703 0.49876543209876545 0.2555555555555556 0.49876543209876545
1 0.48333333333333334 0.4567901234567901 0.5148148148148148 0.4567901234567901 0.5148148148148148 0.49876543209876545 0.48333333333333334 0.49876543209876545
1 0.2574074074074074 0.8024691358024691 0.28703703703703703 0.8024691358024691 0.28703703703703703 0.8444444444444444 0.2574074074074074 0.8444444444444444
1 0.48333333333333334 0.6320987654320988 0.5148148148148148 0.6320987654320988 0.5148148148148148 0.671604938271605 0.48333333333333334 0.671604938271605
1 0.6148148148148148 0.4567901234567901 0.6462962962962964 0.4567901234567901 0.6462962962962964 0.49876543209876545 0.6148148148148148 0.49876543209876545
1 0.2611111111111111 0.11851851851851852 0.2833333333333333 0.11851851851851852 0.2833333333333333 0.14814814814814814 0.2611111111111111 0.14814814814814814
1 0.16296296296296298 0.11358024691358025 0.18888888888888888 0.11358024691358025 0.18888888888888888 0.14814814814814814 0.16296296296296298 0.14814814814814814
1 0.48333333333333334 0.8049382716049382 0.5148148148148148 0.8049382716049382 0.5148148148148148 0.8469135802469135 0.48333333333333334 0.8469135802469135
1 0.812962962962963 0.11358024691358025 0.8388888888888889 0.11358024691358025 0.8388888888888889 0.15061728395061727 0.812962962962963 0.15061728395061727
