0 0.5312157721796276 0.4660347551342812 0.5717415115005476 0.4660347551342812 0.5717415115005476 0.5197472353870458 0.5312157721796276 0.5197472353870458
1 0.34501642935377874 0.693522906793049 0.36363636363636365 0.693522906793049 0.36363636363636365 0.7203791469194313 0.34501642935377874 0.7203791469194313
1 0.3461117196056955 0.4928909952606635 0.36254107338444685 0.4928909952606635 0.36254107338444685 0.5165876777251185 0.3461117196056955 0.5165876777251185
1 0.1796276013143483 0.4928909952606635 0.1949616648411829 0.4928909952606635 0.1949616648411829 0.5165876777251185 0.1796276013143483 0.5165876777251185
1 0.7009857612267251 0.6951026856240127 0.7185104052573932 0.6951026856240127 0.7185104052573932 0.7203791469194313 0.7009857612267251 0.7203791469194313
1 0.7020810514786419 0.4913112164296998 0.71960569550931 0.4913112164296998 0.71960569550931 0.5165876777251185 0.7020810514786419 0.5165876777251185
1 0.34720700985761227 0.08530805687203791 0.36254107338444685 0.08530805687203791 0.36254107338444685 0.10900473933649289 0.34720700985761227 0.10900473933649289
1 0.7020810514786419 0.28751974723538704 0.7185104052573932 0.28751974723538704 0.7185104052573932 0.3127962085308057 0.7020810514786419 0.3127962085308057
1 0.3461117196056955 0.2890995260663507 0.36254107338444685 0.2890995260663507 0.36254107338444685 0.31121642969984203 0.3461117196056955 0.31121642969984203
1 0.3461117196056955 0.9067930489731437 0.36254107338444685 0.9067930489731437 0.36254107338444685 0.9304897314375987 0.3461117196056955 0.9304897314375987
2 0.34720700985761227 0.05845181674565561 0.3614457831325301 0.05845181674565561 0.3614457831325301 0.07582938388625593 0.34720700985761227 0.07582938388625593
