1 0.5711805555555556 0.6525252525252525 0.5920138888888888 0.6525252525252525 0.5920138888888888 0.6767676767676768 0.5711805555555556 0.6767676767676768
1 0.7378472222222221 0.593939393939394 0.7604166666666665 0.593939393939394 0.7604166666666665 0.6202020202020202 0.7378472222222221 0.6202020202020202
1 0.5694444444444444 0.7292929292929293 0.5920138888888888 0.7292929292929293 0.5920138888888888 0.7555555555555555 0.5694444444444444 0.7555555555555555
1 0.5711805555555556 0.5353535353535354 0.5920138888888888 0.5353535353535354 0.5920138888888888 0.5575757575757576 0.5711805555555556 0.5575757575757576
1 0.43576388888888895 0.2606060606060606 0.4583333333333333 0.2606060606060606 0.4583333333333333 0.2868686868686869 0.43576388888888895 0.2868686868686869
1 0.203125 0.22424242424242424 0.2222222222222222 0.22424242424242424 0.2222222222222222 0.24646464646464647 0.203125 0.24646464646464647
1 0.2847222222222222 0.7090909090909091 0.3072916666666667 0.7090909090909091 0.3072916666666667 0.7373737373737373 0.2847222222222222 0.7373737373737373
1 0.4375 0.47878787878787876 0.4565972222222222 0.47878787878787876 0.4565972222222222 0.501010101010101 0.4375 0.501010101010101
1 0.2013888888888889 0.4 0.2222222222222222 0.4 0.2222222222222222 0.4222222222222222 0.2013888888888889 0.4222222222222222
1 0.5711805555555556 0.8868686868686869 0.5920138888888888 0.8868686868686869 0.5920138888888888 0.9111111111111111 0.5711805555555556 0.9111111111111111
1 0.2847222222222222 0.5555555555555556 0.3055555555555556 0.5555555555555556 0.3055555555555556 0.5797979797979798 0.2847222222222222 0.5797979797979798
1 0.3680555555555556 0.2222222222222222 0.390625 0.2222222222222222 0.390625 0.24646464646464647 0.3680555555555556 0.24646464646464647
1 0.36979166666666674 0.3595959595959596 0.388888888888889 0.3595959595959596 0.388888888888889 0.3838383838383838 0.36979166666666674 0.3838383838383838
1 0.43576388888888895 0.3595959595959596 0.4565972222222222 0.3595959595959596 0.4565972222222222 0.3838383838383838 0.43576388888888895 0.3838383838383838
1 0.470486111111111 0.4 0.48958333333333326 0.4 0.48958333333333326 0.4222222222222222 0.470486111111111 0.4222222222222222
1 0.11631944444444445 0.6525252525252525 0.1371527777777778 0.6525252525252525 0.1371527777777778 0.6767676767676768 0.11631944444444445 0.6767676767676768
1 0.8229166666666665 0.593939393939394 0.8437499999999998 0.593939393939394 0.8437499999999998 0.6181818181818182 0.8229166666666665 0.6181818181818182
1 0.2847222222222222 0.301010101010101 0.3055555555555556 0.301010101010101 0.3055555555555556 0.32525252525252524 0.2847222222222222 0.32525252525252524
1 0.2847222222222222 0.08686868686868687 0.3055555555555556 0.08686868686868687 0.3055555555555556 0.1111111111111111 0.2847222222222222 0.1111111111111111
1 0.36979166666666674 0.08888888888888889 0.388888888888889 0.08888888888888889 0.388888888888889 0.10909090909090909 0.36979166666666674 0.10909090909090909
1 0.5729166666666666 0.4585858585858586 0.5902777777777778 0.4585858585858586 0.5902777777777778 0.47878787878787876 0.5729166666666666 0.47878787878787876
1 0.2013888888888889 0.08888888888888889 0.2222222222222222 0.08888888888888889 0.2222222222222222 0.10909090909090909 0.2013888888888889 0.10909090909090909
1 0.2829861111111111 0.8868686868686869 0.3055555555555556 0.8868686868686869 0.3055555555555556 0.9131313131313131 0.2829861111111111 0.9131313131313131
1 0.5711805555555556 0.08888888888888889 0.5920138888888888 0.08888888888888889 0.5920138888888888 0.1111111111111111 0.5711805555555556 0.1111111111111111
2 0.11059409467762225 0.4694392290661444 0.14804944851580415 0.4694392290661444 0.14804944851580415 0.5090047712299541 0.11059409467762225 0.5090047712299541
2 0.43580090125101817 0.39402553180034805 0.46115899585461556 0.39402553180034805 0.46115899585461556 0.4315493374787176 0.43580090125101817 0.4315493374787176
2 0.4346558312976533 0.07756310607742986 0.4623040658079796 0.07756310607742986 0.4623040658079796 0.12174913693901039 0.4346558312976533 0.12174913693901039
2 0.35955196535642875 0.3944037308461027 0.4002019487008659 0.3944037308461027 0.4002019487008659 0.43437708194537 0.35955196535642875 0.43437708194537
