0 0.40625 0.24088541666666666 0.4345703125 0.24088541666666666 0.4345703125 0.2786458333333333 0.40625 0.2786458333333333
0 0.5654296875 0.5807291666666666 0.5927734375 0.5807291666666666 0.5927734375 0.6197916666666666 0.5654296875 0.6197916666666666
1 0.81640625 0.37890625 0.8369140625 0.37890625 0.8369140625 0.40494791666666663 0.81640625 0.40494791666666663
1 0.224609375 0.46354166666666663 0.2431640625 0.46354166666666663 0.2431640625 0.48697916666666663 0.224609375 0.48697916666666663
1 0.287109375 0.2552083333333333 0.3046875 0.2552083333333333 0.3046875 0.2786458333333333 0.287109375 0.2786458333333333
1 0.0654296875 0.6276041666666666 0.0869140625 0.6276041666666666 0.0869140625 0.6549479166666666 0.0654296875 0.6549479166666666
1 0.12890625 0.625 0.150390625 0.625 0.150390625 0.6549479166666666 0.12890625 0.6549479166666666
1 0.3173828125 0.4622395833333333 0.3359375 0.4622395833333333 0.3359375 0.48697916666666663 0.3173828125 0.48697916666666663
1 0.5673828125 0.41796875 0.5888671875 0.41796875 0.5888671875 0.4466145833333333 0.5673828125 0.4466145833333333
1 0.1923828125 0.45963541666666663 0.212890625 0.45963541666666663 0.212890625 0.48697916666666663 0.1923828125 0.48697916666666663
2 0.40625 0.4700520833333333 0.4306640625 0.4700520833333333 0.4306640625 0.5013020833333333 0.40625 0.5013020833333333
2 0.0576171875 0.9348958333333333 0.08203125 0.9348958333333333 0.08203125 0.9661458333333333 0.0576171875 0.9661458333333333
