1 0.6359375 0.35693215339233036 0.6625 0.35693215339233036 0.6625 0.40707964601769914 0.6359375 0.40707964601769914
1 0.6359375 0.10914454277286138 0.6609375 0.10914454277286138 0.6609375 0.15634218289085547 0.6359375 0.15634218289085547
1 0.3734375 0.2713864306784661 0.403125 0.2713864306784661 0.403125 0.32448377581120946 0.3734375 0.32448377581120946
1 0.634375 0.8525073746312686 0.6640625 0.8525073746312686 0.6640625 0.9085545722713866 0.634375 0.9085545722713866
1 0.7703125 0.696165191740413 0.7921875 0.696165191740413 0.7921875 0.7374631268436579 0.7703125 0.7374631268436579
1 0.375 0.10914454277286138 0.4015625 0.10914454277286138 0.4015625 0.15634218289085547 0.375 0.15634218289085547
1 0.896875 0.855457227138643 0.921875 0.855457227138643 0.921875 0.9085545722713865 0.896875 0.9085545722713865
1 0.834375 0.36283185840707965 0.85625 0.36283185840707965 0.85625 0.40412979351032446 0.834375 0.40412979351032446
1 0.7671875 0.2713864306784661 0.79375 0.2713864306784661 0.79375 0.3215339233038348 0.7671875 0.3215339233038348
1 0.246875 0.8613569321533924 0.2671875 0.8613569321533924 0.2671875 0.9026548672566371 0.246875 0.9026548672566371
1 0.1171875 0.5339233038348082 0.1375 0.5339233038348082 0.1375 0.5693215339233039 0.1171875 0.5693215339233039
1 0.8359375 0.8613569321533924 0.85625 0.8613569321533924 0.85625 0.9056047197640118 0.8359375 0.9056047197640118
1 0.44375 0.528023598820059 0.465625 0.528023598820059 0.465625 0.5693215339233039 0.44375 0.5693215339233039
1 0.1171875 0.696165191740413 0.1375 0.696165191740413 0.1375 0.7345132743362832 0.1171875 0.7345132743362832
1 0.5703125 0.6902654867256637 0.596875 0.6902654867256637 0.596875 0.7433628318584071 0.5703125 0.7433628318584071
1 0.9 0.11209439528023597 0.921875 0.11209439528023597 0.921875 0.1533923303834808 0.9 0.1533923303834808
1 0.5078125 0.02654867256637168 0.53125 0.02654867256637168 0.53125 0.07079646017699115 0.5078125 0.07079646017699115
1 0.571875 0.4454277286135692 0.5953125 0.4454277286135692 0.5953125 0.4867256637168141 0.571875 0.4867256637168141
1 0.246875 0.11504424778761062 0.2671875 0.11504424778761062 0.2671875 0.1504424778761062 0.246875 0.1504424778761062
1 0.246875 0.5309734513274337 0.2671875 0.5309734513274337 0.2671875 0.5693215339233039 0.246875 0.5693215339233039
1 0.7671875 0.10619469026548672 0.79375 0.10619469026548672 0.79375 0.15634218289085547 0.7671875 0.15634218289085547
1 0.509375 0.528023598820059 0.5296875 0.528023598820059 0.5296875 0.5693215339233039 0.509375 0.5693215339233039
1 0.571875 0.10914454277286138 0.5953125 0.10914454277286138 0.5953125 0.15634218289085547 0.571875 0.15634218289085547
2 0.8984375 0.19469026548672566 0.91875 0.19469026548672566 0.91875 0.23893805309734514 0.8984375 0.23893805309734514
2 0.703125 0.11209439528023597 0.728125 0.11209439528023597 0.728125 0.15634218289085544 0.703125 0.15634218289085544
2 0.7890625 0.8643067846607672 0.8125 0.8643067846607672 0.8125 0.9056047197640119 0.7890625 0.9056047197640119
2 0.5734375 0.616519174041298 0.5953125 0.616519174041298 0.5953125 0.6578171091445427 0.5734375 0.6578171091445427
2 0.6375 0.6135693215339233 0.6625 0.6135693215339233 0.6625 0.6578171091445427 0.6375 0.6578171091445427
2 0.7703125 0.6135693215339233 0.79375 0.6135693215339233 0.79375 0.6578171091445427 0.7703125 0.6578171091445427
2 0.6359375 0.6932153392330384 0.6625 0.6932153392330384 0.6625 0.7433628318584071 0.6359375 0.7433628318584071
2 0.44375 0.616519174041298 0.465625 0.616519174041298 0.465625 0.6548672566371682 0.44375 0.6548672566371682
2 0.3765625 0.5250737463126843 0.4015625 0.5250737463126843 0.4015625 0.5722713864306784 0.3765625 0.5722713864306784
1 0.4421875 0.9262536873156342 0.46875 0.9262536873156342 0.46875 0.976401179941003 0.4421875 0.976401179941003
1 0.771875 0.8613569321533924 0.7921875 0.8613569321533924 0.7921875 0.9056047197640118 0.771875 0.9056047197640118
2 0.9 0.616519174041298 0.9203125 0.616519174041298 0.9203125 0.6548672566371682 0.9 0.6548672566371682
2 0.2453125 0.27728613569321536 0.26875 0.27728613569321536 0.26875 0.32153392330383485 0.2453125 0.32153392330383485
1 0.3109375 0.2713864306784661 0.334375 0.2713864306784661 0.334375 0.3185840707964602 0.3109375 0.3185840707964602
2 0.8359375 0.6135693215339233 0.8578125 0.6135693215339233 0.8578125 0.6548672566371682 0.8359375 0.6548672566371682
2 0.50625 0.10914454277286138 0.5328125 0.10914454277286138 0.5328125 0.15634218289085547 0.50625 0.15634218289085547
1 0.7890625 0.9292035398230089 0.8171875 0.9292035398230089 0.8171875 0.9823008849557522 0.7890625 0.9823008849557522
