1 0.20411985018726594 0.5673758865248227 0.22284644194756556 0.5673758865248227 0.22284644194756556 0.6028368794326241 0.20411985018726594 0.6028368794326241
1 0.5187265917602997 0.5673758865248227 0.5355805243445693 0.5673758865248227 0.5355805243445693 0.6028368794326241 0.5187265917602997 0.6028368794326241
0 0.5819316460686633 0.46808510638297873 0.6029962546816479 0.46808510638297873 0.6029962546816479 0.5070921985815603 0.5819316460686633 0.5070921985815603
1 0.08239700374531835 0.5673758865248227 0.10112359550561796 0.5673758865248227 0.10112359550561796 0.6028368794326241 0.08239700374531835 0.6028368794326241
0 0.3370786516853933 0.5602836879432624 0.3576779026217229 0.5602836879432624 0.3576779026217229 0.6028368794326241 0.3370786516853933 0.6028368794326241
0 0.6067415730337079 0.7056737588652482 0.6273408239700374 0.7056737588652482 0.6273408239700374 0.7446808510638298 0.6067415730337079 0.7446808510638298
1 0.7434456928838952 0.5673758865248227 0.7602996254681648 0.5673758865248227 0.7602996254681648 0.5957446808510638 0.7434456928838952 0.5957446808510638
0 0.6591760299625468 0.7056737588652482 0.6779026217228463 0.7056737588652482 0.6779026217228463 0.7446808510638298 0.6591760299625468 0.7446808510638298
1 0.20411985018726594 0.8971631205673759 0.22284644194756556 0.8971631205673759 0.22284644194756556 0.9290780141843972 0.20411985018726594 0.9290780141843972
0 0.449438202247191 0.5602836879432624 0.4700374531835206 0.5602836879432624 0.4700374531835206 0.6028368794326241 0.449438202247191 0.6028368794326241
1 0.1947565543071161 0.046099290780141834 0.20973782771535582 0.046099290780141834 0.20973782771535582 0.07801418439716311 0.1947565543071161 0.07801418439716311
1 0.6515718609566157 0.23116267641903035 0.6646804751888254 0.23116267641903035 0.6646804751888254 0.25598537145449135 0.6515718609566157 0.25598537145449135
1 0.1947565543071161 0.20567375886524822 0.21161048689138576 0.20567375886524822 0.21161048689138576 0.2375886524822695 0.1947565543071161 0.2375886524822695
1 0.6086142322097379 0.8971631205673759 0.6273408239700374 0.8971631205673759 0.6273408239700374 0.9290780141843972 0.6086142322097379 0.9290780141843972
1 0.45131086142322097 0.6312056737588653 0.4700374531835206 0.6312056737588653 0.4700374531835206 0.6666666666666666 0.45131086142322097 0.6666666666666666
1 0.6479400749063671 0.046099290780141834 0.6647940074906367 0.046099290780141834 0.6647940074906367 0.07801418439716311 0.6479400749063671 0.07801418439716311
1 0.5187265917602997 0.8971631205673759 0.5355805243445693 0.8971631205673759 0.5355805243445693 0.9290780141843972 0.5187265917602997 0.9290780141843972
1 0.6610486891385767 0.8971631205673759 0.6760299625468165 0.8971631205673759 0.6760299625468165 0.9290780141843972 0.6610486891385767 0.9290780141843972
1 0.6123595505617978 0.6312056737588653 0.6273408239700374 0.6312056737588653 0.6273408239700374 0.6631205673758865 0.6123595505617978 0.6631205673758865
1 0.8801498127340824 0.8971631205673759 0.898876404494382 0.8971631205673759 0.898876404494382 0.9290780141843972 0.8801498127340824 0.9290780141843972
1 0.20411985018726594 0.7872340425531915 0.22284644194756556 0.7872340425531915 0.22284644194756556 0.8226950354609929 0.20411985018726594 0.8226950354609929
1 0.8745318352059925 0.5070921985815603 0.8913857677902621 0.5070921985815603 0.8913857677902621 0.5390070921985816 0.8745318352059925 0.5390070921985816
1 0.3370786516853933 0.8936170212765957 0.3576779026217229 0.8936170212765957 0.3576779026217229 0.9326241134751773 0.3370786516853933 0.9326241134751773
1 0.8745318352059925 0.046099290780141834 0.8895131086142322 0.046099290780141834 0.8895131086142322 0.07801418439716311 0.8745318352059925 0.07801418439716311
1 0.13857677902621723 0.8936170212765957 0.15730337078651685 0.8936170212765957 0.15730337078651685 0.9290780141843972 0.13857677902621723 0.9290780141843972
0 0.6460674157303372 0.46808510638297873 0.6666666666666667 0.46808510638297873 0.6666666666666667 0.5070921985815603 0.6460674157303372 0.5070921985815603
1 0.6610486891385767 0.5673758865248227 0.6760299625468165 0.5673758865248227 0.6760299625468165 0.599290780141844 0.6610486891385767 0.599290780141844
1 0.8726591760299626 0.400709219858156 0.8913857677902621 0.400709219858156 0.8913857677902621 0.43971631205673756 0.8726591760299626 0.43971631205673756
1 0.7247191011235955 0.8971631205673759 0.7415730337078652 0.8971631205673759 0.7415730337078652 0.9290780141843972 0.7247191011235955 0.9290780141843972
1 0.3389513108614232 0.046099290780141834 0.35580524344569286 0.046099290780141834 0.35580524344569286 0.07801418439716311 0.3389513108614232 0.07801418439716311
1 0.8726591760299626 0.3120567375886525 0.8895131086142322 0.3120567375886525 0.8895131086142322 0.34397163120567376 0.8726591760299626 0.34397163120567376
0 0.13670411985018727 0.4184397163120568 0.15730337078651685 0.4184397163120568 0.15730337078651685 0.46099290780141844 0.13670411985018727 0.46099290780141844
1 0.7640449438202246 0.45390070921985815 0.7808988764044943 0.45390070921985815 0.7808988764044943 0.4858156028368794 0.7640449438202246 0.4858156028368794
0 0.7247191011235955 0.7056737588652482 0.7434456928838952 0.7056737588652482 0.7434456928838952 0.7446808510638298 0.7247191011235955 0.7446808510638298
1 0.7640449438202246 0.8971631205673759 0.7808988764044943 0.8971631205673759 0.7808988764044943 0.9290780141843972 0.7640449438202246 0.9290780141843972
1 0.7640449438202246 0.7163120567375887 0.7790262172284643 0.7163120567375887 0.7790262172284643 0.7446808510638298 0.7640449438202246 0.7446808510638298
1 0.13857677902621723 0.7198581560283688 0.15543071161048688 0.7198581560283688 0.15543071161048688 0.75177304964539 0.13857677902621723 0.75177304964539
1 0.24344569288389514 0.13120567375886524 0.25842696629213485 0.13120567375886524 0.25842696629213485 0.1595744680851064 0.24344569288389514 0.1595744680851064
1 0.8146067415730337 0.4042553191489361 0.8333333333333334 0.4042553191489361 0.8333333333333334 0.4397163120567375 0.8146067415730337 0.4397163120567375
1 0.7153558052434457 0.39361702127659576 0.7303370786516854 0.39361702127659576 0.7303370786516854 0.4219858156028369 0.7153558052434457 0.4219858156028369
1 0.8146067415730337 0.8936170212765957 0.8333333333333334 0.8936170212765957 0.8333333333333334 0.9290780141843972 0.8146067415730337 0.9290780141843972
1 0.8146067415730337 0.7092198581560284 0.8333333333333334 0.7092198581560284 0.8333333333333334 0.7446808510638298 0.8146067415730337 0.7446808510638298
1 0.3389513108614232 0.5212765957446809 0.35767790262172283 0.5212765957446809 0.35767790262172283 0.5567375886524822 0.3389513108614232 0.5567375886524822
1 0.552434456928839 0.04964539007092199 0.5674157303370787 0.04964539007092199 0.5674157303370787 0.07801418439716312 0.552434456928839 0.07801418439716312
1 0.45131086142322097 0.8936170212765957 0.4700374531835206 0.8936170212765957 0.4700374531835206 0.9326241134751773 0.45131086142322097 0.9326241134751773
1 0.5056179775280899 0.12411347517730496 0.5224719101123596 0.12411347517730496 0.5224719101123596 0.15602836879432624 0.5056179775280899 0.15602836879432624
1 0.6067415730337079 0.1276595744680851 0.6217228464419475 0.1276595744680851 0.6217228464419475 0.1524822695035461 0.6067415730337079 0.1524822695035461
1 0.8146067415730337 0.7943262411347518 0.8314606741573034 0.7943262411347518 0.8314606741573034 0.8226950354609929 0.8146067415730337 0.8226950354609929
0 0.550561797752809 0.11702127659574468 0.5674157303370787 0.11702127659574468 0.5674157303370787 0.1524822695035461 0.550561797752809 0.1524822695035461
1 0.4531835205992509 0.046099290780141834 0.4700374531835205 0.046099290780141834 0.4700374531835205 0.07801418439716311 0.4531835205992509 0.07801418439716311
1 0.39513108614232206 0.6950354609929079 0.4119850187265917 0.6950354609929079 0.4119850187265917 0.7269503546099292 0.39513108614232206 0.7269503546099292
1 0.4531835205992509 0.1773049645390071 0.46816479400749056 0.1773049645390071 0.46816479400749056 0.20921985815602837 0.4531835205992509 0.20921985815602837
0 0.550561797752809 0.2198581560283688 0.5674157303370787 0.2198581560283688 0.5674157303370787 0.2553191489361702 0.550561797752809 0.2553191489361702
1 0.7153558052434457 0.1950354609929078 0.7303370786516854 0.1950354609929078 0.7303370786516854 0.22695035460992907 0.7153558052434457 0.22695035460992907
1 0.2050617940099858 0.20767242642021158 0.22378838577028545 0.20767242642021158 0.22378838577028545 0.24313341932801297 0.2050617940099858 0.24313341932801297
1 0.15355805243445692 0.42907801418439717 0.17041198501872656 0.42907801418439717 0.17041198501872656 0.46099290780141844 0.15355805243445692 0.46099290780141844
0 0.27715355805243447 0.12411347517730496 0.29213483146067415 0.12411347517730496 0.29213483146067415 0.15602836879432624 0.27715355805243447 0.15602836879432624
0 0.13857677902621723 0.20212765957446804 0.15543071161048688 0.20212765957446804 0.15543071161048688 0.2340425531914893 0.13857677902621723 0.2340425531914893
1 0.5049143267784024 0.5718244574538964 0.5172856048526948 0.5718244574538964 0.5172856048526948 0.6017194210951573 0.5049143267784024 0.6017194210951573
0 0.25280898876404495 0.8865248226950354 0.2752808988764045 0.8865248226950354 0.2752808988764045 0.925531914893617 0.25280898876404495 0.925531914893617
0 0.8127340823970037 0.5851063829787234 0.8333333333333334 0.5851063829787234 0.8333333333333334 0.624113475177305 0.8127340823970037 0.624113475177305
0 0.6479400749063671 0.1879432624113475 0.6666666666666666 0.1879432624113475 0.6666666666666666 0.22695035460992907 0.6479400749063671 0.22695035460992907
0 0.20224719101123592 0.5177304964539007 0.2228464419475655 0.5177304964539007 0.2228464419475655 0.5567375886524822 0.20224719101123592 0.5567375886524822
0 0.2768865700020211 0.04530313124583611 0.2937741879945205 0.04530313124583611 0.2937741879945205 0.072618254497002 0.2768865700020211 0.072618254497002
