2 0.34984520123839 0.3102866779089376 0.3746130030959751 0.3102866779089376 0.3746130030959751 0.33558178752107926 0.34984520123839 0.33558178752107926
2 0.18885448916408668 0.49409780775716705 0.21207430340557276 0.49409780775716705 0.21207430340557276 0.5177065767284993 0.18885448916408668 0.5177065767284993
2 0.5464396284829721 0.49072512647554795 0.5696594427244582 0.49072512647554795 0.5696594427244582 0.5160202360876897 0.5464396284829721 0.5160202360876897
2 0.4535603715170279 0.16694772344013495 0.47832817337461303 0.16694772344013495 0.47832817337461303 0.1922428330522766 0.4535603715170279 0.1922428330522766
2 0.35294117647058826 0.16694772344013495 0.3777089783281734 0.16694772344013495 0.3777089783281734 0.19392917369308604 0.35294117647058826 0.19392917369308604
2 0.5510835913312694 0.16694772344013495 0.5743034055727554 0.16694772344013495 0.5743034055727554 0.19392917369308604 0.5510835913312694 0.19392917369308604
2 0.541795665634675 0.806070826306914 0.5712074303405573 0.806070826306914 0.5712074303405573 0.8397976391231029 0.541795665634675 0.8397976391231029
2 0.3405572755417957 0.8094435075885329 0.36532507739938086 0.8094435075885329 0.36532507739938086 0.836424957841484 0.3405572755417957 0.836424957841484
2 0.18421052631578946 0.16694772344013495 0.21052631578947367 0.16694772344013495 0.21052631578947367 0.19392917369308604 0.18421052631578946 0.19392917369308604
2 0.6888544891640866 0.4300168634064081 0.7105263157894737 0.4300168634064081 0.7105263157894737 0.45193929173693087 0.6888544891640866 0.45193929173693087
2 0.17956656346749222 0.8111298482293424 0.20588235294117643 0.8111298482293424 0.20588235294117643 0.8381112984822935 0.17956656346749222 0.8381112984822935
2 0.6826625386996903 0.8094435075885329 0.7089783281733745 0.8094435075885329 0.7089783281733745 0.836424957841484 0.6826625386996903 0.836424957841484
2 0.34365325077399383 0.5666104553119731 0.368421052631579 0.5666104553119731 0.368421052631579 0.5952782462057337 0.34365325077399383 0.5952782462057337
