2 0.8865010073875084 0.32986111111111105 0.8992612491605104 0.32986111111111105 0.8992612491605104 0.36111111111111105 0.8865010073875084 0.36111111111111105
2 0.0671591672263264 0.4375 0.07924781732706515 0.4375 0.07924781732706515 0.4670138888888889 0.0671591672263264 0.4670138888888889
2 0.6776359973136333 0.578125 0.6903962390866353 0.578125 0.6903962390866353 0.6076388888888888 0.6776359973136333 0.6076388888888888
2 0.18938885157824042 0.4409722222222222 0.20013431833445267 0.4409722222222222 0.20013431833445267 0.4652777777777778 0.18938885157824042 0.4652777777777778
2 0.5372733378106112 0.8211805555555556 0.5473472128945601 0.8211805555555556 0.5473472128945601 0.8506944444444444 0.5372733378106112 0.8506944444444444
1 0.25386165211551376 0.3940972222222222 0.2639355271994627 0.3940972222222222 0.2639355271994627 0.4201388888888889 0.25386165211551376 0.4201388888888889
1 0.132303559435863 0.5208333333333334 0.1430490261920752 0.5208333333333334 0.1430490261920752 0.546875 0.132303559435863 0.546875
2 0.15648085963734049 0.78125 0.16789791806581597 0.78125 0.16789791806581597 0.8090277777777778 0.15648085963734049 0.8090277777777778
2 0.2531900604432505 0.6024305555555556 0.26527871054398927 0.6024305555555556 0.26527871054398927 0.6319444444444444 0.2531900604432505 0.6319444444444444
2 0.18938885157824042 0.6024305555555556 0.2008059100067159 0.6024305555555556 0.2008059100067159 0.6336805555555556 0.18938885157824042 0.6336805555555556
2 0.8871725990597716 0.44791666666666674 0.8979180658159839 0.44791666666666674 0.8979180658159839 0.47569444444444453 0.8871725990597716 0.47569444444444453
1 0.13364674278038952 0.39236111111111105 0.14237743451981194 0.39236111111111105 0.14237743451981194 0.42013888888888884 0.13364674278038952 0.42013888888888884
2 0.09939556749496306 0.7777777777777779 0.11282740094022835 0.7777777777777779 0.11282740094022835 0.810763888888889 0.09939556749496306 0.810763888888889
1 0.679650772330423 0.6857638888888888 0.6910678307588985 0.6857638888888888 0.6910678307588985 0.7170138888888888 0.679650772330423 0.7170138888888888
2 0.8233713901947616 0.48958333333333326 0.8341168569509738 0.48958333333333326 0.8341168569509738 0.5190972222222221 0.8233713901947616 0.5190972222222221
2 0.3962390866353257 0.5902777777777778 0.40698455339153794 0.5902777777777778 0.40698455339153794 0.6197916666666666 0.3962390866353257 0.6197916666666666
2 0.3237071860308932 0.78125 0.3364674278038952 0.78125 0.3364674278038952 0.8107638888888888 0.3237071860308932 0.8107638888888888
2 0.10006715916722633 0.8177083333333335 0.11148421759570182 0.8177083333333335 0.11148421759570182 0.8506944444444446 0.10006715916722633 0.8506944444444446
2 0.10006715916722633 0.3090277777777778 0.11148421759570182 0.3090277777777778 0.11148421759570182 0.3385416666666667 0.10006715916722633 0.3385416666666667
2 0.3398253861652115 0.6284722222222222 0.35124244459368703 0.6284722222222222 0.35124244459368703 0.65625 0.3398253861652115 0.65625
1 0.3656764994575605 0.8237713675213678 0.37606033992870797 0.8237713675213678 0.37606033992870797 0.8489049145299143 0.3656764994575605 0.8489049145299143
1 0.10073875083948959 0.39236111111111105 0.11148421759570182 0.39236111111111105 0.11148421759570182 0.42187499999999994 0.10073875083948959 0.42187499999999994
2 0.7118871725990598 0.3090277777777778 0.7233042310275353 0.3090277777777778 0.7233042310275353 0.3385416666666667 0.7118871725990598 0.3385416666666667
1 0.0671591672263264 0.5208333333333334 0.07991940899932841 0.5208333333333334 0.07991940899932841 0.5520833333333334 0.0671591672263264 0.5520833333333334
2 0.36400268636668903 0.78125 0.3767629281396911 0.78125 0.3767629281396911 0.8107638888888888 0.36400268636668903 0.8107638888888888
2 0.8220282068502349 0.16666666666666663 0.8327736736064472 0.16666666666666663 0.8327736736064472 0.1961805555555555 0.8220282068502349 0.1961805555555555
2 0.44593687038280727 0.5920138888888888 0.45668233713901946 0.5920138888888888 0.45668233713901946 0.6197916666666666 0.44593687038280727 0.6197916666666666
2 0.6783075889858966 0.4878472222222222 0.6924110141034251 0.4878472222222222 0.6924110141034251 0.5190972222222222 0.6783075889858966 0.5190972222222222
1 0.445265278710544 0.5277777777777778 0.45668233713901946 0.5277777777777778 0.45668233713901946 0.5555555555555556 0.445265278710544 0.5555555555555556
1 0.8233713901947616 0.32986111111111105 0.8341168569509738 0.32986111111111105 0.8341168569509738 0.35937499999999994 0.8233713901947616 0.35937499999999994
2 0.8871725990597716 0.4878472222222222 0.8985896574882472 0.4878472222222222 0.8985896574882472 0.5190972222222222 0.8871725990597716 0.5190972222222222
1 0.506380120886501 0.5277777777777778 0.5157824042981867 0.5277777777777778 0.5157824042981867 0.5520833333333334 0.506380120886501 0.5520833333333334
2 0.2531900604432505 0.5833333333333334 0.2639355271994627 0.5833333333333334 0.2639355271994627 0.6076388888888888 0.2531900604432505 0.6076388888888888
2 0.628609805238415 0.5798611111111112 0.6400268636668905 0.5798611111111112 0.6400268636668905 0.609375 0.628609805238415 0.609375
2 0.8865010073875084 0.16493055555555552 0.8979180658159839 0.16493055555555552 0.8979180658159839 0.19618055555555552 0.8865010073875084 0.19618055555555552
2 0.6789791806581599 0.5302617521367521 0.6910678307588985 0.5302617521367521 0.6910678307588985 0.5563034188034188 0.6789791806581599 0.5563034188034188
1 0.39691067830758897 0.48958333333333326 0.4076561450638012 0.48958333333333326 0.4076561450638012 0.5190972222222221 0.39691067830758897 0.5190972222222221
1 0.18871725990597712 0.5208333333333334 0.20080591000671588 0.5208333333333334 0.20080591000671588 0.5503472222222222 0.18871725990597712 0.5503472222222222
1 0.3398253861652115 0.5902777777777778 0.35124244459368703 0.5902777777777778 0.35124244459368703 0.6163194444444444 0.3398253861652115 0.6163194444444444
1 0.2531900604432505 0.5225694444444444 0.2639355271994627 0.5225694444444444 0.2639355271994627 0.546875 0.2531900604432505 0.546875
2 0.4445936870382808 0.4878472222222222 0.45735392881128284 0.4878472222222222 0.45735392881128284 0.5190972222222222 0.4445936870382808 0.5190972222222222
2 0.6265950302216252 0.4878472222222222 0.6406984553391538 0.4878472222222222 0.6406984553391538 0.5190972222222222 0.6265950302216252 0.5190972222222222
2 0.7427803895231699 0.5243055555555556 0.7555406312961719 0.5243055555555556 0.7555406312961719 0.5572916666666666 0.7427803895231699 0.5572916666666666
2 0.41974479516453994 0.78125 0.4318334452652787 0.78125 0.4318334452652787 0.8107638888888888 0.41974479516453994 0.8107638888888888
1 0.8851578240429818 0.2586805555555556 0.8972464741437206 0.2586805555555556 0.8972464741437206 0.2881944444444444 0.8851578240429818 0.2881944444444444
1 0.06648757555406314 0.6024305555555556 0.07991940899932842 0.6024305555555556 0.07991940899932842 0.6336805555555556 0.06648757555406314 0.6336805555555556
2 0.32505036937541976 0.8194444444444444 0.33445265278710545 0.8194444444444444 0.33445265278710545 0.8489583333333334 0.32505036937541976 0.8489583333333334
1 0.7421087978509067 0.486111111111111 0.7562122229684352 0.486111111111111 0.7562122229684352 0.5190972222222221 0.7421087978509067 0.5190972222222221
1 0.2860773880250038 0.7829326923076922 0.2954796714366895 0.7829326923076922 0.2954796714366895 0.808974358974359 0.2860773880250038 0.808974358974359
1 0.15704912951387096 0.8222222222222222 0.16895180038229063 0.8222222222222222 0.16895180038229063 0.8504273504273505 0.15704912951387096 0.8504273504273505
1 0.22086067055845432 0.7478632478632479 0.23342460091956396 0.7478632478632479 0.23342460091956396 0.7726495726495728 0.22086067055845432 0.7726495726495728
1 0.5372733378106112 0.7452991452991453 0.548184119439996 0.7452991452991453 0.548184119439996 0.7752136752136752 0.5372733378106112 0.7752136752136752
1 0.6397685591775585 0.747008547008547 0.6486955623288733 0.747008547008547 0.6486955623288733 0.7700854700854701 0.6397685591775585 0.7700854700854701
1 0.7250710337345663 0.7487179487179487 0.734989926124916 0.7487179487179487 0.734989926124916 0.7726495726495727 0.7250710337345663 0.7726495726495727
1 0.7792943121351448 0.6059829059829059 0.7895438342718394 0.6059829059829059 0.7895438342718394 0.6341880341880342 0.7792943121351448 0.6341880341880342
1 0.8245905873844087 0.6059829059829059 0.8338482202820686 0.6059829059829059 0.8338482202820686 0.6333333333333333 0.8245905873844087 0.6333333333333333
1 0.8560004132871829 0.7418803418803419 0.8662499354238775 0.7418803418803419 0.8662499354238775 0.7735042735042735 0.8560004132871829 0.7735042735042735
1 0.8827814227411274 0.8829059829059829 0.893361574624167 0.8829059829059829 0.893361574624167 0.9085470085470086 0.8827814227411274 0.9085470085470086
1 0.8867489796972672 0.6025641025641025 0.8986516505656869 0.6025641025641025 0.8986516505656869 0.635042735042735 0.8867489796972672 0.635042735042735
1 0.933367773931911 0.6068376068376068 0.9419641473368806 0.6068376068376068 0.9419641473368806 0.6316239316239316 0.933367773931911 0.6316239316239316
1 0.8232680683990288 0.39572649572649576 0.8335175905357235 0.39572649572649576 0.8335175905357235 0.42136752136752137 0.8232680683990288 0.42136752136752137
1 0.8563310430335279 0.3965811965811966 0.8659193056775326 0.3965811965811966 0.8659193056775326 0.4205128205128205 0.8563310430335279 0.4205128205128205
1 0.889063387921682 0.39572649572649576 0.897329131580307 0.39572649572649576 0.897329131580307 0.42136752136752137 0.889063387921682 0.42136752136752137
1 0.22185255979748925 0.4717948717948717 0.23210208193418402 0.4717948717948717 0.23210208193418402 0.4982905982905982 0.22185255979748925 0.4982905982905982
1 0.25392364519295346 0.47435897435897423 0.26384253758330317 0.47435897435897423 0.26384253758330317 0.49914529914529904 0.25392364519295346 0.49914529914529904
1 0.2532623857002635 0.5487179487179488 0.2641731673296482 0.5487179487179488 0.2641731673296482 0.5752136752136752 0.2532623857002635 0.5752136752136752
1 0.1897814744020251 0.5786324786324787 0.20135351552409977 0.5786324786324787 0.20135351552409977 0.6017094017094017 0.1897814744020251 0.6017094017094017
1 0.1897814744020251 0.4726495726495725 0.20036162628506485 0.4726495726495725 0.20036162628506485 0.49914529914529904 0.1897814744020251 0.49914529914529904
1 0.22152193005114432 0.3965811965811966 0.23177145218783904 0.3965811965811966 0.23177145218783904 0.4239316239316239 0.22152193005114432 0.4239316239316239
1 0.1901121041483701 0.3965811965811966 0.20003099653871986 0.3965811965811966 0.20003099653871986 0.4188034188034188 0.1901121041483701 0.4188034188034188
1 0.06844035749341323 0.39572649572649576 0.07868987963010797 0.39572649572649576 0.07868987963010797 0.41965811965811967 0.06844035749341323 0.41965811965811967
1 0.7128377331198016 0.2222222222222222 0.7234178850028413 0.2222222222222222 0.7234178850028413 0.25384615384615383 0.7128377331198016 0.25384615384615383
1 0.22086067055845432 0.22307692307692306 0.23210208193418402 0.22307692307692306 0.23210208193418402 0.2529914529914529 0.22086067055845432 0.2529914529914529
2 0.22152193005114432 0.31025641025641026 0.23210208193418402 0.31025641025641026 0.23210208193418402 0.341025641025641 0.22152193005114432 0.341025641025641
2 0.1699436896213256 0.31196581196581197 0.18019321175802036 0.31196581196581197 0.18019321175802036 0.34188034188034183 0.1699436896213256 0.34188034188034183
1 0.10084207263522238 0.2239316239316239 0.1120834840109521 0.2239316239316239 0.1120834840109521 0.2555555555555555 0.10084207263522238 0.2555555555555555
1 0.5683525339670403 0.49230769230769234 0.58025520483546 0.49230769230769234 0.58025520483546 0.517948717948718 0.5683525339670403 0.517948717948718
1 0.6033992870796094 0.5777777777777777 0.6146406984553392 0.5777777777777777 0.6146406984553392 0.6068376068376068 0.6033992870796094 0.6068376068376068
1 0.6275352585627938 0.5307692307692308 0.6397685591775585 0.5307692307692308 0.6397685591775585 0.5572649572649573 0.6275352585627938 0.5572649572649573
2 0.5686831637133853 0.5316239316239316 0.58091646432815 0.5316239316239316 0.58091646432815 0.5581196581196581 0.5686831637133853 0.5581196581196581
2 0.5690137934597304 0.5794871794871795 0.5792633155964251 0.5794871794871795 0.5792633155964251 0.6068376068376068 0.5690137934597304 0.6068376068376068
1 0.6797747584853024 0.6196581196581197 0.6913467996073772 0.6196581196581197 0.6913467996073772 0.6461538461538461 0.6797747584853024 0.6461538461538461
1 0.5379345973033012 0.6307692307692307 0.5478534896936509 0.6307692307692307 0.5478534896936509 0.6589743589743589 0.5379345973033012 0.6589743589743589
1 0.5696750529524203 0.6316239316239316 0.5799245750891151 0.6316239316239316 0.5799245750891151 0.6555555555555554 0.5696750529524203 0.6555555555555554
1 0.504871622668802 0.6299145299145299 0.5154517745518417 0.6299145299145299 0.5154517745518417 0.658119658119658 0.504871622668802 0.658119658119658
1 0.06711783850803327 0.4717948717948717 0.08001239861548792 0.4717948717948717 0.08001239861548792 0.49914529914529904 0.06711783850803327 0.49914529914529904
1 0.10051144288887741 0.4717948717948717 0.11208348401095211 0.4717948717948717 0.11208348401095211 0.4999999999999999 0.10051144288887741 0.4999999999999999
1 0.13258252828434158 0.4726495726495725 0.1438239396600713 0.4726495726495725 0.1438239396600713 0.4999999999999999 0.13258252828434158 0.4999999999999999
1 0.13192126879165159 0.6333333333333333 0.14448519915276128 0.6333333333333333 0.14448519915276128 0.6555555555555554 0.13192126879165159 0.6555555555555554
1 0.10051144288887741 0.7452991452991453 0.11274474350364211 0.7452991452991453 0.11274474350364211 0.7726495726495727 0.10051144288887741 0.7726495726495727
2 0.1315906390453066 0.6059829059829059 0.1438239396600713 0.6059829059829059 0.1438239396600713 0.6307692307692307 0.1315906390453066 0.6307692307692307
1 0.309469442578912 0.629059829059829 0.32104148370098673 0.629059829059829 0.32104148370098673 0.6598290598290597 0.309469442578912 0.6598290598290597
1 0.32467841091078165 0.7444444444444445 0.33691171152554633 0.7444444444444445 0.33691171152554633 0.7735042735042735 0.32467841091078165 0.7735042735042735
2 0.7452394482616109 0.16752136752136748 0.7558196001446505 0.16752136752136748 0.7558196001446505 0.19487179487179487 0.7452394482616109 0.19487179487179487
2 0.6814279072170274 0.16752136752136748 0.6906855401146873 0.16752136752136748 0.6906855401146873 0.19401709401709402 0.6814279072170274 0.19401709401709402
2 0.6285271478018288 0.16752136752136748 0.6394379294312135 0.16752136752136748 0.6394379294312135 0.19316239316239317 0.6285271478018288 0.19316239316239317
2 0.4480033062974635 0.16752136752136748 0.4562690499560883 0.16752136752136748 0.4562690499560883 0.19487179487179487 0.4480033062974635 0.19487179487179487
2 0.3977475848530248 0.16923076923076924 0.40799710698971947 0.16923076923076924 0.40799710698971947 0.1948717948717949 0.3977475848530248 0.1948717948717949
2 0.2542542749392984 0.16923076923076924 0.26384253758330317 0.16923076923076924 0.26384253758330317 0.19230769230769235 0.2542542749392984 0.19230769230769235
2 0.1907733636410601 0.17264957264957265 0.19970036679237482 0.17264957264957265 0.19970036679237482 0.19401709401709405 0.1907733636410601 0.19401709401709405
2 0.13390504726972155 0.1700854700854701 0.14217079092834634 0.1700854700854701 0.14217079092834634 0.1948717948717949 0.13390504726972155 0.1948717948717949
2 0.0697628764787932 0.17094017094017094 0.07868987963010797 0.17094017094017094 0.07868987963010797 0.1948717948717949 0.0697628764787932 0.1948717948717949
