0 0.2562358276643991 0.22133333333333333 0.2709750566893424 0.22133333333333333 0.2709750566893424 0.2533333333333333 0.2562358276643991 0.2533333333333333
1 0.6643990929705216 0.10666666666666666 0.6746031746031746 0.10666666666666666 0.6746031746031746 0.13066666666666665 0.6643990929705216 0.13066666666666665
1 0.8673469387755103 0.104 0.8775510204081632 0.104 0.8775510204081632 0.128 0.8673469387755103 0.128
1 0.8662131519274376 0.35466666666666663 0.8786848072562359 0.35466666666666663 0.8786848072562359 0.384 0.8662131519274376 0.384
2 0.0963718820861678 0.48533333333333334 0.10770975056689343 0.48533333333333334 0.10770975056689343 0.5066666666666666 0.0963718820861678 0.5066666666666666
1 0.8673469387755103 0.5306666666666666 0.8775510204081632 0.5306666666666666 0.8775510204081632 0.5546666666666666 0.8673469387755103 0.5546666666666666
1 0.5827664399092971 0.48533333333333334 0.5941043083900227 0.48533333333333334 0.5941043083900227 0.5093333333333333 0.5827664399092971 0.5093333333333333
1 0.663265306122449 0.48 0.6757369614512472 0.48 0.6757369614512472 0.512 0.663265306122449 0.512
1 0.46258503401360546 0.5306666666666666 0.47278911564625853 0.5306666666666666 0.47278911564625853 0.5546666666666666 0.46258503401360546 0.5546666666666666
1 0.7448979591836735 0.48266666666666663 0.7573696145124716 0.48266666666666663 0.7573696145124716 0.5093333333333333 0.7448979591836735 0.5093333333333333
1 0.2585034013605442 0.48266666666666663 0.2698412698412698 0.48266666666666663 0.2698412698412698 0.5093333333333333 0.2585034013605442 0.5093333333333333
2 0.33900226757369617 0.48266666666666663 0.34920634920634924 0.48266666666666663 0.34920634920634924 0.5066666666666666 0.33900226757369617 0.5066666666666666
1 0.17800453514739228 0.48266666666666663 0.1904761904761905 0.48266666666666663 0.1904761904761905 0.5093333333333333 0.17800453514739228 0.5093333333333333
2 0.6247165532879819 0.7413333333333333 0.6326530612244898 0.7413333333333333 0.6326530612244898 0.76 0.6247165532879819 0.76
2 0.21882086167800455 0.7386666666666667 0.22789115646258504 0.7386666666666667 0.22789115646258504 0.7626666666666666 0.21882086167800455 0.7626666666666666
