1 0.045996592844974454 0.25517241379310346 0.07325383304940375 0.25517241379310346 0.07325383304940375 0.2827586206896552 0.045996592844974454 0.2827586206896552
1 0.6098807495741057 0.5844827586206897 0.6405451448040886 0.5844827586206897 0.6405451448040886 0.6155172413793103 0.6098807495741057 0.6155172413793103
1 0.6098807495741057 0.6758620689655173 0.6405451448040886 0.6758620689655173 0.6405451448040886 0.7051724137931035 0.6098807495741057 0.7051724137931035
1 0.43441226575809194 0.3603448275862069 0.4599659284497445 0.3603448275862069 0.4599659284497445 0.38620689655172413 0.43441226575809194 0.38620689655172413
1 0.8245315161839863 0.5275862068965518 0.8568994889267462 0.5275862068965518 0.8568994889267462 0.560344827586207 0.8245315161839863 0.560344827586207
1 0.2555366269165247 0.6775862068965517 0.282793867120954 0.6775862068965517 0.282793867120954 0.7051724137931035 0.2555366269165247 0.7051724137931035
0 0.42759795570698467 0.23793103448275862 0.47018739352640543 0.23793103448275862 0.47018739352640543 0.2810344827586207 0.42759795570698467 0.2810344827586207
1 0.33560477001703576 0.16896551724137931 0.3628620102214651 0.16896551724137931 0.3628620102214651 0.19310344827586207 0.33560477001703576 0.19310344827586207
1 0.36967632027257236 0.7879310344827586 0.39522998296422485 0.7879310344827586 0.39522998296422485 0.8155172413793104 0.36967632027257236 0.8155172413793104
1 0.8245315161839863 0.5844827586206897 0.8568994889267462 0.5844827586206897 0.8568994889267462 0.6155172413793103 0.8245315161839863 0.6155172413793103
1 0.8262350936967632 0.9120689655172414 0.8551959114139693 0.9120689655172414 0.8551959114139693 0.9413793103448276 0.8262350936967632 0.9413793103448276
1 0.6081771720613288 0.9103448275862069 0.6405451448040886 0.9103448275862069 0.6405451448040886 0.9413793103448276 0.6081771720613288 0.9413793103448276
1 0.82793867120954 0.05517241379310346 0.8551959114139693 0.05517241379310346 0.8551959114139693 0.0810344827586207 0.82793867120954 0.0810344827586207
1 0.2555366269165247 0.9120689655172414 0.282793867120954 0.9120689655172414 0.282793867120954 0.9413793103448276 0.2555366269165247 0.9413793103448276
1 0.14480408858603067 0.16896551724137931 0.16695059625212946 0.16896551724137931 0.16695059625212946 0.19137931034482758 0.14480408858603067 0.19137931034482758
1 0.43270868824531517 0.05517241379310346 0.4616695059625213 0.05517241379310346 0.4616695059625213 0.0810344827586207 0.43270868824531517 0.0810344827586207
1 0.044293015332197615 0.05517241379310346 0.07155025553662692 0.05517241379310346 0.07155025553662692 0.0810344827586207 0.044293015332197615 0.0810344827586207
0 0.42759795570698467 0.3017241379310345 0.4684838160136286 0.3017241379310345 0.4684838160136286 0.3413793103448276 0.42759795570698467 0.3413793103448276
1 0.044293015332197615 0.9120689655172414 0.07495741056218058 0.9120689655172414 0.07495741056218058 0.9431034482758621 0.044293015332197615 0.9431034482758621
