1 0.7533333333333333 0.662 0.7813333333333333 0.662 0.7813333333333333 0.7000000000000001 0.7533333333333333 0.7000000000000001
1 0.528 0.168 0.5559999999999999 0.168 0.5559999999999999 0.21 0.528 0.21
1 0.5613333333333334 0.756 0.5906666666666667 0.756 0.5906666666666667 0.798 0.5613333333333334 0.798
1 0.5613333333333334 0.168 0.5906666666666667 0.168 0.5906666666666667 0.21 0.5613333333333334 0.21
1 0.14533333333333334 0.66 0.17333333333333334 0.66 0.17333333333333334 0.7020000000000001 0.14533333333333334 0.7020000000000001
1 0.5613333333333334 0.05 0.5893333333333333 0.05 0.5893333333333333 0.094 0.5613333333333334 0.094
1 0.24933333333333332 0.168 0.2786666666666667 0.168 0.2786666666666667 0.20800000000000002 0.24933333333333332 0.20800000000000002
1 0.05733333333333333 0.662 0.08133333333333333 0.662 0.08133333333333333 0.6980000000000001 0.05733333333333333 0.6980000000000001
1 0.4573333333333333 0.356 0.48933333333333334 0.356 0.48933333333333334 0.4 0.4573333333333333 0.4
1 0.45866666666666667 0.448 0.488 0.448 0.488 0.49 0.45866666666666667 0.49
1 0.212 0.756 0.24133333333333332 0.756 0.24133333333333332 0.798 0.212 0.798
1 0.212 0.168 0.24 0.168 0.24 0.21 0.212 0.21
1 0.72 0.448 0.748 0.448 0.748 0.49 0.72 0.49
1 0.31466666666666665 0.356 0.3466666666666667 0.356 0.3466666666666667 0.4 0.31466666666666665 0.4
1 0.8613333333333333 0.41400000000000003 0.8893333333333333 0.41400000000000003 0.8893333333333333 0.456 0.8613333333333333 0.456
1 0.72 0.386 0.748 0.386 0.748 0.43 0.72 0.43
1 0.2906666666666667 0.05 0.3213333333333333 0.05 0.3213333333333333 0.094 0.2906666666666667 0.094
1 0.38666666666666666 0.876 0.41466666666666663 0.876 0.41466666666666663 0.918 0.38666666666666666 0.918
1 0.388 0.166 0.416 0.166 0.416 0.20800000000000002 0.388 0.20800000000000002
1 0.6253333333333333 0.66 0.6533333333333333 0.66 0.6533333333333333 0.7000000000000001 0.6253333333333333 0.7000000000000001
1 0.212 0.05 0.24133333333333332 0.05 0.24133333333333332 0.094 0.212 0.094
1 0.388 0.048 0.41733333333333333 0.048 0.41733333333333333 0.094 0.388 0.094
1 0.31466666666666665 0.388 0.344 0.388 0.344 0.432 0.31466666666666665 0.432
2 0.45999999999999996 0.394 0.48666666666666664 0.394 0.48666666666666664 0.428 0.45999999999999996 0.428
2 0.5626666666666666 0.392 0.5866666666666667 0.392 0.5866666666666667 0.428 0.5626666666666666 0.428
2 0.6266666666666666 0.392 0.652 0.392 0.652 0.43 0.6266666666666666 0.43
2 0.5626666666666666 0.452 0.5866666666666667 0.452 0.5866666666666667 0.488 0.5626666666666666 0.488
2 0.6266666666666666 0.452 0.6506666666666666 0.452 0.6506666666666666 0.488 0.6266666666666666 0.488
1 0.316 0.752 0.344 0.752 0.344 0.794 0.316 0.794
1 0.4613333333333333 0.754 0.488 0.754 0.488 0.796 0.4613333333333333 0.796
